Background: 194
(0, 42, 216, 149, 154)
(0, 153, 42, 34, 70)
(185, 131, 67, 60, 224)
(30, 112, 126, 45, 185)
(177, 153, 60, 12, 114)
(157, 0, 76, 31, 225)
(228, 214, 72, 14, 154)
(25, 190, 54, 22, 214)
(193, 115, 53, 13, 116)
(175, 65, 37, 35, 128)
(92, 207, 128, 11, 213)
(77, 157, 54, 10, 93)
(0, 92, 91, 23, 113)
(129, 39, 98, 25, 171)
(34, 62, 88, 24, 186)
(251, 162, 61, 18, 222)
(202, 189, 30, 20, 214)
(82, 25, 48, 34, 140)
(140, 87, 9, 117, 119)
(256, 202, 44, 12, 169)
(0, 61, 18, 92, 107)
(216, 27, 42, 58, 176)
(31, 98, 28, 23, 176)
(243, 185, 57, 12, 178)
(136, 137, 18, 26, 219)
(19, 165, 39, 11, 68)
(69, 168, 69, 13, 194)
(171, 166, 88, 17, 233)
(64, 182, 39, 8, 86)
(141, 101, 17, 24, 100)
(180, 54, 20, 11, 131)
(159, 188, 11, 6, 231)
(101, 102, 24, 19, 214)
(264, 107, 36, 32, 206)
(116, 0, 20, 27, 135)
(101, 74, 13, 33, 201)
(37, 178, 17, 12, 183)
(56, 167, 15, 6, 101)
(101, 134, 43, 8, 113)
(192, 83, 36, 36, 124)
(108, 191, 8, 14, 97)
(216, 83, 14, 29, 156)
(217, 221, 83, 4, 145)
(228, 208, 36, 10, 183)
(122, 191, 22, 6, 102)
(172, 190, 21, 6, 139)
(194, 162, 14, 24, 239)
(280, 71, 17, 35, 173)
(232, 144, 39, 19, 205)
(227, 43, 53, 17, 190)
(52, 219, 43, 7, 174)
(177, 141, 26, 11, 213)
(41, 78, 25, 5, 208)
(222, 69, 39, 12, 155)
(144, 29, 26, 22, 198)
(289, 218, 11, 7, 113)
(262, 153, 37, 8, 182)
(247, 0, 52, 35, 181)
(230, 109, 15, 11, 148)
(63, 42, 22, 15, 201)
(295, 96, 4, 6, 218)
(140, 211, 39, 8, 223)
(128, 173, 4, 27, 233)
(50, 0, 64, 26, 207)
(244, 198, 19, 4, 224)
(67, 133, 29, 3, 118)
(184, 108, 33, 17, 112)
(250, 0, 50, 15, 168)
(52, 119, 90, 10, 203)
(159, 192, 4, 10, 82)
(100, 153, 13, 9, 232)
(151, 163, 4, 24, 232)
(39, 141, 24, 13, 231)
(212, 0, 35, 12, 228)
(78, 21, 12, 10, 136)
(0, 213, 33, 8, 181)
(155, 151, 10, 36, 115)
(124, 33, 26, 9, 163)
(131, 80, 49, 9, 133)
(197, 111, 4, 42, 117)
(176, 215, 44, 3, 199)
(192, 98, 14, 8, 188)
(237, 137, 15, 28, 196)
(67, 93, 21, 23, 66)
(68, 152, 15, 13, 127)
(38, 49, 28, 7, 110)
(208, 131, 26, 16, 244)
(221, 74, 6, 24, 195)
(243, 120, 13, 9, 150)
(282, 157, 18, 3, 127)
(276, 222, 10, 10, 201)
(266, 28, 7, 8, 222)
(296, 183, 4, 23, 161)
(152, 191, 8, 2, 90)
(246, 143, 38, 6, 220)
(115, 175, 9, 12, 89)
(78, 196, 13, 5, 118)
(135, 0, 9, 23, 160)
(54, 189, 20, 23, 224)
(273, 87, 23, 5, 155)
(190, 127, 4, 18, 243)
(229, 86, 18, 12, 216)
(203, 151, 8, 6, 239)
(283, 177, 17, 4, 191)
(103, 39, 14, 15, 95)
(25, 54, 4, 50, 104)
(286, 216, 5, 8, 126)
(165, 206, 40, 7, 224)
(88, 129, 19, 4, 135)
(0, 149, 16, 28, 58)
(0, 224, 11, 1, 74)
(200, 105, 25, 8, 137)
(243, 185, 41, 7, 188)
(264, 199, 7, 5, 205)
(101, 200, 7, 6, 94)
(191, 194, 11, 8, 157)
(250, 168, 19, 6, 202)
(138, 174, 11, 13, 79)
(167, 167, 65, 5, 239)
(135, 182, 5, 17, 87)
(236, 114, 2, 48, 208)
(60, 147, 53, 6, 155)
(256, 42, 17, 7, 156)
(217, 121, 4, 8, 221)
(155, 0, 28, 13, 219)
(289, 207, 8, 2, 226)
(118, 186, 9, 5, 228)
(251, 224, 3, 1, 221)
(145, 200, 9, 6, 112)
(228, 153, 33, 2, 226)
(38, 92, 31, 10, 143)
(112, 57, 4, 33, 159)
(275, 208, 10, 9, 149)
(283, 108, 7, 18, 184)
(83, 73, 15, 19, 143)
(269, 197, 25, 3, 216)
(206, 55, 13, 20, 182)
(19, 132, 12, 9, 213)
(233, 18, 12, 26, 160)
(222, 159, 8, 7, 179)
(255, 213, 8, 6, 194)
(240, 54, 3, 18, 201)
(275, 121, 8, 11, 176)
(0, 116, 22, 17, 137)
(282, 188, 14, 7, 167)
(47, 188, 22, 4, 196)
(250, 221, 4, 3, 182)
(0, 179, 34, 11, 103)
(283, 46, 9, 26, 211)
(266, 138, 25, 6, 178)
(176, 224, 34, 1, 170)
(249, 146, 16, 2, 191)
(242, 81, 31, 11, 184)
(285, 210, 5, 3, 198)
(163, 138, 12, 12, 120)
(95, 31, 3, 25, 108)
(44, 176, 50, 1, 133)
(135, 197, 18, 3, 121)
(249, 160, 22, 2, 143)
(221, 127, 8, 11, 237)
(238, 159, 2, 6, 133)
(156, 10, 11, 20, 212)
(173, 151, 4, 34, 225)
(47, 209, 9, 10, 226)
(286, 223, 9, 6, 132)
(97, 23, 13, 11, 188)
(89, 164, 17, 6, 119)
(288, 224, 0, 0, 52)
(210, 192, 6, 5, 175)
(163, 132, 3, 11, 223)
(163, 47, 13, 22, 187)
(1, 223, 9, 1, 83)
(23, 108, 22, 20, 163)
(144, 221, 19, 4, 213)
(279, 124, 11, 1, 120)
(195, 202, 14, 4, 231)
(208, 149, 7, 4, 120)
(202, 194, 0, 22, 44)
(88, 211, 28, 4, 223)
(297, 221, 3, 8, 94)
(266, 105, 8, 25, 218)
(114, 186, 2, 17, 70)
(18, 191, 33, 10, 212)
(272, 201, 24, 6, 174)
(280, 181, 4, 8, 211)
(122, 208, 29, 2, 182)
(219, 216, 17, 5, 174)
(282, 88, 5, 13, 192)
(299, 83, 1, 33, 219)
(191, 175, 36, 13, 239)
(16, 40, 41, 10, 180)
(0, 33, 12, 19, 121)
(165, 191, 6, 10, 246)
(150, 127, 7, 16, 233)
(295, 6, 6, 30, 182)
(111, 18, 19, 7, 165)
(289, 207, 3, 3, 241)
(162, 94, 2, 35, 117)
(104, 218, 29, 5, 204)
(113, 155, 9, 9, 50)
(73, 125, 12, 9, 248)
(124, 98, 16, 10, 116)
(293, 101, 6, 54, 203)
(188, 63, 12, 23, 110)
(260, 47, 5, 22, 217)
(231, 122, 4, 8, 97)
(275, 72, 24, 5, 161)
(208, 197, 6, 5, 231)
(0, 203, 7, 17, 178)
(163, 201, 10, 5, 141)
(196, 220, 21, 4, 180)
(83, 33, 10, 19, 160)
(53, 108, 9, 23, 206)
(235, 215, 17, 3, 166)
(292, 153, 1, 9, 201)
(253, 131, 17, 7, 181)
(124, 180, 10, 7, 223)
(299, 110, 0, 15, 61)
(273, 222, 9, 1, 196)
(236, 137, 17, 2, 160)
(284, 116, 4, 2, 226)
(199, 39, 9, 11, 130)
(70, 170, 26, 4, 234)
(123, 170, 4, 7, 88)
(102, 54, 5, 20, 114)
(260, 188, 17, 11, 178)
(208, 92, 15, 9, 139)
(291, 75, 4, 11, 197)
(294, 35, 4, 8, 225)
(132, 152, 6, 16, 233)
(253, 201, 4, 5, 172)
(72, 115, 11, 3, 121)
(241, 112, 20, 5, 184)
(105, 184, 8, 4, 212)
(295, 215, 5, 3, 130)
(260, 206, 15, 5, 157)
(179, 152, 12, 13, 77)
(84, 131, 12, 6, 87)
(262, 154, 26, 4, 189)
(238, 192, 22, 4, 173)
(158, 213, 11, 10, 205)
(256, 55, 6, 6, 236)
(279, 79, 3, 7, 212)
(213, 42, 8, 12, 135)
(225, 209, 10, 5, 193)
(180, 42, 9, 12, 140)
(288, 183, 8, 5, 173)
(155, 181, 3, 8, 196)
(12, 56, 14, 8, 111)
(77, 153, 25, 4, 158)
(95, 224, 102, 0, 180)
(164, 72, 16, 26, 138)
(28, 198, 21, 14, 208)
(148, 190, 8, 2, 84)
(125, 201, 5, 16, 200)
(18, 91, 5, 29, 86)
(76, 224, 64, 1, 190)
(30, 78, 11, 14, 128)
(294, 193, 5, 7, 170)
(168, 128, 17, 10, 125)
(226, 147, 8, 3, 172)
(286, 125, 9, 14, 215)
(289, 83, 8, 2, 223)
(278, 161, 13, 17, 224)
(266, 155, 0, 29, 51)
(258, 19, 15, 9, 198)
(281, 29, 15, 5, 153)
(171, 214, 49, 3, 203)
(146, 135, 13, 8, 235)
(125, 70, 5, 11, 194)
(140, 94, 10, 15, 85)
(260, 78, 1, 45, 181)
(215, 36, 2, 10, 111)
(75, 174, 17, 2, 133)
(124, 190, 55, 0, 189)
(198, 173, 100, 2, 226)
(132, 210, 27, 5, 233)
(39, 157, 23, 3, 175)
(235, 205, 12, 6, 186)
(282, 79, 5, 3, 223)
(267, 109, 14, 6, 217)
(107, 181, 4, 18, 182)
(250, 141, 27, 2, 158)
(143, 189, 6, 7, 182)
(176, 176, 2, 6, 126)
(21, 224, 5, 3, 114)
(131, 71, 4, 14, 94)
(180, 176, 76, 1, 245)
(14, 142, 15, 11, 128)
(263, 193, 36, 1, 172)
(255, 7, 3, 15, 200)
(99, 87, 5, 14, 157)
(299, 96, 0, 76, 158)
(122, 127, 9, 18, 147)
(64, 180, 35, 1, 227)
(65, 139, 24, 3, 233)
(137, 205, 9, 1, 236)
(267, 0, 2, 14, 196)
(191, 180, 8, 2, 205)
(184, 216, 17, 6, 194)
(186, 31, 14, 7, 230)
(278, 15, 10, 4, 214)
(255, 173, 5, 1, 162)
(272, 175, 18, 2, 232)
(4, 30, 4, 5, 136)
(164, 162, 2, 18, 162)
(251, 212, 20, 2, 175)
(55, 175, 9, 12, 125)
(289, 89, 7, 2, 135)
(57, 221, 20, 3, 160)
(266, 76, 1, 29, 173)
(161, 120, 1, 25, 108)
(87, 62, 7, 15, 195)
(270, 121, 3, 8, 185)
(11, 104, 7, 22, 97)
(125, 113, 14, 15, 210)
(234, 114, 2, 23, 111)
(199, 131, 9, 10, 176)
(259, 142, 5, 3, 246)
(290, 93, 2, 26, 192)
(121, 96, 5, 5, 89)
(217, 73, 7, 14, 207)
(96, 202, 6, 5, 109)
(293, 91, 10, 3, 161)
(236, 166, 63, 2, 226)
(121, 206, 5, 4, 148)
(86, 191, 21, 1, 126)
(230, 31, 4, 6, 135)
(267, 83, 8, 3, 154)
(244, 100, 17, 8, 214)
(222, 54, 6, 13, 142)
(72, 107, 17, 3, 36)
(57, 197, 11, 9, 237)
(200, 93, 3, 12, 214)
(15, 121, 3, 26, 138)
(287, 142, 6, 9, 173)
(286, 196, 5, 9, 210)
(165, 187, 8, 2, 115)
(49, 0, 25, 12, 199)
(0, 91, 7, 8, 178)
(99, 152, 4, 10, 171)
(271, 220, 17, 2, 164)
(129, 51, 10, 19, 191)
(177, 149, 3, 7, 251)
(227, 94, 5, 21, 172)
(109, 168, 13, 7, 222)
(0, 128, 11, 1, 188)
(66, 118, 6, 15, 164)
(181, 150, 6, 6, 116)
(273, 186, 7, 6, 184)
(241, 124, 4, 6, 108)
(241, 149, 3, 12, 224)
(96, 196, 0, 0, 144)
(172, 82, 2, 74, 139)
(298, 49, 3, 8, 164)
(128, 145, 6, 12, 120)
(193, 189, 2, 9, 243)
(191, 189, 52, 2, 219)
(261, 147, 1, 20, 216)
(107, 81, 3, 29, 233)
(206, 44, 5, 32, 170)
(172, 121, 4, 12, 169)
(282, 212, 4, 9, 142)
(271, 95, 8, 6, 215)
(235, 83, 4, 12, 195)
(36, 213, 13, 5, 212)
(235, 152, 3, 5, 123)
(152, 155, 9, 5, 165)
(6, 181, 17, 6, 84)
(231, 94, 1, 14, 192)
(282, 83, 5, 5, 141)
(171, 158, 5, 16, 236)
(194, 207, 27, 3, 211)
(108, 147, 5, 7, 58)
(196, 111, 8, 4, 151)
(259, 47, 6, 4, 198)
(202, 220, 7, 1, 188)
(180, 182, 2, 24, 140)
(173, 223, 23, 1, 182)
(285, 40, 0, 147, 226)
(20, 151, 5, 7, 101)
(255, 132, 0, 73, 249)
(256, 111, 5, 12, 177)
(61, 20, 16, 11, 219)
(120, 15, 18, 5, 106)
(259, 215, 4, 2, 233)
(42, 154, 24, 3, 205)
(293, 76, 6, 4, 163)
(207, 207, 13, 8, 207)
(271, 204, 16, 5, 171)
(278, 192, 0, 32, 93)
(101, 0, 13, 18, 218)
(290, 162, 9, 4, 207)
(241, 130, 13, 3, 248)
(227, 181, 8, 11, 220)
(84, 192, 12, 4, 217)
(274, 46, 2, 22, 176)
(48, 23, 5, 65, 194)
(288, 66, 3, 8, 207)
(183, 106, 14, 2, 212)
(210, 147, 3, 8, 107)
(245, 143, 6, 1, 131)
(154, 195, 5, 6, 245)
(230, 221, 20, 3, 126)
(255, 202, 6, 3, 158)
(293, 136, 5, 21, 196)
(177, 166, 5, 24, 211)
(233, 23, 5, 3, 207)
(280, 89, 2, 3, 228)
(268, 213, 4, 5, 165)
(270, 76, 5, 6, 219)
(133, 0, 8, 6, 189)
(244, 172, 7, 3, 205)
(249, 28, 2, 9, 235)
(288, 198, 0, 0, 52)
(38, 23, 7, 12, 148)
(223, 193, 15, 3, 197)
(297, 135, 8, 3, 181)
(90, 148, 17, 2, 86)
(268, 151, 3, 4, 223)
(192, 39, 6, 14, 217)
(264, 215, 6, 4, 164)
(273, 20, 9, 9, 160)
(130, 54, 1, 14, 222)
(299, 201, 0, 0, 105)
(299, 224, 11, 6, 88)
(291, 58, 15, 12, 206)
(241, 12, 8, 3, 225)
(117, 188, 5, 13, 229)
(258, 7, 4, 7, 142)
(16, 166, 41, 10, 66)
(39, 192, 42, 3, 221)
(154, 76, 5, 9, 117)
(295, 208, 4, 4, 150)
(212, 177, 19, 4, 243)
(281, 164, 4, 4, 200)
(257, 222, 3, 2, 111)
(113, 9, 12, 6, 117)
(260, 219, 12, 3, 144)
(229, 220, 34, 2, 150)
(1, 178, 11, 4, 160)
(198, 96, 4, 2, 232)
(220, 37, 3, 7, 149)
(289, 34, 7, 3, 220)
(279, 133, 2, 6, 219)
(264, 177, 10, 1, 192)
(180, 120, 5, 17, 106)
(150, 193, 6, 4, 240)
(140, 220, 19, 4, 210)
(291, 185, 42, 7, 156)
(282, 95, 4, 4, 223)
(299, 224, 0, 0, 244)
(250, 41, 1, 29, 198)
(231, 72, 5, 12, 136)
(152, 82, 3, 13, 97)
(234, 171, 6, 1, 189)
(222, 97, 8, 5, 121)
(11, 181, 8, 1, 210)
(296, 147, 2, 4, 163)
(217, 157, 15, 3, 91)
(141, 210, 6, 3, 186)
(170, 175, 6, 4, 173)
(182, 139, 3, 7, 242)
(201, 60, 16, 5, 196)
(21, 13, 56, 9, 206)
(44, 207, 6, 4, 198)
(251, 221, 13, 1, 166)
(11, 40, 4, 66, 118)
(132, 199, 5, 5, 234)
(217, 224, 23, 0, 241)
(177, 171, 19, 4, 241)
(244, 139, 22, 2, 219)
(176, 105, 9, 13, 172)
(209, 20, 6, 18, 228)
(294, 145, 5, 1, 144)
(28, 74, 17, 5, 190)
(75, 51, 13, 4, 230)
(289, 41, 4, 4, 132)
(8, 175, 32, 5, 72)
(171, 99, 2, 6, 99)
(86, 160, 15, 5, 74)
(144, 109, 3, 8, 177)
(282, 22, 17, 7, 197)
(290, 109, 8, 5, 216)
(3, 138, 10, 13, 84)
(261, 214, 38, 1, 157)
(33, 217, 4, 7, 186)
(275, 155, 0, 69, 115)
(169, 14, 64, 12, 229)
(263, 136, 4, 2, 108)
(260, 210, 6, 4, 176)
(235, 223, 2, 4, 166)
(88, 86, 5, 12, 82)
(268, 135, 11, 4, 216)
(229, 207, 17, 1, 182)
(80, 201, 12, 4, 167)
(235, 125, 1, 8, 184)
(241, 222, 10, 1, 121)
(173, 63, 7, 2, 124)
(198, 182, 3, 5, 189)
(138, 140, 16, 6, 216)
(13, 70, 13, 7, 161)
(137, 154, 12, 1, 235)
(260, 25, 3, 16, 168)
(269, 172, 0, 1, 44)
(136, 51, 8, 8, 148)
(160, 175, 11, 6, 143)
(252, 20, 4, 45, 191)
(179, 27, 8, 15, 195)
(246, 224, 2, 1, 120)
(134, 191, 1, 6, 214)
(8, 48, 6, 6, 61)
(216, 34, 3, 8, 144)
(206, 77, 10, 14, 111)
(215, 165, 26, 1, 170)
(66, 67, 25, 4, 162)
(296, 221, 1, 4, 96)
(15, 202, 0, 0, 204)
(231, 223, 4, 1, 95)
(28, 43, 10, 14, 165)
(168, 121, 11, 6, 175)
(202, 114, 8, 13, 97)
(245, 121, 6, 3, 112)
(276, 124, 4, 3, 123)
(220, 181, 27, 3, 222)
(107, 131, 22, 3, 166)
(178, 224, 14, 3, 185)
(183, 199, 9, 4, 161)
(86, 111, 10, 19, 200)
(201, 212, 0, 12, 253)
(239, 140, 4, 3, 136)
(200, 157, 2, 6, 168)
(203, 180, 12, 10, 234)
(278, 198, 4, 2, 235)
(0, 119, 9, 9, 174)
(44, 83, 2, 59, 174)
(291, 34, 0, 112, 234)
(256, 64, 4, 31, 172)
(256, 96, 3, 2, 247)
(18, 125, 4, 6, 105)
(126, 16, 7, 16, 140)
(237, 155, 11, 4, 211)
(228, 129, 4, 11, 233)
(148, 185, 3, 6, 93)
(211, 131, 21, 3, 251)
(224, 159, 2, 4, 221)
(0, 0, 19, 11, 187)
(277, 154, 4, 3, 216)
(173, 77, 29, 6, 111)
(264, 114, 35, 1, 205)
(42, 179, 7, 7, 204)
(255, 190, 18, 2, 189)
(218, 96, 0, 0, 85)
(234, 170, 28, 1, 223)
(72, 60, 27, 7, 207)
(0, 49, 8, 8, 198)
(298, 207, 7, 3, 179)
(194, 112, 3, 5, 140)
(287, 218, 11, 2, 112)
(175, 201, 5, 2, 225)
(139, 162, 8, 13, 95)
(77, 195, 85, 0, 76)
(288, 45, 1, 2, 133)
(175, 62, 4, 5, 121)
(258, 206, 17, 1, 167)
(178, 91, 20, 0, 94)
(61, 221, 69, 0, 24)
(237, 219, 3, 5, 137)
(281, 26, 6, 2, 214)
(279, 93, 4, 3, 175)
(252, 112, 14, 2, 212)
(53, 156, 4, 6, 202)
(271, 202, 15, 2, 165)
(14, 218, 6, 3, 121)
(286, 11, 9, 3, 147)
(104, 224, 30, 0, 132)
(256, 0, 3, 2, 215)
(299, 71, 0, 130, 140)
(242, 77, 3, 15, 196)
(114, 25, 5, 8, 104)
(100, 170, 12, 7, 180)
(261, 137, 4, 2, 114)
(127, 166, 3, 5, 90)
(99, 196, 8, 5, 219)
(105, 206, 11, 13, 224)
(15, 199, 71, 0, 132)
(126, 175, 3, 9, 237)
(188, 150, 11, 3, 196)
(296, 223, 2, 6, 106)
(255, 174, 10, 2, 229)
(99, 173, 20, 3, 213)
(284, 168, 31, 3, 232)
(297, 34, 2, 4, 152)
(294, 14, 5, 5, 150)
(171, 187, 1, 5, 95)
(285, 81, 5, 6, 153)
(164, 198, 3, 2, 159)
(254, 204, 14, 1, 159)
(97, 136, 4, 14, 215)
(264, 10, 7, 4, 196)
(126, 204, 12, 4, 200)
(299, 28, 0, 97, 161)
(249, 44, 0, 48, 23)
(221, 65, 2, 7, 136)
(280, 195, 11, 2, 192)
(288, 203, 8, 1, 196)
(256, 168, 10, 2, 180)
(157, 124, 5, 10, 119)
(254, 180, 13, 1, 236)
(299, 211, 1, 2, 144)
(193, 83, 16, 4, 105)
(59, 173, 5, 9, 142)
(221, 116, 1, 6, 204)
(273, 224, 0, 0, 215)
(72, 181, 33, 4, 84)
(95, 53, 15, 6, 117)
(289, 31, 3, 4, 205)
(299, 209, 0, 8, 135)
(246, 205, 18, 1, 173)
(119, 132, 5, 4, 154)
(168, 199, 9, 2, 248)
(290, 96, 2, 3, 227)
(299, 50, 0, 119, 117)
(294, 187, 2, 6, 171)
(0, 5, 249, 0, 21)
(247, 204, 4, 1, 174)
(227, 35, 3, 16, 205)
(199, 34, 9, 5, 169)
(299, 195, 0, 29, 145)
(226, 156, 10, 2, 105)
(234, 44, 6, 6, 214)
(148, 112, 3, 13, 77)
(60, 214, 80, 0, 79)
(181, 145, 0, 7, 16)
(167, 204, 7, 2, 119)
(287, 56, 0, 7, 111)
(275, 54, 7, 4, 168)
(163, 144, 4, 9, 86)
(298, 222, 13, 1, 90)
(298, 146, 16, 2, 223)
(32, 224, 212, 0, 41)
(8, 213, 25, 3, 185)
(279, 116, 5, 7, 208)
(77, 218, 18, 6, 180)
(264, 58, 6, 18, 209)
(194, 158, 5, 4, 76)
(135, 97, 3, 13, 99)
(86, 168, 2, 2, 134)
(274, 0, 5, 17, 174)
(162, 213, 6, 1, 123)
(0, 223, 4, 1, 150)
(102, 188, 3, 7, 168)
(137, 202, 4, 5, 226)
(200, 101, 7, 1, 230)
(159, 148, 3, 7, 179)
(87, 178, 31, 2, 232)
(202, 104, 6, 5, 110)
(180, 183, 3, 4, 102)
(113, 152, 3, 12, 55)
(166, 155, 100, 0, 116)
(195, 192, 6, 3, 148)
(261, 202, 5, 1, 185)
(143, 206, 29, 1, 173)
(107, 181, 11, 2, 189)
(251, 198, 0, 16, 1)
(294, 86, 1, 12, 148)
(273, 145, 4, 6, 228)
(197, 68, 19, 0, 233)
(265, 51, 3, 2, 137)
(288, 116, 12, 1, 215)
(89, 190, 12, 1, 91)
(291, 210, 0, 0, 66)
(245, 144, 26, 2, 238)
(174, 206, 3, 13, 220)
(179, 178, 14, 3, 214)
(73, 42, 3, 15, 157)
(258, 199, 11, 2, 217)
(219, 151, 6, 2, 159)
(156, 204, 10, 1, 221)
(278, 36, 2, 7, 218)
(133, 213, 2, 4, 196)
(273, 102, 3, 5, 152)
(228, 28, 22, 3, 160)
(262, 198, 10, 1, 197)
(37, 224, 0, 6, 0)
(214, 153, 3, 2, 242)
(113, 178, 3, 7, 199)
(271, 203, 2, 2, 185)
(299, 74, 0, 35, 47)
(107, 205, 16, 1, 173)
(293, 198, 0, 11, 226)
(165, 100, 3, 17, 180)
(299, 0, 0, 9, 90)
(119, 45, 9, 5, 167)
(157, 163, 4, 21, 94)
(190, 170, 5, 1, 162)
(173, 191, 8, 7, 134)
(86, 167, 22, 2, 112)
(146, 47, 0, 165, 73)
(299, 150, 1, 7, 164)
(289, 107, 0, 68, 191)
(269, 121, 6, 3, 194)
(267, 194, 6, 1, 195)
(179, 154, 2, 12, 71)
(67, 208, 16, 2, 229)
(299, 20, 14, 4, 100)
(295, 215, 2, 1, 161)
(81, 26, 15, 6, 115)
(84, 224, 113, 0, 242)
(101, 202, 16, 2, 73)
(112, 187, 4, 9, 75)
(194, 27, 2, 14, 233)
(203, 172, 7, 2, 198)
(249, 20, 1, 3, 234)
(0, 214, 234, 0, 14)
(177, 103, 5, 20, 166)
(290, 103, 8, 6, 184)
(269, 88, 3, 17, 201)
(280, 130, 0, 11, 109)
(249, 119, 8, 2, 200)
(238, 180, 6, 8, 231)
(257, 197, 13, 1, 173)
(91, 207, 4, 5, 198)
(299, 203, 0, 0, 89)
(89, 132, 4, 8, 99)
(9, 100, 13, 4, 141)
(188, 122, 3, 29, 231)
(278, 150, 5, 1, 110)
(281, 224, 2, 0, 101)
(147, 67, 3, 7, 102)
(273, 167, 9, 2, 205)
(295, 44, 2, 11, 176)
(295, 178, 20, 5, 199)
(163, 196, 5, 5, 165)
(182, 183, 6, 2, 153)
(205, 191, 3, 4, 237)
(212, 144, 13, 4, 242)
(204, 214, 80, 0, 142)
(299, 125, 0, 16, 88)
(28, 206, 123, 0, 41)
(178, 58, 10, 15, 138)
(250, 148, 1, 5, 206)
(284, 159, 2, 6, 211)
(222, 196, 13, 5, 220)
(177, 219, 13, 4, 201)
(54, 224, 24, 0, 123)
(71, 167, 7, 1, 251)
(23, 202, 5, 10, 201)
(122, 50, 1, 18, 96)
(10, 16, 8, 21, 202)
(251, 182, 11, 4, 198)
(289, 206, 24, 1, 186)
(65, 220, 90, 0, 161)
(286, 221, 1, 4, 160)
(1, 161, 0, 26, 111)
(257, 220, 0, 4, 178)
(155, 105, 4, 9, 136)
(88, 222, 2, 0, 50)
(206, 135, 2, 14, 174)
(69, 177, 22, 2, 158)
(215, 224, 0, 0, 0)
(11, 222, 11, 3, 212)
(5, 127, 6, 11, 120)
(93, 81, 8, 5, 164)
(299, 212, 0, 0, 9)
(52, 32, 2, 28, 152)
(286, 215, 3, 2, 132)
(278, 0, 1, 4, 139)
(117, 224, 68, 0, 107)
(112, 166, 16, 1, 128)
(267, 183, 3, 5, 206)
(299, 224, 8, 0, 125)
(135, 206, 3, 4, 158)
(269, 61, 1, 2, 147)
(207, 158, 5, 2, 227)
(277, 172, 5, 5, 234)
(254, 10, 55, 0, 65)
(129, 82, 4, 10, 167)
(285, 137, 0, 87, 226)
(119, 86, 6, 2, 213)
(167, 212, 12, 1, 247)
(285, 179, 0, 0, 254)
(114, 214, 14, 4, 207)
(70, 201, 10, 3, 203)
(159, 57, 2, 13, 196)
(210, 59, 2, 6, 153)
(50, 172, 0, 2, 0)
(283, 3, 6, 7, 152)
(7, 223, 54, 0, 113)
(281, 144, 5, 0, 114)
(139, 162, 5, 1, 158)
(299, 100, 0, 74, 119)
(299, 36, 1, 11, 216)
(44, 221, 11, 3, 181)
(256, 171, 2, 2, 224)
(287, 78, 1, 2, 235)
(266, 120, 2, 12, 231)
(276, 224, 1, 1, 163)
(148, 224, 35, 0, 6)
(117, 89, 3, 10, 117)
(286, 93, 2, 3, 220)
(259, 14, 1, 43, 190)
(64, 195, 11, 3, 240)
(24, 104, 3, 7, 190)
(30, 77, 2, 5, 204)
(198, 91, 7, 2, 103)
(192, 78, 9, 3, 83)
(299, 22, 0, 75, 186)
(0, 70, 9, 9, 65)
(39, 56, 5, 1, 77)
(96, 66, 2, 11, 105)
(118, 186, 3, 2, 115)
(222, 76, 4, 6, 222)
(150, 45, 2, 23, 163)
(270, 127, 1, 3, 114)
(55, 101, 9, 5, 80)
(242, 144, 5, 1, 131)
(173, 104, 2, 3, 210)
(288, 84, 2, 2, 215)
(299, 114, 0, 66, 143)
(265, 149, 5, 2, 223)
(163, 194, 1, 10, 126)
(224, 70, 9, 4, 131)
(152, 207, 5, 6, 248)
(97, 98, 3, 11, 90)
(48, 165, 4, 5, 90)
(257, 164, 5, 3, 207)
(210, 163, 7, 1, 82)
(291, 152, 6, 1, 175)
(169, 165, 4, 8, 230)
(176, 157, 0, 0, 22)
(293, 219, 5, 2, 106)
(64, 143, 15, 2, 152)
(164, 224, 48, 0, 218)
(246, 224, 41, 0, 187)
(12, 224, 116, 0, 150)
(68, 174, 12, 1, 214)
(125, 189, 4, 4, 95)
(97, 207, 137, 0, 75)
(271, 195, 8, 1, 163)
(115, 40, 4, 6, 192)
(0, 188, 16, 3, 107)
(297, 207, 2, 1, 199)
(276, 71, 12, 6, 156)
(273, 208, 7, 0, 46)
(108, 105, 21, 3, 189)
(176, 219, 48, 0, 162)
(0, 174, 19, 3, 51)
(275, 208, 9, 1, 160)
(185, 204, 7, 4, 233)
(30, 156, 9, 1, 105)
(248, 152, 8, 2, 227)
(246, 23, 1, 9, 218)
(264, 224, 2, 4, 121)
(213, 59, 2, 5, 245)
(274, 156, 2, 5, 129)
(293, 201, 1, 2, 133)
(97, 221, 30, 3, 201)
(258, 28, 1, 16, 204)
(183, 224, 3, 1, 158)
(158, 193, 2, 3, 71)
(257, 223, 3, 1, 100)
(216, 150, 11, 2, 197)
(284, 124, 4, 2, 156)
(216, 117, 2, 6, 100)
(125, 197, 2, 4, 137)
(33, 62, 30, 18, 194)
(194, 224, 19, 0, 181)
(68, 172, 12, 3, 204)
(233, 15, 2, 5, 120)
(155, 201, 5, 3, 221)
(264, 68, 17, 1, 208)
(116, 90, 3, 14, 110)
(222, 218, 12, 1, 166)
(257, 209, 0, 3, 72)
(274, 128, 2, 7, 174)
(79, 169, 12, 3, 247)
(291, 131, 4, 2, 195)
(210, 92, 5, 6, 174)
(75, 66, 3, 30, 177)
(24, 218, 177, 0, 9)
(209, 222, 8, 1, 160)
(177, 177, 1, 5, 125)
(229, 160, 3, 2, 105)
(287, 27, 8, 3, 172)
(104, 156, 6, 7, 244)
(130, 33, 4, 4, 199)
(287, 10, 0, 160, 68)
(222, 81, 3, 5, 154)
(251, 48, 3, 7, 216)
(286, 1, 0, 60, 203)
(283, 56, 2, 2, 245)
(254, 17, 2, 7, 160)
(102, 224, 8, 2, 187)
(70, 165, 19, 1, 62)
(120, 90, 2, 5, 83)
(175, 177, 51, 0, 0)
(149, 159, 1, 13, 218)
(246, 141, 5, 1, 223)
(188, 14, 24, 5, 226)
(192, 95, 3, 8, 151)
(283, 162, 16, 0, 77)
(210, 112, 6, 18, 107)
(83, 202, 110, 0, 139)
(277, 8, 0, 147, 211)
(184, 190, 26, 0, 227)
(122, 203, 7, 2, 227)
(258, 150, 4, 9, 220)
(211, 121, 49, 0, 84)
(148, 0, 6, 4, 158)
(289, 145, 5, 2, 205)
(213, 180, 51, 0, 14)
(95, 224, 147, 0, 189)
(155, 91, 7, 7, 176)
(144, 196, 0, 11, 190)
(232, 26, 2, 22, 147)
(291, 106, 0, 22, 124)
(130, 185, 7, 0, 81)
(291, 224, 0, 0, 83)
(153, 215, 16, 4, 208)
(42, 224, 18, 0, 209)
(282, 69, 3, 3, 230)
(299, 202, 0, 0, 83)
(229, 106, 11, 3, 176)
(155, 224, 74, 0, 69)
(0, 167, 19, 7, 54)
(38, 36, 20, 7, 187)
(191, 49, 2, 13, 154)
(294, 29, 0, 143, 122)
(214, 82, 4, 4, 130)
(299, 219, 0, 0, 55)
(299, 125, 0, 70, 93)
(183, 224, 48, 0, 0)
(256, 80, 3, 2, 216)
(281, 105, 1, 3, 226)
(250, 9, 4, 11, 135)
(291, 222, 4, 2, 125)
(216, 224, 73, 0, 116)
(246, 105, 3, 3, 166)
(282, 74, 1, 4, 225)
(186, 216, 0, 0, 109)
(147, 126, 5, 3, 143)
(94, 114, 38, 7, 216)
(299, 40, 0, 167, 3)
(299, 0, 0, 83, 134)
(78, 198, 3, 3, 161)
(170, 94, 67, 0, 109)
(35, 224, 0, 0, 97)
(215, 224, 21, 0, 135)
(11, 217, 5, 2, 229)
(114, 224, 165, 0, 23)
(115, 224, 64, 0, 55)
(195, 223, 8, 1, 167)
(129, 213, 170, 0, 176)
(120, 224, 121, 0, 116)
(255, 223, 2, 1, 112)
(58, 111, 0, 41, 121)
(199, 137, 1, 16, 97)
(254, 184, 4, 1, 179)
(175, 74, 18, 1, 152)
(275, 218, 6, 4, 167)
(200, 94, 25, 2, 158)
(247, 196, 4, 2, 201)
(280, 192, 4, 2, 185)
(299, 219, 0, 0, 98)
(203, 199, 5, 6, 234)
(121, 209, 2, 1, 235)
(42, 175, 7, 2, 129)
(226, 202, 3, 2, 202)
(289, 49, 6, 4, 212)
(276, 14, 12, 1, 183)
(50, 224, 55, 0, 231)
(127, 90, 2, 18, 164)
(288, 120, 4, 3, 213)
(294, 2, 21, 2, 154)
(211, 165, 5, 2, 182)
(299, 207, 0, 0, 0)
(137, 222, 0, 0, 223)
(60, 216, 7, 3, 184)
(287, 183, 12, 1, 181)
(36, 180, 5, 9, 170)
(189, 198, 22, 0, 233)
(257, 0, 0, 139, 129)
(266, 133, 3, 3, 100)
(74, 219, 8, 3, 157)
(219, 149, 10, 0, 181)
(236, 103, 1, 17, 188)
(44, 131, 21, 9, 162)
(119, 137, 6, 5, 122)
(78, 36, 23, 3, 159)
(206, 156, 2, 2, 243)
(55, 214, 35, 2, 194)
(296, 216, 0, 12, 0)
(96, 163, 10, 5, 118)
(287, 208, 0, 0, 30)
(27, 120, 9, 13, 194)
(288, 113, 11, 0, 242)
(134, 40, 15, 5, 196)
(291, 141, 8, 1, 214)
(249, 214, 1, 7, 152)
(271, 31, 4, 2, 232)
(299, 215, 0, 0, 201)
(110, 109, 14, 4, 230)
(230, 181, 5, 4, 210)
(253, 151, 4, 1, 112)
(212, 106, 10, 5, 153)
(201, 134, 2, 14, 188)
(227, 56, 19, 4, 201)
(3, 54, 3, 11, 87)
(274, 178, 0, 4, 106)
(277, 196, 4, 2, 207)
(251, 224, 0, 11, 128)
(289, 210, 1, 1, 232)
(7, 211, 29, 2, 190)
(181, 197, 84, 0, 25)
(113, 32, 4, 10, 136)
(200, 224, 9, 0, 41)
(286, 203, 1, 7, 177)
(95, 220, 0, 4, 219)
(75, 125, 15, 6, 246)
(135, 192, 9, 5, 100)
(292, 210, 0, 0, 59)
(299, 107, 0, 25, 12)
(146, 224, 19, 9, 219)
(36, 203, 19, 3, 206)
(276, 124, 2, 1, 241)
(271, 53, 16, 2, 178)
(150, 80, 2, 10, 83)
(291, 217, 8, 1, 133)
(161, 224, 115, 0, 151)
(101, 39, 3, 10, 168)
(77, 44, 4, 15, 232)
(277, 204, 4, 3, 180)
(246, 0, 47, 0, 220)
(248, 147, 5, 2, 154)
(290, 153, 9, 2, 208)
(291, 196, 2, 3, 193)
(276, 3, 0, 104, 131)
(291, 209, 8, 0, 0)
(22, 206, 211, 0, 209)
(90, 33, 4, 2, 216)
(124, 197, 1, 3, 70)
(132, 167, 7, 15, 188)
(179, 218, 19, 0, 116)
(110, 196, 19, 0, 203)
(32, 108, 30, 3, 201)
(294, 56, 2, 16, 197)
(116, 205, 6, 2, 149)
(279, 151, 0, 98, 78)
(229, 201, 3, 6, 205)
(110, 205, 5, 1, 213)
(210, 146, 0, 0, 78)
(235, 187, 8, 4, 210)
(299, 166, 0, 58, 169)
(48, 223, 4, 1, 198)
(299, 198, 0, 5, 38)
(265, 215, 0, 0, 130)
(148, 163, 1, 5, 195)
(217, 220, 2, 6, 161)
(203, 94, 0, 17, 12)
(299, 11, 12, 7, 164)
(272, 92, 13, 2, 169)
(112, 174, 5, 3, 188)
(225, 221, 53, 0, 0)
(268, 14, 9, 2, 157)
(255, 4, 1, 15, 184)
(281, 44, 0, 34, 62)
(293, 209, 2, 3, 157)
(299, 58, 0, 145, 152)
(25, 26, 4, 9, 133)
(299, 88, 0, 10, 251)
(0, 219, 5, 1, 173)
(209, 35, 0, 126, 174)
(233, 110, 10, 3, 120)
(44, 56, 2, 7, 88)
(0, 193, 13, 6, 204)
(263, 111, 28, 0, 0)
(193, 152, 1, 8, 185)
(239, 222, 4, 1, 96)
(88, 38, 3, 15, 135)
(284, 18, 3, 5, 192)
(276, 178, 0, 3, 21)
(179, 224, 0, 1, 142)
(206, 220, 107, 0, 86)
(17, 184, 161, 0, 54)
(6, 207, 195, 0, 201)
(299, 141, 0, 81, 33)
(143, 159, 3, 3, 139)
(225, 224, 21, 0, 200)
(6, 53, 4, 5, 206)
(255, 16, 1, 2, 211)
(26, 95, 4, 3, 187)
(153, 188, 0, 5, 132)
(288, 121, 0, 4, 82)
(34, 186, 233, 0, 214)
(236, 142, 5, 6, 219)
(194, 151, 3, 7, 79)
(295, 49, 2, 1, 224)
(51, 224, 63, 0, 143)
(64, 148, 159, 0, 49)
(259, 171, 0, 7, 153)
(197, 214, 8, 4, 205)
(254, 145, 11, 1, 222)
(70, 66, 2, 10, 132)
(251, 10, 1, 18, 135)
(299, 109, 0, 47, 22)
(237, 203, 62, 0, 170)
(288, 147, 4, 4, 138)
(259, 207, 10, 2, 146)
(247, 224, 32, 0, 69)
(14, 158, 11, 7, 80)
(161, 97, 2, 1, 178)
(241, 148, 12, 0, 143)
(204, 224, 1, 0, 18)
(280, 150, 0, 34, 58)
(299, 212, 0, 0, 153)
(17, 78, 5, 5, 188)
(161, 155, 2, 10, 86)
(96, 176, 12, 2, 171)
(111, 145, 11, 4, 199)
(257, 114, 0, 42, 222)
(262, 41, 7, 5, 149)
(271, 206, 0, 0, 77)
(160, 210, 82, 0, 5)
(94, 202, 164, 0, 116)
(218, 187, 3, 22, 215)
(155, 174, 1, 9, 175)
(155, 11, 5, 10, 190)
(156, 169, 1, 10, 82)
(15, 219, 5, 2, 107)
(287, 211, 0, 5, 188)
(299, 174, 0, 7, 28)
(138, 56, 3, 20, 183)
(4, 97, 5, 15, 96)
(122, 222, 2, 2, 186)
(2, 220, 10, 1, 203)
(194, 209, 0, 0, 99)
(246, 154, 0, 26, 129)
(290, 176, 7, 1, 203)
(299, 158, 0, 63, 2)
(243, 222, 3, 2, 137)
(223, 113, 0, 71, 143)
(163, 205, 3, 1, 217)
(114, 71, 16, 6, 171)
(201, 203, 90, 0, 43)
(224, 215, 11, 0, 138)
(75, 202, 6, 3, 187)
(268, 79, 11, 1, 221)
(136, 217, 2, 2, 139)
(193, 166, 10, 3, 253)
(195, 195, 9, 3, 176)
(295, 220, 1, 3, 103)
(282, 204, 4, 3, 163)
(274, 220, 0, 0, 58)
(206, 219, 17, 1, 189)
(278, 194, 18, 1, 163)
(290, 201, 1, 6, 199)
(238, 115, 3, 15, 117)
(279, 142, 1, 8, 193)
(58, 160, 9, 3, 188)
(285, 101, 6, 4, 156)
(212, 217, 24, 0, 5)
(231, 158, 8, 2, 231)
(186, 197, 4, 3, 214)
(141, 213, 7, 5, 253)
(298, 224, 1, 4, 97)
(240, 157, 1, 3, 122)
(290, 31, 0, 14, 35)
(280, 1, 14, 1, 172)
(157, 218, 19, 1, 229)
(185, 166, 0, 38, 186)
(299, 115, 0, 0, 47)
(240, 212, 11, 2, 188)
(103, 134, 16, 5, 75)
(149, 148, 7, 4, 181)
(296, 196, 3, 7, 167)
(295, 54, 0, 20, 195)
(0, 224, 5, 0, 234)
(237, 123, 1, 4, 137)
(274, 117, 4, 2, 178)
(165, 212, 16, 0, 3)
(244, 100, 13, 1, 234)
(96, 211, 5, 7, 230)
(278, 191, 4, 2, 172)
(225, 188, 0, 13, 232)
(206, 224, 0, 0, 168)
(103, 187, 9, 2, 219)
(136, 193, 1, 0, 164)
(255, 118, 1, 2, 226)
(297, 203, 0, 0, 59)
(97, 138, 5, 4, 207)
(144, 43, 2, 21, 210)
(36, 46, 6, 4, 123)
(107, 161, 118, 0, 253)
(50, 164, 35, 1, 123)
(287, 148, 2, 4, 205)
(141, 114, 3, 16, 154)
(299, 61, 0, 10, 0)
(291, 35, 0, 109, 51)
(263, 221, 8, 3, 149)
(132, 142, 12, 5, 219)
(158, 108, 1, 13, 114)
(299, 214, 1, 1, 176)
(299, 140, 0, 70, 0)
(267, 193, 0, 10, 31)
(244, 108, 2, 2, 123)
(165, 223, 113, 0, 93)
(265, 3, 1, 6, 127)
(126, 215, 124, 0, 111)
(293, 85, 5, 1, 217)
(24, 224, 34, 0, 22)
(136, 152, 6, 9, 238)
(185, 129, 6, 2, 209)
(278, 158, 1, 4, 172)
(81, 157, 8, 4, 61)
(25, 224, 217, 0, 106)
(48, 178, 9, 1, 195)
(243, 152, 4, 3, 193)
(161, 85, 27, 5, 148)
(289, 171, 10, 0, 141)
(270, 217, 3, 0, 160)
(219, 216, 9, 1, 186)
(132, 95, 1, 10, 84)
(233, 213, 16, 0, 239)
(299, 164, 0, 37, 171)
(128, 140, 5, 3, 205)
(149, 29, 29, 7, 206)
(38, 121, 5, 8, 126)
(299, 85, 7, 2, 167)
(234, 30, 7, 9, 169)
(0, 113, 3, 10, 136)
(71, 123, 23, 4, 211)
(171, 224, 111, 0, 232)
(286, 165, 6, 5, 238)
(0, 212, 8, 8, 170)
(131, 194, 1, 4, 180)
(281, 91, 6, 1, 168)
(299, 165, 1, 1, 190)
(106, 209, 4, 3, 241)
(299, 108, 0, 23, 255)
(245, 183, 3, 2, 199)
(279, 144, 0, 80, 239)
(211, 51, 0, 54, 191)
(75, 180, 7, 1, 198)
(161, 171, 2, 10, 161)
(265, 126, 0, 42, 255)
(287, 0, 1, 13, 152)
(299, 125, 0, 24, 249)
(257, 189, 23, 0, 149)
(193, 125, 9, 5, 105)
(175, 224, 29, 0, 2)
(273, 1, 0, 221, 155)
(219, 136, 8, 1, 214)
(274, 93, 5, 3, 201)
(171, 118, 3, 17, 172)
(251, 174, 6, 2, 241)
(180, 155, 0, 41, 0)
(215, 190, 2, 3, 244)
(154, 129, 3, 3, 175)
(297, 199, 0, 1, 153)
(271, 93, 0, 57, 6)
(64, 221, 84, 0, 206)
(293, 158, 0, 25, 186)
(158, 170, 5, 4, 133)
(72, 140, 3, 12, 177)
(299, 23, 0, 196, 103)
(46, 187, 0, 25, 167)
(128, 185, 1, 9, 161)
(78, 210, 8, 4, 207)
(287, 204, 5, 2, 192)
(248, 223, 2, 12, 104)
(255, 221, 4, 1, 158)
(284, 137, 2, 3, 162)
(128, 147, 1, 5, 218)
(62, 87, 4, 12, 85)
(296, 224, 0, 0, 178)
(233, 102, 5, 3, 223)
(175, 193, 3, 6, 158)
(166, 154, 3, 5, 182)
(171, 32, 3, 17, 165)
(262, 217, 3, 0, 8)
(250, 193, 49, 0, 29)
(299, 223, 21, 1, 93)
(283, 221, 16, 0, 192)
(239, 224, 53, 0, 245)
(14, 222, 155, 0, 71)
(141, 75, 8, 19, 145)
(42, 122, 45, 1, 200)
(274, 170, 2, 5, 231)
(141, 207, 36, 0, 232)
(230, 75, 3, 2, 210)
(22, 222, 4, 1, 226)
(251, 76, 1, 20, 187)
(134, 138, 59, 0, 52)
(158, 144, 1, 12, 79)
(156, 49, 7, 6, 144)
(89, 103, 4, 3, 117)
(256, 155, 0, 17, 163)
(182, 72, 3, 29, 124)
(261, 63, 3, 6, 236)
(275, 204, 0, 8, 68)
(164, 209, 1, 11, 226)
(299, 38, 0, 180, 175)
(237, 51, 3, 20, 187)
(299, 137, 0, 0, 0)
(232, 172, 4, 2, 207)
(284, 107, 0, 26, 108)
(226, 153, 4, 2, 158)
(0, 0, 10, 5, 178)
(154, 224, 96, 0, 218)
(222, 167, 13, 1, 247)
(299, 65, 0, 17, 65)
(266, 169, 2, 2, 151)
(277, 123, 3, 1, 245)
(169, 81, 2, 17, 118)
(276, 22, 0, 97, 124)
(277, 98, 0, 30, 190)
(60, 32, 8, 15, 194)
(33, 130, 12, 7, 208)
(37, 97, 5, 7, 71)
(207, 223, 6, 1, 199)
(274, 210, 3, 5, 146)
(299, 210, 0, 14, 31)
(138, 95, 4, 3, 196)
(207, 173, 13, 2, 232)
(273, 152, 14, 1, 206)
(106, 36, 3, 14, 87)
(19, 224, 28, 0, 215)
(183, 39, 1, 16, 147)
(184, 174, 7, 1, 224)
(236, 165, 21, 0, 218)
(287, 141, 1, 6, 121)
(233, 127, 0, 19, 61)
(294, 160, 2, 1, 117)
(252, 25, 1, 22, 158)
(146, 44, 63, 0, 78)
(299, 169, 0, 39, 177)
(249, 2, 1, 7, 140)
(184, 200, 14, 1, 136)
(294, 208, 3, 1, 197)
(246, 188, 2, 8, 171)
(264, 50, 0, 26, 191)
(179, 159, 9, 5, 56)
(0, 150, 18, 3, 70)
(1, 210, 29, 0, 155)
(185, 224, 0, 0, 149)
(246, 224, 1, 0, 241)
(297, 129, 2, 4, 191)
(269, 102, 1, 7, 242)
(182, 184, 2, 1, 77)
(284, 201, 0, 23, 186)
(237, 215, 5, 3, 175)
(49, 158, 4, 7, 119)
(161, 146, 2, 4, 206)
(215, 125, 2, 6, 161)
(98, 21, 3, 22, 199)
(262, 156, 11, 3, 196)
(251, 179, 24, 0, 18)
(269, 224, 41, 0, 34)
(250, 223, 4, 1, 195)
(193, 224, 14, 0, 78)
(138, 180, 5, 7, 61)
(293, 209, 0, 13, 255)
(40, 186, 7, 4, 172)
(299, 176, 0, 37, 194)
(196, 121, 3, 12, 101)
(112, 224, 160, 0, 180)
(297, 52, 2, 6, 188)
(246, 72, 4, 3, 194)
(250, 194, 29, 0, 87)
(278, 50, 5, 4, 209)
(286, 179, 4, 1, 175)
(299, 198, 20, 2, 147)
(209, 190, 2, 3, 167)
(199, 116, 6, 3, 90)
(34, 32, 1, 5, 145)
(256, 158, 26, 0, 230)
(60, 221, 211, 0, 118)
(167, 196, 1, 7, 202)
(123, 48, 1, 23, 109)
(299, 19, 0, 160, 72)
(294, 199, 3, 1, 151)
(260, 119, 3, 3, 138)
(231, 162, 3, 1, 101)
(105, 157, 5, 2, 181)
(115, 184, 1, 16, 79)
(270, 151, 12, 1, 186)
(266, 176, 0, 20, 99)
(194, 205, 0, 0, 70)
(298, 207, 0, 16, 102)
(258, 158, 6, 1, 225)
(256, 125, 2, 13, 194)
(285, 217, 3, 1, 131)
(137, 224, 19, 0, 39)
(283, 224, 16, 0, 0)
(51, 210, 8, 7, 229)
(194, 196, 5, 1, 220)
(66, 138, 10, 2, 235)
(254, 127, 0, 0, 66)
(286, 169, 0, 0, 155)
(296, 113, 0, 34, 213)
(280, 111, 7, 5, 196)
(235, 116, 24, 0, 65)
(6, 134, 4, 4, 155)
(262, 160, 17, 1, 142)
(286, 77, 8, 1, 197)
(288, 114, 0, 2, 154)
(281, 66, 18, 2, 208)
(292, 201, 1, 1, 124)
(298, 217, 0, 0, 56)
(19, 221, 15, 1, 214)
(291, 40, 4, 1, 167)
(101, 220, 65, 0, 255)
(232, 190, 15, 0, 58)
(24, 21, 40, 0, 0)
(141, 167, 4, 16, 68)
(238, 61, 3, 4, 216)
(13, 62, 7, 7, 87)
(3, 215, 50, 0, 177)
(102, 79, 3, 4, 141)
(250, 210, 1, 3, 210)
(202, 209, 3, 4, 238)
(222, 224, 3, 12, 126)
(181, 224, 0, 0, 177)
(275, 222, 2, 2, 185)
(198, 216, 0, 8, 80)
(291, 44, 2, 2, 192)
(109, 192, 2, 4, 126)
(184, 205, 14, 0, 196)
(293, 224, 0, 22, 191)
(155, 215, 41, 0, 199)
(163, 105, 5, 2, 172)
(277, 21, 0, 3, 43)
(53, 212, 0, 0, 16)
(64, 111, 16, 4, 74)
(89, 15, 20, 7, 222)
(44, 199, 28, 0, 0)
(184, 224, 19, 0, 222)
(203, 193, 2, 2, 161)
(0, 224, 107, 0, 106)
(244, 66, 3, 2, 236)
(35, 99, 3, 20, 192)
(81, 57, 1, 5, 97)
(162, 141, 2, 5, 91)
(50, 7, 29, 10, 203)
(84, 224, 41, 0, 26)
(290, 130, 0, 40, 252)
(278, 128, 1, 5, 219)
(200, 193, 118, 0, 182)
(239, 224, 9, 0, 32)
(235, 224, 1, 1, 207)
(139, 214, 2, 1, 133)
(260, 188, 13, 0, 177)
(271, 173, 0, 0, 0)
(259, 224, 31, 0, 253)
(299, 117, 0, 13, 2)
(75, 52, 3, 2, 229)
(185, 196, 4, 3, 232)
(273, 18, 0, 34, 180)
(44, 119, 12, 7, 196)
(286, 142, 0, 14, 203)
(234, 224, 38, 0, 39)
(55, 163, 17, 5, 142)
(290, 219, 2, 4, 122)
(25, 181, 6, 2, 204)
(134, 85, 3, 1, 47)
(158, 219, 28, 1, 204)
(208, 188, 1, 5, 192)
(34, 189, 24, 0, 109)
(288, 8, 4, 2, 189)
(181, 216, 0, 0, 138)
(264, 168, 10, 1, 229)
(270, 173, 0, 0, 100)
(60, 186, 24, 2, 99)
(53, 76, 3, 13, 204)
(177, 36, 2, 18, 187)
(185, 152, 5, 1, 81)
(158, 139, 2, 5, 215)
(296, 117, 2, 1, 151)
(126, 199, 26, 0, 96)
(219, 144, 16, 1, 252)
(11, 224, 0, 2, 237)
(231, 224, 3, 10, 133)
(261, 209, 0, 0, 211)
(127, 10, 2, 13, 174)
(73, 86, 3, 17, 126)
(243, 159, 13, 1, 173)
(279, 199, 0, 21, 158)
(271, 150, 0, 18, 164)
(23, 130, 3, 8, 198)
(131, 97, 0, 0, 170)
(299, 224, 0, 0, 77)
(154, 214, 116, 0, 154)
(155, 98, 5, 3, 100)
(21, 224, 1, 4, 154)
(204, 66, 6, 3, 139)
(5, 209, 31, 0, 50)
(257, 16, 8, 2, 167)
(225, 141, 11, 3, 253)
(277, 30, 5, 7, 194)
(182, 176, 21, 0, 49)
(260, 208, 29, 0, 82)
(278, 223, 2, 4, 216)
(237, 75, 0, 44, 58)
(84, 200, 4, 4, 94)
(114, 4, 7, 4, 202)
(299, 202, 0, 8, 160)
(191, 186, 3, 6, 242)
(74, 182, 112, 0, 159)
(248, 224, 14, 0, 251)
(182, 206, 5, 8, 220)
(28, 221, 3, 5, 189)
(287, 40, 0, 12, 64)
(78, 113, 3, 12, 134)
(20, 116, 4, 10, 141)
(210, 180, 79, 0, 205)
(102, 224, 194, 0, 255)
(203, 0, 15, 13, 223)
(38, 176, 26, 1, 96)
(162, 184, 8, 3, 107)
(299, 136, 0, 17, 255)
(128, 210, 24, 0, 54)
(299, 188, 0, 10, 0)
(190, 163, 59, 0, 221)
(113, 224, 186, 0, 34)
(116, 146, 0, 90, 133)
(134, 44, 4, 9, 147)
(262, 85, 4, 21, 190)
(258, 139, 4, 1, 142)
(157, 203, 6, 2, 231)
(66, 188, 162, 0, 119)
(218, 207, 0, 0, 145)
(37, 102, 2, 12, 166)
(23, 120, 21, 1, 140)
(24, 224, 242, 0, 88)
(64, 128, 5, 5, 108)
(142, 78, 2, 17, 120)
(279, 224, 20, 0, 186)
(23, 219, 6, 2, 153)
(289, 200, 5, 1, 214)
(194, 147, 1, 16, 108)
(110, 221, 7, 16, 202)
(180, 193, 4, 3, 109)
(69, 224, 109, 0, 41)
(298, 103, 1, 4, 223)
(154, 204, 8, 0, 57)
(168, 217, 0, 7, 221)
(46, 182, 8, 4, 190)
(107, 16, 152, 0, 70)
(299, 21, 0, 44, 3)
(251, 187, 4, 3, 197)
(229, 84, 5, 2, 161)
(144, 215, 79, 0, 248)
(184, 185, 6, 2, 186)
(299, 26, 0, 9, 71)
(291, 17, 8, 1, 153)
(78, 181, 29, 1, 112)
(162, 177, 109, 0, 143)
(197, 224, 23, 0, 14)
(182, 0, 26, 7, 222)
(290, 104, 2, 4, 203)
(299, 27, 0, 141, 178)
(214, 186, 0, 0, 142)
(69, 161, 7, 1, 48)
(0, 79, 7, 10, 83)
(236, 211, 0, 0, 82)
(286, 171, 12, 0, 86)
(177, 224, 35, 0, 216)
(284, 224, 15, 0, 12)
(257, 198, 42, 0, 255)
(74, 157, 11, 1, 194)
(198, 52, 3, 6, 113)
(251, 50, 0, 77, 72)
(35, 224, 264, 0, 134)
(199, 123, 6, 10, 143)
(103, 120, 5, 9, 168)
(299, 176, 0, 4, 37)
(276, 72, 2, 6, 164)
(271, 107, 4, 3, 197)
(264, 88, 4, 2, 158)
(83, 222, 128, 0, 77)
(257, 224, 29, 0, 190)
(174, 206, 83, 0, 116)
(43, 139, 0, 0, 192)
(284, 133, 3, 2, 235)
(201, 224, 12, 0, 129)
(143, 224, 0, 0, 108)
(194, 211, 8, 2, 233)
(113, 195, 160, 0, 116)
(56, 147, 66, 0, 39)
(191, 199, 0, 0, 166)
(139, 169, 1, 6, 150)
(21, 224, 189, 0, 193)
(262, 218, 20, 0, 10)
(165, 202, 2, 3, 113)
(243, 201, 7, 2, 218)
(245, 164, 12, 1, 218)
(271, 157, 40, 0, 138)
(86, 202, 13, 1, 166)
(122, 212, 165, 0, 230)
(277, 118, 8, 2, 213)
(129, 170, 43, 0, 255)
(29, 71, 7, 2, 112)
(243, 83, 20, 4, 181)
(276, 99, 4, 1, 241)
(200, 178, 93, 0, 156)
(114, 122, 8, 7, 191)
(279, 183, 1, 7, 197)
(298, 186, 22, 5, 151)
(150, 224, 85, 0, 213)
(171, 222, 31, 0, 67)
(190, 114, 3, 10, 114)
(169, 189, 9, 1, 121)
(299, 54, 0, 166, 188)
(218, 24, 3, 8, 198)
(288, 158, 3, 2, 105)
(232, 199, 11, 6, 199)
(99, 186, 57, 0, 255)
(39, 224, 194, 0, 120)
(108, 217, 2, 0, 0)
(264, 224, 0, 0, 243)
(207, 164, 2, 3, 232)
(126, 216, 0, 8, 223)
(216, 224, 0, 0, 255)
(247, 190, 0, 5, 198)
(76, 204, 67, 0, 153)
(180, 203, 3, 2, 113)
(127, 110, 134, 0, 158)
(275, 26, 0, 133, 158)
(221, 213, 1, 7, 188)
(234, 224, 2, 0, 232)
(60, 107, 2, 6, 168)
(133, 182, 3, 1, 224)
(203, 141, 2, 14, 243)
(125, 133, 2, 1, 206)
(298, 61, 0, 24, 85)
(165, 219, 5, 6, 204)
(216, 189, 0, 0, 0)
(110, 200, 2, 1, 179)
(299, 199, 0, 0, 89)
(264, 182, 13, 1, 188)
(295, 1, 0, 154, 194)
(15, 51, 11, 7, 134)
(147, 116, 11, 3, 73)
(107, 189, 3, 3, 225)
(248, 154, 0, 3, 150)
(299, 171, 0, 0, 42)
(228, 162, 0, 0, 102)
(277, 65, 0, 0, 233)
(280, 205, 18, 0, 142)
(219, 26, 0, 108, 231)
(154, 163, 1, 9, 175)
(293, 180, 0, 39, 113)
(184, 206, 2, 4, 197)
(90, 199, 4, 3, 176)
(294, 176, 0, 21, 135)
(299, 197, 0, 0, 150)
(114, 134, 12, 2, 167)
(283, 160, 0, 0, 247)
(241, 146, 3, 2, 113)
(154, 224, 40, 0, 196)
(231, 221, 9, 1, 128)
(287, 224, 0, 0, 170)
(18, 13, 22, 13, 203)
(282, 33, 4, 3, 151)
(296, 78, 0, 142, 0)
(260, 224, 22, 0, 215)
(145, 210, 11, 0, 61)
(120, 200, 5, 4, 228)
(272, 89, 0, 135, 51)
(117, 211, 8, 2, 205)
(227, 214, 0, 10, 169)
(47, 78, 10, 9, 206)
(242, 42, 8, 6, 203)
(243, 32, 27, 0, 54)
(299, 204, 0, 0, 2)
(299, 152, 0, 0, 142)
(181, 224, 118, 0, 30)
(14, 191, 93, 0, 105)
(186, 135, 10, 4, 245)
(26, 224, 0, 0, 177)
(79, 142, 46, 4, 205)
(149, 224, 58, 0, 174)
(287, 221, 1, 1, 137)
(149, 17, 3, 3, 228)
(212, 116, 2, 4, 165)
(224, 130, 0, 0, 58)
(192, 153, 1, 13, 148)
(160, 71, 5, 9, 167)
(219, 188, 32, 0, 199)
(273, 124, 2, 3, 239)
(191, 201, 4, 1, 122)
(216, 92, 6, 3, 110)
(229, 79, 4, 3, 114)
(173, 179, 44, 0, 0)
(297, 33, 4, 2, 135)
(31, 208, 148, 0, 17)
(73, 59, 4, 9, 231)
(220, 192, 14, 1, 212)
(212, 224, 26, 0, 8)
(237, 115, 1, 6, 236)
(47, 98, 2, 18, 169)
(262, 21, 0, 123, 220)
(280, 139, 2, 3, 221)
(277, 44, 0, 102, 114)
(97, 164, 3, 2, 165)
(254, 206, 4, 1, 210)
(169, 203, 121, 0, 178)
(124, 210, 5, 2, 149)
(259, 212, 0, 0, 162)
(27, 75, 50, 3, 193)
(201, 58, 7, 3, 190)
(110, 224, 32, 0, 121)
(299, 70, 16, 4, 160)
(0, 191, 13, 1, 168)
(242, 153, 0, 0, 195)
(295, 171, 5, 2, 210)
(140, 213, 2, 1, 91)
(33, 188, 7, 1, 188)
(265, 33, 20, 0, 131)
(65, 196, 91, 0, 141)
(253, 201, 6, 1, 190)
(245, 211, 0, 12, 209)
(222, 32, 3, 4, 228)
(251, 118, 23, 0, 242)
(150, 224, 127, 0, 170)
(29, 180, 13, 1, 151)
(299, 169, 0, 20, 115)
(38, 194, 0, 4, 195)
(116, 84, 11, 2, 183)
(229, 224, 50, 0, 180)
(296, 95, 2, 2, 236)
(42, 53, 9, 3, 101)
(260, 218, 0, 10, 102)
(258, 224, 0, 0, 195)
(269, 162, 8, 2, 231)
(277, 180, 4, 4, 208)
(299, 159, 0, 38, 182)
(145, 212, 10, 0, 48)
(255, 85, 0, 98, 69)
(270, 173, 0, 11, 19)
(222, 128, 5, 6, 239)
(241, 198, 4, 2, 205)
(248, 13, 0, 118, 13)
(46, 216, 2, 6, 209)
(193, 224, 8, 1, 163)
(209, 84, 1, 13, 149)
(95, 196, 3, 2, 99)
(156, 224, 114, 0, 117)
(253, 15, 4, 2, 203)
(17, 224, 87, 0, 101)
(171, 211, 46, 0, 30)
(255, 101, 2, 5, 196)
(269, 202, 0, 0, 169)
(297, 87, 2, 4, 215)
(258, 68, 4, 1, 214)
(267, 175, 2, 4, 206)
(251, 39, 3, 3, 220)
(184, 115, 115, 0, 247)
(11, 116, 2, 6, 180)
(299, 68, 0, 0, 100)
(299, 206, 0, 12, 23)
(208, 70, 4, 3, 235)
(270, 94, 0, 146, 115)
(154, 160, 4, 6, 123)
(277, 189, 2, 5, 172)
(129, 224, 139, 0, 31)
(238, 91, 10, 8, 222)
(268, 201, 3, 1, 186)
(223, 171, 32, 0, 0)
(166, 218, 2, 1, 156)
(292, 209, 1, 2, 188)
(288, 184, 0, 39, 118)
(299, 176, 0, 0, 99)
(299, 206, 0, 15, 56)
(285, 126, 5, 1, 239)
(20, 194, 119, 0, 255)
(193, 205, 3, 6, 215)
(136, 224, 82, 0, 31)
(262, 115, 0, 73, 85)
(257, 74, 3, 5, 144)
(73, 137, 12, 1, 122)
(191, 137, 5, 5, 252)
(157, 132, 1, 9, 211)
(113, 157, 1, 2, 182)
(204, 224, 63, 0, 201)
(234, 184, 33, 0, 164)
(298, 38, 1, 10, 210)
(299, 3, 0, 79, 230)
(239, 2, 0, 120, 121)
(273, 84, 0, 0, 158)
(204, 161, 2, 3, 248)
(198, 119, 52, 0, 75)
(133, 153, 1, 7, 204)
(270, 154, 3, 3, 217)
(292, 119, 7, 4, 195)
(299, 70, 0, 150, 64)
(81, 87, 1, 11, 79)
(243, 206, 0, 0, 5)
(249, 47, 2, 7, 221)
(282, 154, 6, 0, 157)
(7, 219, 6, 1, 224)
(190, 48, 6, 2, 155)
(86, 224, 94, 0, 39)
(55, 199, 10, 3, 242)
(254, 158, 35, 0, 237)
(169, 221, 138, 0, 72)
(182, 190, 1, 4, 206)
(244, 115, 2, 12, 145)
(256, 186, 3, 2, 160)
(61, 202, 5, 0, 210)
(69, 102, 3, 3, 33)
(283, 205, 0, 16, 195)
(281, 184, 0, 20, 238)
(280, 177, 11, 1, 208)
(255, 182, 4, 1, 219)
(260, 0, 2, 2, 123)
(245, 208, 6, 1, 199)
(63, 224, 14, 0, 19)
(52, 189, 252, 0, 24)
(152, 164, 2, 17, 250)
(287, 159, 0, 5, 54)
(299, 224, 0, 0, 110)
(61, 189, 12, 3, 203)
(244, 52, 4, 2, 155)
(269, 111, 10, 3, 228)
(273, 114, 3, 3, 227)
(108, 193, 1, 2, 61)
(11, 111, 8, 3, 66)
(99, 201, 86, 0, 20)
(228, 63, 0, 0, 122)
(250, 224, 26, 0, 0)
(299, 55, 0, 141, 94)
(182, 198, 117, 0, 101)
(243, 184, 0, 16, 111)
(236, 136, 5, 4, 154)
(244, 16, 2, 4, 139)
(190, 181, 95, 0, 186)
(150, 68, 5, 4, 132)
(48, 147, 14, 3, 243)
(103, 66, 0, 23, 10)
(61, 224, 5, 0, 175)
(294, 55, 4, 2, 218)
(286, 60, 0, 25, 234)
(216, 220, 17, 0, 207)
(265, 224, 21, 0, 128)
(66, 205, 3, 3, 243)
(204, 156, 21, 0, 194)
(166, 63, 8, 9, 168)
(299, 201, 0, 23, 41)
(179, 224, 19, 0, 97)
(270, 130, 3, 3, 239)
(258, 72, 0, 47, 162)
(36, 213, 241, 0, 198)
(22, 224, 28, 0, 99)
(252, 36, 3, 3, 225)
(273, 177, 0, 0, 33)
(137, 155, 6, 2, 240)
(112, 171, 11, 0, 202)
(18, 35, 15, 4, 206)
(64, 59, 7, 8, 145)
(105, 142, 14, 1, 240)
(283, 188, 0, 4, 66)
(230, 224, 0, 0, 21)
(36, 224, 53, 0, 62)
(258, 149, 0, 0, 22)
(69, 28, 3, 27, 224)
(70, 42, 7, 4, 159)
(284, 185, 0, 24, 193)
(249, 37, 2, 3, 122)
(251, 107, 1, 11, 151)
(0, 103, 3, 9, 88)
(287, 62, 0, 4, 169)
(22, 55, 2, 8, 85)
(36, 59, 3, 16, 201)
(213, 167, 3, 9, 233)
(63, 142, 1, 5, 247)
(234, 224, 1, 1, 186)
(293, 210, 0, 14, 107)
(299, 152, 28, 3, 180)
(152, 108, 4, 5, 146)
(270, 80, 1, 17, 172)
(236, 209, 18, 0, 177)
(286, 203, 17, 0, 67)
(153, 158, 1, 4, 83)
(269, 224, 6, 0, 171)
(142, 207, 11, 1, 201)
(104, 177, 163, 0, 80)
(255, 215, 9, 1, 231)
(140, 191, 35, 0, 0)
(299, 84, 0, 133, 64)
(143, 224, 22, 0, 229)
(19, 224, 20, 0, 40)
(165, 224, 83, 0, 146)
(299, 98, 0, 47, 0)
(142, 88, 3, 3, 72)
(146, 192, 5, 1, 237)
(214, 171, 0, 18, 145)
(200, 224, 31, 0, 166)
(129, 159, 128, 0, 200)
(279, 83, 0, 71, 72)
(264, 112, 0, 48, 127)
(46, 191, 34, 0, 209)
(289, 21, 0, 29, 6)
(195, 107, 13, 2, 112)
(164, 49, 1, 16, 213)
(294, 71, 0, 30, 51)
(207, 25, 7, 7, 240)
(290, 189, 3, 2, 146)
(123, 27, 1, 2, 77)
(289, 8, 0, 186, 102)
(0, 210, 295, 0, 150)
(73, 224, 115, 0, 232)
(66, 224, 38, 0, 244)
(299, 165, 0, 20, 237)
(223, 116, 2, 7, 96)
(117, 94, 1, 4, 52)
(151, 154, 5, 3, 188)
(229, 138, 0, 53, 76)
(173, 218, 0, 12, 127)
(259, 188, 37, 0, 20)
(83, 222, 140, 0, 13)
(162, 218, 2, 2, 189)
(243, 224, 43, 0, 145)
(115, 224, 157, 0, 49)
(262, 47, 5, 1, 188)
(121, 224, 47, 0, 203)
(263, 115, 3, 13, 210)
(294, 108, 0, 82, 255)
(299, 61, 0, 41, 78)
(227, 137, 7, 2, 222)
(286, 212, 5, 1, 194)
(237, 16, 3, 9, 137)
(299, 132, 0, 37, 22)
(208, 224, 86, 0, 98)
(93, 204, 3, 5, 175)
(274, 199, 0, 18, 38)
(299, 224, 0, 0, 229)
(273, 37, 1, 3, 235)
(108, 144, 4, 1, 62)
(256, 197, 0, 16, 132)
(299, 16, 0, 51, 255)
(77, 142, 5, 1, 112)
(0, 224, 193, 0, 33)
(103, 224, 127, 0, 170)
(298, 224, 9, 0, 211)
(116, 125, 2, 5, 222)
(286, 106, 4, 2, 221)
(266, 191, 0, 6, 73)
(144, 206, 4, 7, 195)
(246, 156, 9, 1, 168)
(236, 213, 43, 0, 193)
(283, 170, 20, 0, 30)
(241, 7, 7, 7, 231)
(281, 12, 1, 7, 186)
(242, 197, 0, 0, 225)
(272, 185, 2, 4, 195)
(297, 111, 2, 6, 219)
(264, 201, 1, 1, 176)
(77, 169, 9, 2, 248)
(299, 162, 0, 51, 91)
(225, 202, 14, 1, 196)
(261, 18, 1, 7, 224)
(24, 61, 3, 8, 79)
(46, 224, 86, 0, 230)
(28, 208, 34, 0, 96)
(95, 202, 2, 1, 229)
(138, 161, 1, 16, 169)
(210, 154, 3, 4, 174)
(96, 224, 91, 0, 58)
(156, 155, 2, 12, 148)
(200, 70, 5, 3, 101)
(0, 198, 179, 0, 40)
(279, 186, 3, 0, 9)
(268, 88, 3, 4, 205)
(210, 47, 7, 2, 142)
(287, 99, 4, 1, 204)
(299, 125, 0, 7, 21)
(275, 221, 4, 0, 134)
(249, 195, 50, 0, 21)
(285, 190, 5, 4, 167)
(207, 78, 3, 3, 89)
(37, 198, 60, 0, 241)
(131, 169, 1, 14, 218)
(299, 144, 0, 3, 116)
(28, 204, 18, 0, 117)
(284, 224, 15, 0, 204)
(279, 7, 0, 125, 34)
(273, 143, 3, 4, 229)
(7, 96, 8, 3, 69)
(299, 160, 0, 24, 95)
(299, 132, 0, 38, 204)
(274, 66, 0, 40, 79)
(281, 198, 3, 1, 243)
(299, 138, 0, 86, 174)
(299, 223, 0, 3, 0)
(299, 200, 10, 4, 162)
(229, 41, 2, 20, 203)
(219, 221, 16, 0, 149)
(248, 125, 1, 1, 222)
(26, 224, 8, 5, 184)
(0, 224, 149, 0, 44)
(265, 164, 27, 0, 192)
(244, 146, 2, 3, 247)
(271, 186, 0, 10, 82)
(270, 108, 4, 0, 105)
(27, 8, 23, 5, 200)
(130, 224, 56, 0, 33)
(282, 30, 0, 139, 70)
(299, 36, 18, 3, 192)
(107, 204, 13, 0, 60)
(189, 210, 10, 1, 215)
(60, 170, 1, 1, 103)
(288, 205, 4, 1, 181)
(299, 1, 0, 38, 164)
(222, 210, 10, 5, 195)
(115, 103, 99, 0, 13)
(122, 159, 6, 6, 62)
(212, 67, 2, 14, 169)
(0, 186, 11, 1, 71)
(299, 31, 0, 127, 200)
(120, 173, 3, 12, 76)
(142, 138, 70, 0, 140)
(298, 61, 2, 4, 220)
(214, 200, 5, 6, 226)
(299, 86, 0, 25, 239)
(271, 224, 8, 0, 8)
(97, 134, 3, 5, 250)
(298, 210, 0, 0, 175)
(55, 197, 130, 0, 50)
(289, 185, 4, 1, 174)
(10, 224, 0, 0, 120)
(180, 216, 109, 0, 0)
(242, 224, 3, 10, 154)
(199, 156, 6, 1, 116)
(296, 205, 6, 0, 172)
(272, 201, 4, 2, 155)
(229, 221, 1, 2, 164)
(250, 209, 2, 2, 207)
(0, 182, 4, 1, 218)
(296, 65, 4, 2, 181)
(223, 224, 10, 0, 97)
(253, 10, 31, 0, 109)
(266, 86, 3, 2, 148)
(153, 168, 24, 0, 39)
(112, 119, 19, 3, 223)
(299, 5, 0, 116, 128)
(299, 224, 0, 0, 163)
(286, 224, 0, 0, 98)
(153, 140, 7, 1, 173)
(299, 211, 0, 0, 188)
(294, 134, 15, 1, 226)
(14, 197, 4, 13, 192)
(275, 13, 5, 0, 166)
(125, 212, 69, 0, 210)
(192, 192, 97, 0, 44)
(299, 205, 0, 17, 39)
(178, 187, 3, 3, 243)
(267, 44, 6, 7, 158)
(284, 181, 11, 1, 205)
(274, 195, 0, 3, 87)
(113, 48, 6, 7, 73)
(218, 96, 1, 10, 183)
(257, 0, 0, 38, 255)
(268, 129, 2, 4, 126)
(299, 0, 0, 18, 157)
(256, 30, 2, 6, 154)
(8, 143, 4, 1, 49)
(88, 30, 2, 8, 184)
(290, 218, 0, 0, 234)
(289, 154, 3, 2, 215)
(299, 93, 1, 2, 196)
(253, 62, 9, 2, 201)
(288, 185, 0, 0, 237)
(152, 56, 8, 3, 201)
(276, 82, 0, 36, 4)
(267, 19, 0, 135, 127)
(174, 224, 50, 0, 52)
(79, 224, 5, 2, 207)
(233, 126, 1, 8, 133)
(269, 166, 7, 1, 201)
(258, 69, 0, 23, 195)
(275, 197, 1, 3, 197)
(81, 223, 96, 0, 50)
(61, 148, 7, 4, 132)
(177, 128, 2, 19, 136)
(245, 144, 27, 0, 211)
(130, 224, 137, 0, 144)
(149, 98, 3, 5, 136)
(255, 57, 0, 127, 162)
(137, 111, 8, 2, 103)
(293, 69, 0, 0, 60)
(298, 173, 0, 0, 148)
(32, 205, 10, 2, 201)
(271, 199, 0, 4, 87)
(164, 116, 2, 9, 123)
(0, 224, 87, 0, 7)
(293, 203, 6, 0, 224)
(30, 147, 8, 9, 166)
(11, 144, 0, 0, 100)
(176, 9, 74, 3, 225)
(104, 206, 9, 1, 209)
(290, 175, 9, 1, 228)
(290, 153, 0, 15, 0)
(192, 127, 34, 0, 68)
(214, 224, 24, 0, 149)
(299, 214, 0, 17, 82)
(257, 222, 6, 1, 129)
(299, 52, 0, 82, 226)
(44, 132, 1, 2, 130)
(248, 192, 0, 3, 56)
(162, 169, 0, 32, 20)
(210, 98, 11, 3, 125)
(251, 90, 0, 52, 9)
(173, 224, 51, 0, 37)
(92, 224, 98, 0, 65)
(236, 146, 0, 47, 117)
(220, 162, 3, 2, 193)
(108, 224, 71, 0, 20)
(1, 84, 42, 3, 122)
(155, 194, 36, 0, 149)
(299, 180, 0, 8, 165)
(106, 52, 2, 21, 146)
(299, 50, 0, 0, 149)
(28, 71, 0, 114, 150)
(259, 191, 2, 0, 181)
(288, 136, 4, 2, 233)
(0, 224, 0, 0, 121)
(15, 210, 0, 0, 156)
(60, 50, 3, 10, 78)
(268, 128, 1, 2, 215)
(299, 36, 0, 16, 159)
(282, 187, 2, 2, 195)
(248, 34, 1, 3, 242)
(262, 166, 0, 44, 68)
(14, 224, 0, 0, 141)
(294, 197, 0, 13, 128)
(211, 222, 61, 0, 182)
(249, 214, 0, 7, 64)
(282, 215, 0, 9, 230)
(277, 76, 2, 1, 226)
(274, 191, 0, 0, 57)
(288, 69, 7, 2, 183)
(280, 60, 0, 11, 202)
(237, 67, 1, 11, 133)
(258, 131, 4, 1, 199)
(76, 191, 18, 0, 130)
(112, 180, 2, 6, 226)
(290, 185, 0, 31, 113)
(277, 131, 18, 0, 245)
(277, 156, 0, 0, 131)
(159, 197, 1, 2, 138)
(278, 46, 0, 44, 37)
(175, 108, 3, 4, 203)
(142, 185, 4, 4, 121)
(294, 84, 0, 118, 14)
(172, 179, 1, 5, 186)
(299, 190, 0, 18, 139)
(274, 49, 0, 155, 67)
(260, 132, 0, 37, 177)
(257, 167, 0, 50, 78)
(299, 164, 0, 7, 197)
(281, 157, 5, 1, 165)
(174, 192, 24, 0, 126)
(201, 224, 41, 0, 116)
(268, 194, 7, 0, 248)
(241, 224, 34, 0, 51)
(283, 149, 1, 7, 205)
(267, 60, 14, 1, 200)
(276, 203, 4, 2, 165)
(257, 216, 3, 1, 207)
(249, 170, 0, 42, 187)
(121, 224, 26, 0, 238)
(47, 154, 1, 7, 185)
(135, 218, 16, 0, 21)
(197, 162, 5, 1, 185)
(168, 178, 2, 8, 139)
(289, 0, 0, 58, 11)
(120, 20, 12, 4, 173)
(229, 65, 0, 104, 87)
(202, 152, 7, 2, 243)
(259, 33, 0, 69, 187)
(199, 224, 3, 0, 115)
(78, 147, 10, 5, 169)
(256, 209, 0, 0, 188)
(8, 111, 1, 10, 80)
(176, 147, 0, 17, 140)
(143, 3, 40, 0, 109)
(251, 148, 2, 3, 206)
(211, 118, 1, 6, 198)
(299, 209, 0, 2, 0)
(292, 160, 1, 5, 218)
(294, 224, 0, 0, 55)
(299, 111, 0, 86, 129)
(223, 221, 6, 3, 150)
(72, 222, 148, 0, 185)
(212, 164, 11, 1, 140)
(250, 196, 0, 0, 91)
(35, 166, 14, 3, 63)
(299, 172, 0, 54, 131)
(192, 124, 0, 35, 23)
(66, 126, 115, 0, 93)
(240, 214, 0, 10, 173)
(289, 80, 10, 2, 177)
(273, 34, 5, 3, 203)
(279, 215, 0, 0, 160)
(299, 224, 0, 0, 33)
(299, 183, 0, 13, 197)
(117, 224, 0, 0, 52)
(299, 218, 0, 0, 59)
(282, 182, 0, 0, 72)
(177, 205, 56, 0, 245)
(96, 224, 136, 0, 210)
(299, 166, 0, 0, 99)
(282, 224, 0, 0, 244)
(261, 195, 5, 1, 196)
(250, 104, 5, 0, 142)
(272, 104, 0, 59, 250)
(201, 185, 2, 6, 197)
(122, 157, 0, 13, 9)
(186, 132, 10, 3, 244)
(166, 130, 1, 10, 192)
(220, 168, 53, 0, 173)
(22, 93, 23, 0, 59)
(99, 224, 145, 0, 116)
(299, 175, 0, 26, 35)
(106, 164, 14, 0, 153)
(130, 214, 101, 0, 139)
(248, 208, 1, 2, 169)
(226, 113, 0, 34, 115)
(5, 177, 37, 2, 76)
(142, 224, 104, 0, 12)
(36, 210, 168, 0, 38)
(78, 197, 0, 0, 30)
(169, 22, 3, 12, 232)
(135, 203, 0, 21, 1)
(220, 224, 75, 0, 94)
(176, 114, 6, 2, 189)
(12, 208, 121, 0, 191)
(299, 2, 0, 191, 255)
(281, 220, 0, 0, 9)
(207, 224, 92, 0, 78)
(25, 118, 7, 13, 183)
(56, 89, 5, 1, 82)
(299, 224, 0, 0, 230)
(277, 195, 0, 0, 38)
(132, 67, 1, 6, 129)
(191, 224, 81, 0, 119)
(144, 187, 54, 0, 63)
(192, 115, 4, 2, 159)
(109, 88, 4, 5, 168)
(255, 200, 2, 1, 188)
(137, 33, 1, 12, 113)
(299, 16, 0, 189, 117)
(270, 165, 0, 8, 145)
(86, 224, 119, 0, 132)
(299, 106, 0, 37, 16)
(290, 198, 0, 21, 196)
(149, 224, 0, 0, 207)
(299, 203, 0, 21, 72)
(299, 224, 0, 2, 26)
(242, 224, 10, 0, 39)
(297, 224, 0, 0, 228)
(204, 211, 0, 6, 128)
(233, 59, 3, 5, 148)
(38, 109, 0, 3, 55)
(151, 166, 1, 21, 220)
(192, 141, 0, 0, 95)
(55, 212, 43, 1, 206)
(0, 224, 254, 0, 97)
(8, 204, 139, 0, 140)
(218, 13, 81, 0, 223)
(215, 200, 3, 1, 195)
(248, 193, 1, 2, 161)
(291, 161, 6, 1, 212)
(202, 134, 0, 0, 0)
(178, 145, 5, 4, 248)
(188, 30, 0, 60, 178)
(55, 224, 110, 0, 119)
(242, 183, 0, 7, 118)
(286, 135, 5, 1, 187)
(210, 197, 21, 0, 157)
(299, 205, 0, 0, 123)
(79, 215, 15, 3, 193)
(145, 224, 0, 0, 106)
(274, 206, 0, 0, 248)
(299, 64, 0, 90, 183)
(248, 126, 9, 4, 170)
(239, 68, 25, 0, 121)
(296, 36, 0, 156, 139)
(211, 34, 3, 10, 212)
(130, 208, 3, 11, 218)
(245, 50, 0, 32, 85)
(102, 224, 175, 0, 70)
(270, 73, 6, 1, 173)
(253, 208, 5, 2, 170)
(249, 166, 0, 0, 90)
(230, 168, 2, 2, 248)
(286, 141, 1, 11, 211)
(209, 63, 1, 5, 120)
(92, 215, 48, 0, 183)
(120, 224, 98, 0, 67)
(272, 30, 0, 0, 31)
(102, 204, 0, 0, 205)
(117, 224, 96, 0, 23)
(84, 188, 5, 2, 134)
(272, 184, 0, 39, 135)
(129, 224, 64, 0, 175)
(44, 208, 18, 0, 103)
(104, 196, 0, 9, 1)
(247, 4, 4, 1, 169)
(64, 135, 1, 1, 255)
(297, 41, 0, 84, 122)
(271, 150, 2, 3, 150)
(163, 200, 3, 4, 106)
(291, 124, 6, 3, 220)
(283, 106, 2, 5, 157)
(276, 169, 3, 1, 187)
(99, 206, 4, 1, 180)
(252, 39, 0, 172, 58)
(299, 71, 0, 70, 209)
(261, 224, 38, 0, 125)
(284, 129, 5, 2, 204)
(152, 223, 93, 0, 164)
(278, 224, 0, 0, 135)
(299, 224, 5, 0, 230)
(246, 207, 53, 0, 192)
(246, 224, 0, 0, 40)
(237, 215, 8, 0, 85)
(177, 75, 4, 1, 194)
(233, 119, 34, 0, 155)
(265, 215, 20, 0, 19)
(246, 217, 0, 0, 244)
(41, 65, 2, 9, 131)
(247, 224, 2, 0, 201)
(275, 127, 3, 1, 121)
(13, 218, 119, 0, 173)
(228, 89, 1, 4, 188)
(228, 186, 6, 2, 214)
(184, 168, 11, 1, 255)
(227, 43, 3, 4, 234)
(136, 215, 4, 2, 180)
(0, 211, 186, 0, 32)
(299, 221, 0, 0, 124)
(299, 55, 0, 29, 38)
(275, 215, 14, 0, 0)
(84, 172, 14, 2, 246)
(105, 48, 13, 4, 66)
(256, 76, 0, 0, 13)
(163, 33, 2, 6, 218)
(119, 204, 66, 0, 131)
(270, 107, 0, 28, 225)
(55, 160, 17, 1, 198)
(201, 157, 0, 24, 110)
(293, 202, 0, 0, 240)
(299, 53, 0, 147, 110)
(110, 58, 1, 9, 110)
(227, 82, 3, 2, 114)
(231, 51, 2, 1, 83)
(243, 224, 0, 0, 252)
(182, 204, 3, 4, 193)
(205, 224, 82, 0, 42)
(279, 121, 2, 1, 126)
(183, 65, 13, 1, 92)
(245, 178, 0, 40, 109)
(269, 97, 0, 9, 227)
(206, 214, 67, 0, 150)
(83, 177, 12, 1, 188)
(257, 10, 1, 5, 238)
(212, 112, 9, 6, 109)
(127, 193, 151, 0, 83)
(275, 185, 0, 5, 1)
(251, 217, 4, 2, 174)
(88, 201, 156, 0, 120)
(263, 88, 0, 62, 190)
(245, 178, 35, 0, 214)
(280, 224, 0, 0, 0)
(1, 138, 6, 1, 48)
(241, 23, 4, 6, 188)
(235, 101, 21, 0, 196)
(237, 180, 8, 3, 223)
(289, 218, 0, 3, 59)
(79, 191, 4, 1, 227)
(289, 211, 9, 0, 86)
(282, 192, 17, 0, 39)
(277, 44, 0, 0, 235)
(274, 153, 0, 25, 144)
(234, 224, 0, 6, 127)
(278, 172, 0, 0, 176)
(265, 208, 5, 2, 145)
(256, 73, 4, 2, 192)
(166, 224, 101, 0, 0)
(255, 174, 0, 0, 28)
(124, 142, 3, 2, 58)
(291, 95, 3, 2, 145)
(267, 142, 7, 1, 123)
(16, 224, 97, 0, 52)
(0, 134, 3, 4, 60)
(299, 224, 0, 0, 55)
(299, 169, 0, 36, 51)
(102, 73, 1, 8, 209)
(289, 85, 3, 3, 176)
(279, 216, 36, 0, 116)
(91, 149, 2, 5, 74)
(213, 161, 8, 2, 91)
(299, 184, 0, 16, 29)
(57, 208, 109, 0, 222)
(99, 221, 14, 1, 208)
(285, 0, 0, 12, 164)
(299, 14, 0, 98, 255)
(38, 145, 14, 4, 240)
(277, 129, 0, 95, 239)
(57, 211, 42, 0, 81)
(254, 141, 0, 0, 187)
(134, 184, 1, 6, 95)
(53, 136, 24, 1, 147)
(259, 147, 1, 5, 176)
(280, 70, 0, 9, 21)
(15, 224, 280, 0, 75)
(299, 102, 0, 13, 144)
(278, 78, 2, 1, 159)
(70, 194, 27, 1, 217)
(271, 199, 0, 20, 141)
(211, 222, 54, 0, 170)
(209, 168, 8, 0, 189)
(55, 214, 90, 0, 95)
(251, 113, 8, 1, 190)
(206, 224, 54, 0, 200)
(241, 214, 9, 1, 166)
(36, 224, 90, 0, 55)
(287, 75, 0, 87, 5)
(129, 212, 0, 0, 123)
(246, 57, 3, 9, 162)
(215, 197, 2, 1, 149)
(284, 185, 2, 1, 203)
(299, 143, 0, 8, 93)
(73, 218, 206, 0, 245)
(182, 222, 0, 0, 38)
(297, 43, 2, 2, 183)
(299, 200, 0, 16, 248)
(119, 56, 8, 4, 178)
(270, 224, 0, 4, 81)
(36, 191, 0, 0, 58)
(13, 73, 5, 3, 230)
(236, 192, 30, 1, 174)
(272, 217, 12, 1, 157)
(62, 156, 11, 1, 136)
(178, 220, 15, 0, 13)
(296, 116, 0, 0, 59)
(166, 39, 4, 3, 219)
(253, 103, 2, 20, 206)
(299, 159, 0, 37, 6)
(154, 200, 1, 3, 175)
(275, 184, 24, 0, 147)
(172, 17, 17, 9, 233)
(24, 224, 234, 0, 128)
(295, 224, 12, 0, 157)
(104, 179, 0, 32, 80)
(207, 171, 4, 2, 193)
(238, 149, 3, 2, 101)
(65, 224, 146, 0, 204)
(149, 179, 98, 0, 167)
(127, 207, 4, 0, 224)
(242, 113, 2, 3, 222)
(116, 179, 3, 2, 87)
(123, 181, 1, 5, 136)
(125, 9, 7, 1, 159)
(180, 142, 0, 0, 180)
(271, 18, 1, 7, 202)
(0, 224, 0, 0, 93)
(219, 125, 9, 1, 130)
(66, 99, 83, 0, 51)
(270, 20, 0, 136, 120)
(65, 172, 56, 0, 113)
(204, 209, 5, 0, 48)
(288, 207, 26, 0, 10)
(243, 147, 1, 1, 178)
(166, 9, 0, 144, 119)
(116, 113, 0, 11, 189)
(236, 120, 0, 76, 240)
(208, 186, 4, 3, 252)
(39, 158, 41, 0, 133)
(209, 160, 14, 1, 89)
(247, 58, 0, 70, 85)
(120, 222, 135, 0, 79)
(126, 58, 3, 2, 84)
(299, 163, 0, 21, 110)
(172, 157, 5, 2, 248)
(137, 129, 3, 5, 141)
(238, 210, 32, 0, 230)
(162, 224, 35, 0, 200)
(93, 207, 5, 1, 178)
(279, 185, 0, 0, 83)
(175, 217, 6, 2, 213)
(255, 31, 0, 78, 95)
(151, 26, 0, 33, 221)
(226, 224, 48, 0, 166)
(255, 13, 0, 110, 246)
(255, 18, 4, 0, 69)
(100, 183, 2, 7, 65)
(262, 71, 2, 10, 209)
(13, 84, 8, 2, 65)
(276, 217, 17, 0, 146)
(110, 133, 4, 3, 58)
(299, 204, 0, 12, 201)
(289, 79, 0, 45, 72)
(282, 137, 2, 4, 155)
(299, 199, 0, 0, 179)
(288, 200, 1, 5, 186)
(64, 207, 3, 2, 210)
(296, 105, 3, 2, 219)
(24, 112, 23, 3, 143)
(50, 33, 2, 6, 124)
(180, 190, 2, 1, 223)
(281, 181, 18, 0, 248)
(299, 147, 17, 0, 42)
(299, 224, 12, 0, 244)
(135, 168, 2, 9, 210)
(233, 153, 4, 1, 151)
(299, 84, 0, 58, 96)
(257, 112, 2, 8, 185)
(202, 212, 0, 12, 64)
(199, 178, 43, 0, 133)
(240, 85, 7, 3, 215)
(189, 184, 9, 1, 251)
(86, 205, 0, 19, 48)
(287, 224, 3, 0, 50)
(254, 219, 3, 1, 173)
(283, 90, 0, 22, 133)
(245, 167, 45, 0, 176)
(293, 224, 6, 0, 149)
(278, 212, 1, 2, 165)
(125, 185, 27, 0, 0)
(292, 90, 0, 114, 135)
(299, 190, 0, 0, 53)
(182, 188, 9, 0, 80)
(166, 185, 62, 0, 115)
(26, 190, 5, 9, 215)
(299, 14, 0, 39, 133)
(299, 184, 0, 0, 47)
(267, 224, 0, 0, 132)
(299, 22, 0, 50, 136)
(282, 100, 0, 11, 151)
(143, 123, 2, 6, 177)
(83, 115, 10, 4, 183)
(175, 97, 1, 16, 165)
(271, 158, 2, 5, 182)
(299, 219, 0, 3, 43)
(295, 0, 0, 2, 144)
(209, 142, 9, 5, 236)
(136, 204, 10, 1, 238)
(216, 105, 2, 2, 221)
(0, 210, 97, 0, 228)
(101, 221, 0, 0, 161)
(219, 41, 2, 3, 198)
(246, 77, 4, 6, 145)
(280, 87, 0, 137, 47)
(20, 220, 186, 0, 172)
(262, 73, 0, 15, 96)
(140, 125, 1, 6, 155)
(212, 172, 0, 0, 110)
(196, 222, 9, 0, 135)
(271, 195, 4, 2, 172)
(289, 202, 10, 0, 127)
(124, 214, 145, 0, 180)
(19, 218, 148, 0, 220)
(197, 145, 1, 7, 217)
(266, 36, 0, 22, 17)
(222, 224, 75, 0, 112)
(129, 200, 26, 0, 255)
(43, 213, 2, 1, 187)
(299, 4, 0, 29, 0)
(280, 127, 0, 26, 255)
(147, 195, 4, 1, 234)
(263, 110, 15, 2, 216)
(288, 157, 9, 1, 146)
(297, 32, 0, 48, 0)
(291, 72, 2, 3, 143)
(194, 215, 40, 0, 245)
(245, 215, 29, 0, 255)
(108, 184, 1, 3, 110)
(291, 185, 0, 33, 101)
(299, 168, 0, 19, 181)
(299, 224, 0, 0, 77)
(298, 208, 1, 2, 165)
(255, 194, 0, 23, 56)
(241, 220, 2, 2, 164)
(223, 170, 0, 27, 40)
(181, 220, 27, 0, 175)
(276, 75, 2, 2, 215)
(84, 95, 0, 14, 135)
(0, 222, 191, 0, 185)
(299, 201, 0, 23, 171)
(85, 208, 130, 0, 194)
(104, 152, 5, 4, 247)
(189, 222, 0, 19, 163)
(299, 191, 0, 0, 153)
(151, 219, 0, 18, 164)
(95, 208, 87, 0, 0)
(267, 171, 4, 1, 181)
(203, 195, 10, 0, 105)
(66, 85, 21, 2, 175)
(212, 117, 4, 2, 228)
(64, 211, 4, 6, 194)
(299, 74, 0, 76, 67)
(263, 223, 1, 1, 123)
(286, 64, 0, 10, 69)
(81, 224, 24, 0, 28)
(295, 98, 0, 42, 250)
(256, 188, 17, 1, 178)
(25, 224, 130, 0, 207)
(108, 132, 2, 3, 182)
(272, 164, 1, 8, 234)
(206, 182, 6, 4, 228)
(277, 70, 0, 6, 166)
(299, 53, 0, 31, 0)
(272, 182, 0, 50, 188)
(299, 182, 1, 2, 175)
(169, 79, 2, 5, 155)
(297, 110, 2, 1, 164)
(240, 148, 2, 1, 92)
(286, 0, 0, 113, 248)
(81, 220, 126, 0, 227)
(110, 203, 42, 0, 29)
(294, 224, 0, 0, 0)
(261, 173, 0, 2, 128)
(86, 141, 10, 3, 178)
(299, 224, 0, 0, 216)
(12, 224, 24, 0, 243)
(293, 193, 0, 0, 255)
(299, 184, 0, 6, 79)
(283, 206, 22, 0, 69)
(296, 57, 0, 18, 205)
(285, 179, 0, 30, 118)
(103, 43, 144, 0, 29)
(209, 129, 9, 1, 113)
(289, 188, 10, 0, 132)
(206, 76, 0, 69, 78)
(83, 224, 10, 0, 0)
(274, 157, 0, 9, 181)
(155, 164, 0, 40, 41)
(131, 5, 3, 4, 74)
(223, 155, 10, 1, 151)
(159, 224, 16, 0, 130)
(1, 43, 7, 5, 65)
(133, 209, 0, 13, 85)
(4, 68, 10, 4, 78)
(265, 189, 10, 1, 168)
(271, 86, 0, 110, 180)
(263, 154, 2, 2, 142)
(101, 213, 8, 2, 238)
(198, 115, 93, 0, 102)
(299, 224, 0, 0, 16)
(245, 98, 4, 1, 172)
(76, 196, 6, 2, 123)
(240, 43, 2, 13, 178)
(37, 219, 175, 0, 121)
(170, 120, 2, 3, 206)
(291, 150, 2, 2, 128)
(27, 224, 203, 0, 180)
(253, 0, 0, 43, 38)
(291, 147, 4, 2, 173)
(36, 186, 65, 0, 106)
(299, 136, 0, 0, 105)
(254, 133, 2, 4, 146)
(291, 165, 8, 1, 195)
(70, 179, 12, 1, 223)
(299, 57, 0, 16, 37)
(183, 189, 32, 0, 185)
(108, 189, 0, 0, 194)
(150, 94, 1, 6, 177)
(195, 178, 33, 0, 172)
(281, 46, 1, 2, 168)
(299, 215, 0, 20, 239)
(274, 195, 0, 2, 1)
(130, 203, 4, 2, 141)
(278, 130, 0, 28, 80)
(19, 204, 7, 11, 193)
(243, 125, 32, 0, 10)
(145, 202, 132, 0, 116)
(299, 90, 0, 30, 41)
(49, 179, 20, 1, 161)
(1, 213, 243, 0, 54)
(299, 173, 0, 24, 116)
(171, 224, 46, 0, 72)
(290, 198, 1, 1, 230)
(280, 224, 0, 0, 110)
(26, 224, 64, 0, 167)
(282, 2, 2, 2, 203)
(266, 140, 2, 1, 228)
(285, 117, 0, 104, 177)
(170, 195, 29, 0, 0)
(2, 127, 111, 0, 12)
(273, 156, 1, 1, 154)
(146, 166, 2, 16, 106)
(299, 149, 0, 56, 28)
(299, 147, 0, 0, 199)
(228, 0, 0, 23, 105)
(197, 99, 12, 2, 194)
(251, 202, 48, 0, 70)
(262, 179, 5, 1, 236)
(99, 124, 11, 4, 181)
(117, 199, 142, 0, 37)
(280, 52, 0, 11, 111)
(275, 106, 0, 38, 131)
(206, 71, 73, 0, 99)
(227, 65, 16, 1, 193)
(100, 201, 19, 0, 96)
(284, 179, 9, 1, 178)
(299, 224, 0, 0, 129)
(200, 195, 2, 3, 118)
(182, 172, 3, 3, 218)
(271, 25, 0, 122, 136)
(118, 209, 74, 0, 84)
(282, 172, 9, 3, 222)
(279, 91, 1, 2, 201)
(249, 193, 0, 0, 144)
(298, 195, 5, 0, 226)
(291, 107, 2, 1, 154)
(105, 52, 1, 7, 76)
(290, 54, 2, 3, 192)
(114, 224, 51, 0, 61)
(264, 181, 0, 1, 29)
(299, 201, 0, 8, 156)
(23, 91, 3, 10, 78)
(215, 146, 26, 0, 0)
(141, 219, 89, 0, 83)
(252, 181, 3, 2, 204)
(43, 224, 4, 0, 129)
(207, 44, 0, 155, 127)
(299, 109, 0, 1, 139)
(184, 147, 5, 3, 233)
(84, 220, 31, 0, 159)
(212, 189, 1, 4, 205)
(299, 43, 0, 118, 50)
(74, 224, 203, 0, 83)
(222, 45, 2, 2, 106)
(106, 212, 9, 3, 228)
(244, 218, 2, 3, 145)
(299, 64, 0, 13, 174)
(48, 90, 1, 6, 80)
(93, 201, 28, 0, 21)
(299, 200, 0, 4, 122)
(200, 173, 5, 1, 177)
(0, 206, 98, 0, 250)
(223, 111, 6, 5, 151)
(284, 47, 0, 107, 26)
(81, 208, 20, 1, 201)
(299, 224, 0, 0, 179)
(148, 145, 1, 3, 98)
(218, 205, 11, 1, 211)
(188, 71, 4, 4, 147)
(176, 100, 16, 1, 130)
(195, 199, 0, 6, 42)
(128, 220, 10, 1, 186)
(169, 224, 27, 0, 159)
(276, 206, 3, 1, 193)
(299, 187, 0, 0, 61)
(199, 177, 48, 1, 243)
(21, 191, 26, 1, 221)
(259, 155, 0, 0, 176)
(164, 215, 6, 2, 220)
(28, 211, 24, 0, 16)
(262, 224, 12, 0, 249)
(293, 224, 0, 0, 141)
(168, 204, 3, 3, 125)
(166, 193, 6, 4, 248)
(198, 110, 14, 2, 147)
(287, 127, 0, 24, 147)
(203, 44, 3, 8, 127)
(32, 224, 43, 0, 13)
(274, 171, 0, 8, 49)
(284, 205, 0, 0, 36)
(151, 81, 18, 2, 110)
(151, 152, 1, 3, 79)
(202, 176, 4, 0, 38)
(297, 50, 2, 3, 170)
(27, 224, 172, 0, 40)
(242, 35, 0, 84, 190)
(0, 126, 8, 4, 186)
(252, 185, 4, 1, 220)
(241, 73, 0, 54, 124)
(283, 207, 16, 0, 197)
(264, 38, 0, 139, 124)
(107, 213, 4, 2, 216)
(298, 222, 1, 0, 235)
(225, 123, 0, 48, 214)
(297, 223, 2, 1, 95)
(299, 171, 8, 3, 212)
(292, 211, 0, 6, 121)
(277, 73, 5, 2, 143)
(285, 67, 0, 0, 176)
(177, 91, 1, 15, 113)
(28, 84, 0, 0, 50)
(188, 90, 6, 4, 140)
(299, 51, 0, 134, 161)
(268, 224, 0, 0, 75)
(276, 202, 23, 0, 135)
(296, 0, 0, 71, 145)
(290, 216, 18, 0, 77)
(293, 8, 2, 7, 148)
(251, 217, 1, 1, 207)
(85, 224, 6, 1, 180)
(235, 194, 2, 3, 209)
(160, 224, 86, 0, 10)
(77, 215, 4, 4, 181)
(299, 186, 0, 16, 19)
(107, 215, 7, 4, 221)
(281, 92, 2, 5, 163)
(275, 162, 0, 19, 248)
(164, 216, 2, 4, 234)
(73, 224, 0, 0, 196)
(130, 12, 2, 9, 83)
(278, 81, 0, 100, 46)
(208, 189, 2, 1, 158)
(7, 202, 178, 0, 0)
(256, 128, 0, 11, 58)
(298, 10, 0, 163, 90)
(91, 169, 0, 0, 220)
(84, 224, 122, 0, 82)
(156, 198, 0, 16, 144)
(299, 224, 0, 0, 84)
(151, 223, 8, 19, 217)
(191, 80, 14, 3, 142)
(86, 175, 5, 2, 114)
(255, 183, 0, 0, 255)
(283, 19, 0, 14, 151)
(299, 219, 0, 0, 217)
(266, 184, 8, 1, 217)
(6, 224, 5, 1, 92)
(221, 0, 20, 4, 231)
(295, 135, 0, 57, 158)
(73, 126, 3, 2, 121)
(286, 208, 18, 0, 75)
(288, 197, 2, 3, 227)
(188, 146, 38, 0, 162)
(247, 83, 2, 12, 172)
(263, 224, 9, 0, 82)
(118, 147, 56, 0, 216)
(93, 78, 21, 0, 28)
(234, 221, 3, 2, 144)
(279, 180, 36, 0, 0)
(193, 105, 6, 1, 224)
(135, 204, 80, 0, 199)
(195, 224, 89, 0, 31)
(191, 212, 82, 0, 71)
(269, 210, 0, 1, 241)
(118, 124, 7, 3, 170)
(242, 61, 17, 0, 106)
(269, 140, 4, 1, 121)
(234, 224, 3, 0, 225)
(283, 206, 0, 19, 162)
(295, 21, 0, 61, 27)
(221, 217, 41, 0, 139)
(48, 184, 5, 4, 206)
(223, 107, 25, 0, 62)
(282, 104, 1, 8, 191)
(217, 50, 2, 26, 181)
(107, 108, 0, 69, 110)
(269, 147, 3, 2, 199)
(0, 224, 133, 0, 212)
(80, 40, 6, 7, 182)
(299, 138, 0, 74, 170)
(139, 41, 1, 10, 216)
(220, 58, 2, 4, 224)
(193, 2, 1, 44, 226)
(296, 158, 3, 1, 93)
(174, 169, 1, 10, 246)
(195, 98, 4, 1, 131)
(219, 196, 0, 20, 39)
(279, 127, 2, 1, 223)
(295, 159, 4, 0, 36)
(192, 197, 35, 0, 114)
(281, 224, 10, 0, 3)
(60, 224, 0, 0, 234)
(290, 224, 8, 0, 125)
(66, 126, 8, 3, 175)
(21, 150, 30, 0, 73)
(292, 25, 0, 91, 175)
(165, 221, 39, 1, 201)
(134, 147, 1, 4, 94)
(140, 194, 147, 0, 104)
(182, 131, 2, 9, 147)
(252, 224, 30, 0, 36)
(12, 121, 5, 2, 181)
(286, 224, 13, 0, 84)
(246, 213, 0, 0, 86)
(284, 89, 4, 2, 171)
(113, 197, 67, 0, 167)
(265, 186, 0, 9, 68)
(288, 224, 0, 0, 11)
(274, 142, 0, 15, 167)
(179, 221, 10, 1, 208)
(286, 205, 0, 3, 156)
(97, 129, 2, 4, 176)
(193, 200, 53, 0, 75)
(7, 183, 182, 0, 20)
(253, 166, 0, 6, 220)
(77, 81, 48, 0, 149)
(48, 224, 160, 0, 52)
(103, 224, 0, 0, 229)
(196, 188, 33, 0, 27)
(180, 217, 20, 1, 193)
(33, 115, 3, 7, 129)
(295, 196, 0, 0, 122)
(220, 209, 2, 4, 205)
(179, 175, 15, 1, 233)
(282, 73, 0, 57, 9)
(69, 187, 69, 0, 134)
(291, 33, 2, 2, 191)
(197, 104, 3, 1, 240)
(254, 49, 4, 2, 166)
(187, 134, 2, 13, 212)
(223, 53, 2, 10, 118)
(294, 69, 0, 113, 201)
(77, 67, 5, 18, 175)
(122, 192, 5, 3, 69)
(299, 96, 0, 3, 32)
(88, 215, 3, 5, 194)
(299, 108, 0, 0, 15)
(199, 208, 0, 0, 116)
(142, 22, 5, 11, 206)
(270, 174, 0, 24, 9)
(9, 121, 2, 4, 71)
(262, 2, 31, 0, 217)
(277, 221, 14, 0, 183)
(206, 69, 3, 4, 145)
(168, 185, 75, 0, 0)
(277, 205, 0, 19, 6)
(298, 125, 7, 3, 219)
(299, 73, 0, 9, 29)
(299, 118, 0, 56, 80)
(207, 7, 0, 63, 151)
(299, 9, 0, 127, 83)
(79, 128, 3, 7, 253)
(146, 143, 2, 2, 81)
(183, 73, 10, 2, 150)
(289, 157, 2, 2, 111)
(30, 191, 148, 0, 236)
(299, 164, 0, 3, 217)
(238, 215, 0, 0, 62)
(290, 1, 0, 200, 30)
(252, 210, 0, 0, 66)
(249, 19, 0, 175, 0)
(137, 209, 6, 0, 50)
(133, 106, 2, 4, 169)
(131, 209, 4, 4, 231)
(296, 201, 21, 0, 67)
(167, 152, 0, 42, 110)
(299, 51, 0, 155, 66)
(296, 11, 0, 109, 0)
(92, 172, 0, 5, 167)
(268, 104, 1, 5, 247)
(24, 38, 5, 14, 198)
(145, 48, 1, 8, 173)
(130, 184, 94, 0, 123)
(283, 219, 2, 1, 126)
(286, 114, 2, 3, 219)
(108, 67, 4, 12, 211)
(291, 82, 3, 1, 241)
(101, 215, 1, 2, 239)
(264, 73, 0, 28, 210)
(66, 203, 219, 0, 7)
(183, 170, 0, 16, 110)
(227, 66, 3, 8, 143)
(207, 207, 92, 0, 167)
(229, 109, 32, 0, 48)
(299, 7, 0, 52, 25)
(201, 178, 4, 7, 248)
(258, 157, 0, 0, 222)
(109, 167, 9, 1, 175)
(194, 199, 1, 0, 255)
(299, 132, 5, 1, 177)
(263, 224, 0, 0, 213)
(246, 129, 4, 1, 223)
(276, 0, 0, 32, 79)
(299, 171, 0, 31, 255)
(275, 142, 0, 6, 92)
(61, 36, 8, 4, 173)
(176, 187, 67, 0, 102)
(258, 224, 0, 0, 148)
(266, 7, 2, 4, 162)
(36, 149, 0, 18, 79)
(277, 162, 8, 2, 207)
(264, 84, 1, 22, 186)
(175, 82, 124, 0, 101)
(286, 57, 0, 112, 137)
(183, 113, 6, 2, 139)
(202, 128, 1, 6, 185)
(184, 35, 4, 8, 196)
(247, 170, 6, 1, 244)
(108, 173, 4, 3, 192)
(299, 19, 0, 51, 196)
(222, 171, 6, 3, 227)
(266, 46, 3, 1, 205)
(253, 44, 8, 2, 177)
(242, 55, 3, 5, 225)
(228, 148, 0, 37, 112)
(52, 224, 171, 0, 208)
(257, 190, 1, 1, 197)
(8, 179, 3, 1, 158)
(248, 31, 1, 3, 231)
(272, 122, 5, 2, 162)
(46, 224, 204, 0, 253)
(55, 224, 0, 0, 159)
(252, 178, 47, 0, 49)
(0, 221, 0, 0, 86)
(230, 190, 0, 0, 10)
(299, 224, 0, 0, 26)
(143, 211, 1, 2, 136)
(276, 157, 1, 1, 178)
(148, 216, 8, 1, 203)
(174, 125, 12, 0, 164)
(217, 224, 2, 3, 174)
(275, 80, 0, 54, 72)
(77, 224, 78, 0, 115)
(297, 213, 0, 11, 235)
(293, 224, 6, 0, 214)
(135, 0, 4, 13, 198)
(283, 24, 0, 157, 8)
(272, 131, 0, 17, 71)
(269, 4, 8, 1, 192)
(246, 156, 2, 8, 182)
(198, 224, 0, 0, 35)
(177, 159, 2, 7, 82)
(126, 224, 60, 0, 32)
(228, 125, 0, 0, 63)
(133, 0, 3, 6, 176)
(102, 224, 117, 0, 44)
(227, 157, 19, 0, 222)
(26, 122, 4, 3, 142)
(289, 224, 10, 0, 127)
(257, 67, 0, 30, 109)
(230, 53, 0, 81, 22)
(245, 213, 0, 19, 86)
(260, 168, 0, 35, 8)
(106, 188, 2, 1, 161)
(104, 216, 1, 1, 199)
(294, 148, 2, 3, 208)
(299, 95, 0, 0, 38)
(270, 36, 0, 25, 0)
(200, 184, 0, 0, 234)
(272, 133, 2, 4, 188)
(111, 216, 55, 0, 96)
(292, 143, 0, 59, 23)
(171, 112, 3, 4, 115)
(179, 219, 11, 1, 199)
(285, 222, 0, 0, 180)
(108, 194, 114, 0, 223)
(111, 224, 170, 0, 105)
(96, 214, 6, 3, 239)
(230, 204, 0, 6, 127)
(196, 182, 3, 1, 152)
(299, 218, 1, 1, 121)
(287, 185, 0, 0, 107)
(299, 209, 0, 15, 45)
(140, 211, 37, 0, 170)
(223, 101, 33, 0, 11)
(181, 185, 0, 5, 135)
(71, 184, 25, 0, 7)
(111, 188, 65, 0, 145)
(222, 224, 56, 0, 214)
(265, 176, 0, 33, 151)
(211, 222, 73, 0, 103)
(155, 105, 47, 0, 88)
(290, 203, 1, 0, 166)
(272, 224, 27, 0, 62)
(0, 187, 22, 1, 133)
(286, 19, 0, 174, 154)
(146, 145, 0, 29, 181)
(299, 138, 0, 14, 96)
(283, 126, 2, 3, 188)
(233, 224, 18, 0, 47)
(216, 198, 0, 0, 18)
(70, 206, 202, 0, 11)
(233, 11, 0, 181, 64)
(152, 222, 0, 0, 245)
(112, 173, 90, 0, 105)
(294, 121, 2, 1, 208)
(264, 224, 39, 0, 244)
(52, 207, 2, 12, 231)
(93, 127, 9, 2, 182)
(273, 12, 16, 0, 25)
(110, 224, 105, 0, 255)
(250, 78, 0, 61, 221)
(94, 43, 4, 7, 77)
(288, 220, 0, 19, 2)
(63, 224, 52, 0, 209)
(109, 37, 9, 2, 170)
(142, 160, 1, 4, 229)
(286, 25, 0, 0, 54)
(116, 185, 1, 4, 69)
(135, 224, 138, 0, 239)
(10, 180, 3, 2, 217)
(244, 223, 2, 1, 159)
(297, 40, 0, 82, 10)
(60, 224, 7, 5, 164)
(299, 97, 0, 16, 53)
(284, 224, 22, 0, 249)
(7, 224, 34, 0, 20)
(280, 211, 3, 2, 161)
(285, 178, 14, 0, 200)
(265, 135, 2, 1, 84)
(299, 210, 18, 0, 45)
(269, 207, 0, 17, 74)
(29, 223, 153, 0, 116)
(294, 14, 4, 1, 171)
(0, 185, 4, 1, 66)
(173, 186, 2, 1, 88)
(59, 220, 7, 1, 167)
(268, 138, 3, 2, 171)
(242, 212, 21, 0, 53)
(299, 180, 0, 0, 73)
(292, 8, 0, 5, 72)
(217, 221, 3, 1, 131)
(239, 193, 0, 5, 149)
(249, 195, 0, 0, 42)
(19, 123, 0, 0, 170)
(299, 209, 0, 0, 237)
(229, 95, 2, 3, 124)
(191, 176, 17, 1, 229)
(260, 198, 0, 26, 7)
(275, 224, 25, 0, 2)
(144, 65, 98, 0, 203)
(299, 48, 0, 5, 173)
(196, 133, 0, 19, 24)
(253, 134, 1, 4, 124)
(184, 145, 7, 1, 186)
(247, 224, 8, 0, 163)
(252, 224, 0, 0, 0)
(197, 211, 34, 0, 77)
(144, 148, 4, 4, 233)
(165, 107, 11, 3, 165)
(155, 88, 1, 14, 163)
(209, 146, 2, 3, 148)
(205, 204, 94, 0, 34)
(230, 122, 0, 89, 36)
(299, 71, 0, 115, 205)
(276, 182, 0, 0, 206)
(127, 152, 9, 0, 68)
(207, 165, 0, 0, 215)
(282, 224, 17, 0, 162)
(299, 166, 0, 0, 161)
(297, 209, 0, 0, 141)
(65, 96, 4, 6, 109)
(299, 57, 0, 117, 235)
(113, 178, 4, 2, 145)
(179, 82, 4, 1, 102)
(230, 68, 1, 4, 198)
(75, 211, 4, 2, 199)
(146, 201, 34, 0, 171)
(259, 224, 9, 0, 207)
(12, 157, 2, 3, 102)
(280, 56, 3, 9, 201)
(237, 151, 2, 2, 127)
(299, 199, 0, 16, 112)
(206, 194, 0, 0, 206)
(207, 215, 5, 4, 196)
(154, 61, 2, 7, 138)
(219, 224, 44, 0, 167)
(98, 154, 2, 4, 181)
(136, 139, 6, 1, 177)
(255, 224, 24, 0, 15)
(186, 28, 64, 0, 186)
(121, 224, 140, 0, 89)
(112, 217, 7, 3, 209)
(228, 203, 7, 2, 208)
(253, 124, 0, 0, 25)
(21, 217, 2, 1, 125)
(299, 182, 0, 0, 114)
(276, 48, 0, 55, 98)
(178, 86, 6, 2, 165)
(139, 224, 98, 0, 212)
(102, 224, 46, 0, 255)
(291, 224, 0, 0, 158)
(158, 147, 2, 2, 126)
(164, 211, 0, 13, 199)
(103, 150, 6, 1, 76)
(222, 207, 43, 0, 44)
(0, 148, 2, 2, 38)
(285, 216, 25, 0, 174)
(34, 83, 3, 13, 94)
(274, 172, 0, 0, 189)
(296, 217, 0, 14, 22)
(295, 94, 4, 0, 189)
(299, 166, 0, 42, 198)
(136, 198, 68, 0, 111)
(299, 87, 0, 73, 125)
(0, 224, 66, 0, 118)
(115, 103, 2, 10, 224)
(256, 93, 3, 3, 135)
(223, 27, 8, 2, 188)
(196, 213, 0, 0, 179)
(112, 224, 5, 0, 214)
(44, 202, 251, 0, 89)
(60, 222, 128, 0, 222)
(162, 177, 0, 21, 112)
(282, 212, 1, 10, 150)
(91, 224, 85, 0, 81)
(287, 224, 0, 0, 253)
(259, 159, 0, 21, 179)
(241, 104, 3, 1, 148)
(50, 206, 93, 0, 228)
(111, 172, 10, 2, 238)
(115, 61, 1, 11, 116)
(124, 205, 5, 1, 228)
(293, 198, 0, 2, 208)
(267, 172, 6, 2, 216)
(154, 187, 9, 1, 206)
(207, 197, 35, 0, 204)
(292, 166, 7, 5, 231)
(293, 138, 0, 7, 104)
(260, 184, 0, 2, 133)
(295, 88, 0, 32, 30)
(187, 103, 0, 10, 107)
(299, 224, 0, 0, 179)
(299, 66, 0, 117, 124)
(266, 109, 2, 2, 169)
(277, 214, 0, 0, 125)
(40, 151, 0, 37, 175)
(91, 160, 66, 0, 232)
(286, 23, 2, 5, 223)
(0, 224, 140, 0, 255)
(299, 211, 0, 13, 232)
(107, 223, 2, 6, 170)
(299, 218, 0, 6, 22)
(22, 224, 199, 0, 246)
(125, 224, 1, 0, 2)
(257, 69, 0, 52, 126)
(42, 145, 32, 1, 193)
(219, 130, 2, 1, 230)
(0, 206, 6, 8, 180)
(273, 11, 0, 34, 255)
(133, 215, 69, 0, 107)
(43, 97, 2, 9, 210)
(100, 129, 4, 7, 112)
(275, 185, 2, 3, 178)
(299, 224, 0, 0, 4)
(28, 224, 183, 0, 147)
(17, 134, 2, 6, 192)
(83, 206, 5, 9, 204)
(113, 224, 0, 0, 167)
(265, 27, 29, 0, 50)
(297, 77, 2, 1, 186)
(299, 140, 0, 0, 127)
(254, 170, 1, 2, 167)
(192, 172, 0, 42, 108)
(268, 115, 0, 78, 147)
(270, 5, 4, 3, 151)
(268, 224, 1, 0, 96)
(142, 210, 157, 0, 117)
(280, 200, 0, 0, 13)
(243, 81, 1, 7, 170)
(299, 164, 0, 0, 117)
(24, 224, 109, 0, 46)
(24, 177, 3, 5, 94)
(143, 151, 2, 8, 199)
(222, 162, 7, 1, 209)
(114, 19, 1, 16, 113)
(166, 92, 3, 8, 119)
(202, 193, 12, 0, 214)
(252, 224, 0, 6, 121)
(151, 211, 9, 1, 253)
(247, 37, 3, 6, 155)
(183, 97, 12, 2, 122)
(29, 224, 186, 0, 68)
(75, 198, 0, 0, 139)
(271, 224, 5, 1, 139)
(237, 223, 3, 0, 241)
(104, 103, 3, 7, 219)
(152, 110, 124, 0, 201)
(100, 203, 5, 3, 82)
(235, 13, 1, 2, 108)
(254, 95, 1, 5, 160)
(80, 224, 153, 0, 247)
(78, 137, 1, 6, 103)
(144, 34, 5, 4, 116)
(34, 157, 118, 0, 28)
(268, 44, 3, 1, 129)
(273, 32, 0, 0, 48)
(111, 23, 2, 7, 212)
(70, 66, 2, 4, 84)
(5, 116, 19, 2, 125)
(199, 154, 0, 27, 18)
(123, 205, 34, 0, 152)
(183, 123, 54, 0, 100)
(188, 200, 111, 0, 208)
(121, 219, 7, 1, 191)
(299, 145, 0, 76, 169)
(46, 224, 120, 0, 57)
(163, 206, 104, 0, 139)
(213, 148, 1, 13, 118)
(146, 101, 2, 10, 76)
(154, 149, 105, 0, 156)
(192, 34, 6, 5, 236)
(120, 82, 12, 2, 129)
(192, 166, 17, 0, 27)
(177, 157, 5, 3, 88)
(187, 216, 5, 3, 191)
(13, 190, 20, 0, 81)
(263, 151, 3, 2, 181)
(55, 166, 0, 19, 171)
(290, 111, 0, 64, 142)
(259, 224, 15, 0, 194)
(267, 148, 0, 0, 219)
(299, 220, 0, 0, 101)
(299, 1, 0, 169, 119)
(80, 221, 16, 3, 181)
(299, 167, 0, 9, 254)
(288, 160, 3, 1, 143)
(156, 165, 0, 6, 44)
(299, 203, 0, 20, 46)
(72, 114, 3, 6, 129)
(106, 188, 2, 2, 90)
(223, 188, 10, 2, 225)
(93, 218, 178, 0, 91)
(120, 54, 2, 14, 164)
(271, 212, 0, 0, 26)
(291, 171, 0, 0, 107)
(68, 168, 5, 1, 89)
(257, 171, 3, 1, 231)
(299, 22, 0, 183, 255)
(0, 167, 3, 2, 78)
(191, 202, 69, 0, 117)
(164, 0, 0, 84, 226)
(299, 174, 0, 0, 183)
(199, 224, 0, 0, 178)
(247, 187, 52, 0, 30)
(286, 200, 0, 24, 116)
(271, 67, 13, 1, 174)
(146, 188, 5, 0, 200)
(264, 52, 1, 1, 161)
(284, 224, 1, 0, 24)
(299, 178, 0, 0, 13)
(299, 181, 2, 0, 134)
(299, 130, 0, 8, 53)
(197, 224, 12, 0, 134)
(289, 67, 0, 67, 83)
(221, 54, 3, 2, 160)
(209, 98, 2, 2, 216)
(154, 80, 0, 144, 246)
(270, 169, 10, 0, 90)
(59, 167, 14, 0, 28)
(237, 170, 32, 0, 129)
(299, 23, 0, 23, 71)
(185, 197, 43, 0, 254)
(289, 224, 0, 0, 235)
(133, 224, 80, 0, 110)
(244, 224, 43, 0, 183)
(92, 224, 34, 0, 67)
(119, 88, 1, 17, 160)
(172, 201, 5, 1, 232)
(299, 145, 0, 71, 81)
(287, 224, 12, 0, 53)
(207, 132, 0, 19, 26)
(266, 26, 0, 25, 94)
(284, 10, 0, 163, 114)
(215, 121, 1, 5, 83)
(127, 146, 1, 9, 230)
(246, 13, 0, 176, 0)
(35, 189, 4, 4, 219)
(84, 90, 1, 5, 69)
(229, 131, 0, 86, 33)
(299, 115, 0, 18, 59)
(287, 193, 0, 15, 66)
(115, 194, 0, 12, 47)
(120, 188, 2, 0, 193)
(286, 57, 0, 96, 99)
(299, 224, 32, 0, 63)
(295, 13, 0, 141, 176)
(99, 0, 18, 6, 216)
(144, 224, 46, 0, 83)
(297, 171, 0, 32, 211)
(299, 75, 0, 16, 148)
(243, 72, 5, 1, 174)
(197, 194, 3, 0, 146)
(35, 224, 229, 0, 255)
(58, 169, 0, 40, 177)
(299, 86, 0, 102, 0)
(284, 224, 15, 0, 51)
(284, 129, 11, 0, 110)
(299, 196, 0, 11, 80)
(187, 137, 0, 0, 61)
(176, 199, 13, 1, 166)
(186, 139, 1, 3, 155)
(210, 119, 1, 4, 191)
(262, 180, 0, 1, 152)
(47, 109, 0, 29, 0)
(181, 210, 8, 2, 226)
(296, 32, 1, 1, 221)
(259, 219, 19, 0, 231)
(50, 220, 5, 1, 181)
(144, 219, 7, 1, 221)
(265, 154, 0, 38, 47)
(299, 39, 0, 79, 199)
(280, 223, 4, 1, 190)
(14, 224, 70, 0, 10)
(146, 210, 73, 0, 7)
(261, 84, 30, 0, 228)
(95, 106, 2, 4, 199)
(170, 203, 3, 1, 214)
(289, 189, 0, 0, 77)
(111, 204, 9, 1, 144)
(176, 99, 1, 7, 122)
(153, 224, 0, 5, 21)
(262, 8, 0, 24, 136)
(254, 82, 14, 2, 190)
(135, 224, 5, 2, 178)
(67, 191, 5, 4, 214)
(157, 224, 0, 0, 112)
(178, 41, 35, 0, 214)
(299, 224, 0, 16, 199)
(257, 174, 1, 4, 226)
(226, 119, 3, 1, 202)
(291, 92, 1, 5, 179)
(276, 38, 2, 7, 209)
(178, 128, 43, 0, 217)
(239, 224, 46, 0, 127)
(298, 199, 1, 6, 164)
(271, 10, 0, 45, 74)
(49, 210, 88, 0, 193)
(255, 136, 9, 1, 190)
(299, 201, 0, 0, 23)
(230, 158, 7, 1, 208)
(250, 98, 2, 9, 221)
(299, 224, 0, 0, 218)
(184, 157, 2, 7, 53)
(212, 206, 6, 5, 210)
(23, 115, 0, 39, 191)
(30, 208, 15, 0, 180)
(289, 66, 6, 0, 85)
(283, 215, 0, 0, 208)
(240, 204, 11, 0, 208)
(297, 128, 0, 9, 47)
(170, 176, 33, 0, 15)
(81, 89, 0, 0, 92)
(299, 60, 0, 93, 122)
(119, 224, 41, 0, 64)
(215, 100, 1, 9, 164)
(266, 194, 0, 0, 198)
(287, 202, 0, 0, 158)
(117, 198, 1, 6, 179)
(154, 0, 4, 13, 211)
(58, 223, 111, 0, 209)
(287, 109, 3, 5, 157)
(299, 32, 0, 0, 94)
(22, 223, 43, 0, 255)
(297, 164, 8, 1, 199)
(163, 126, 2, 4, 103)
(299, 175, 0, 32, 233)
(220, 224, 0, 0, 84)
(55, 224, 0, 0, 255)
(274, 77, 0, 81, 254)
(131, 224, 0, 0, 132)
(42, 43, 2, 4, 123)
(254, 210, 0, 0, 137)
(250, 8, 0, 28, 162)
(299, 224, 0, 0, 116)
(285, 62, 3, 3, 229)
(299, 109, 0, 60, 225)
(267, 183, 0, 0, 35)
(220, 119, 1, 6, 191)
(232, 155, 47, 0, 100)
(175, 224, 0, 0, 180)
(194, 160, 31, 0, 33)
(290, 81, 0, 86, 27)
(247, 124, 1, 5, 188)
(281, 66, 0, 0, 193)
(249, 140, 0, 69, 225)
(299, 68, 0, 11, 228)
(299, 180, 0, 32, 62)
(299, 222, 0, 0, 207)
(228, 59, 1, 3, 120)
(96, 224, 0, 0, 98)
(160, 113, 0, 27, 42)
(0, 203, 7, 0, 145)
(177, 164, 1, 5, 154)
(219, 62, 3, 6, 150)
(222, 161, 4, 1, 201)
(213, 201, 5, 1, 243)
(58, 154, 4, 1, 137)
(142, 172, 2, 3, 87)
(87, 204, 3, 1, 118)
(268, 62, 0, 35, 0)
(289, 204, 10, 0, 100)
(189, 160, 1, 1, 161)
(278, 128, 0, 52, 255)
(295, 205, 4, 1, 159)
(246, 110, 0, 89, 247)
(281, 47, 0, 134, 96)
(246, 216, 5, 3, 156)
(299, 46, 0, 109, 0)
(247, 222, 1, 18, 117)
(252, 224, 0, 0, 253)
(277, 160, 0, 0, 112)
(145, 213, 7, 2, 253)
(212, 125, 2, 2, 193)
(152, 195, 85, 0, 143)
(154, 218, 0, 0, 2)
(169, 195, 29, 0, 133)
(152, 192, 2, 1, 152)
(25, 223, 1, 1, 144)
(145, 222, 81, 0, 237)
(0, 215, 63, 0, 213)
(195, 141, 2, 4, 243)
(0, 176, 239, 0, 199)
(299, 149, 0, 0, 154)
(40, 53, 8, 1, 70)
(281, 33, 0, 106, 175)
(299, 44, 0, 178, 87)
(215, 224, 40, 0, 152)
(79, 60, 2, 3, 137)
(199, 224, 100, 0, 222)
(269, 224, 41, 0, 110)
(97, 197, 1, 5, 211)
(299, 0, 0, 39, 142)
(81, 224, 209, 0, 32)
(299, 53, 0, 55, 205)
(299, 98, 0, 93, 192)
(19, 89, 8, 2, 195)
(299, 0, 0, 67, 89)
(176, 217, 112, 0, 158)
(247, 224, 0, 0, 226)
(56, 106, 1, 1, 236)
(49, 184, 1, 4, 169)
(251, 123, 0, 30, 183)
(188, 169, 0, 0, 17)
(299, 224, 0, 0, 118)
(240, 78, 8, 0, 184)
(196, 165, 9, 2, 255)
(122, 89, 15, 4, 168)
(38, 113, 112, 0, 99)
(177, 224, 122, 0, 107)
(265, 199, 0, 0, 143)
(45, 150, 0, 9, 46)
(279, 177, 0, 12, 144)
(296, 80, 3, 1, 215)
(254, 207, 1, 9, 183)
(299, 62, 0, 89, 207)
(149, 199, 0, 0, 20)
(148, 224, 5, 0, 140)
(37, 224, 0, 0, 152)
(106, 204, 134, 0, 11)
(241, 224, 25, 0, 28)
(295, 121, 0, 0, 255)
(299, 135, 0, 13, 70)
(201, 185, 1, 2, 158)
(277, 102, 1, 2, 250)
(170, 224, 57, 0, 210)
(25, 145, 2, 8, 86)
(293, 135, 3, 1, 225)
(138, 206, 4, 0, 140)
(271, 215, 0, 9, 247)
(137, 138, 1, 8, 198)
(299, 89, 0, 135, 230)
(194, 224, 0, 1, 154)
(36, 224, 30, 0, 150)
(173, 152, 3, 1, 206)
(149, 224, 30, 0, 40)
(229, 224, 16, 0, 115)
(59, 185, 10, 1, 108)
(12, 215, 221, 0, 255)
(273, 14, 0, 0, 46)
(263, 93, 0, 28, 156)
(227, 138, 0, 33, 255)
(153, 124, 14, 1, 124)
(272, 179, 0, 35, 77)
(276, 113, 0, 100, 143)
(46, 127, 9, 11, 175)
(56, 209, 0, 0, 33)
(297, 120, 0, 1, 182)
(261, 203, 2, 1, 144)
(89, 224, 121, 0, 29)
(148, 170, 1, 16, 78)
(232, 159, 7, 2, 234)
(138, 82, 2, 6, 86)
(167, 207, 16, 1, 232)
(266, 179, 21, 0, 56)
(276, 150, 0, 25, 105)
(270, 48, 11, 1, 171)
(273, 102, 1, 3, 191)
(263, 2, 2, 4, 147)
(299, 0, 0, 132, 160)
(280, 139, 0, 0, 96)
(179, 182, 1, 4, 152)
(198, 211, 101, 0, 155)
(5, 203, 156, 0, 53)
(299, 224, 0, 0, 211)
(274, 216, 0, 8, 32)
(243, 193, 0, 6, 171)
(150, 220, 3, 2, 228)
(61, 74, 16, 12, 194)
(58, 198, 3, 1, 214)
(281, 204, 9, 0, 45)
(240, 193, 3, 4, 171)
(76, 118, 8, 2, 220)
(216, 214, 0, 10, 164)
(283, 44, 3, 6, 219)
(91, 159, 0, 14, 128)
(274, 194, 4, 0, 18)
(92, 224, 137, 0, 110)
(282, 55, 0, 163, 233)
(240, 150, 2, 6, 243)
(27, 183, 247, 0, 7)
(120, 39, 1, 15, 117)
(297, 24, 1, 5, 212)
(299, 156, 0, 45, 77)
(246, 224, 10, 0, 143)
(206, 95, 3, 4, 126)
(144, 65, 2, 3, 103)
(217, 135, 2, 9, 247)
(98, 205, 0, 0, 74)
(299, 23, 0, 46, 39)
(102, 193, 4, 1, 105)
(97, 204, 103, 0, 150)
(284, 154, 10, 1, 174)
(67, 222, 5, 2, 163)
(0, 224, 194, 0, 116)
(263, 224, 10, 0, 86)
(0, 88, 202, 0, 102)
(13, 224, 21, 0, 52)
(186, 215, 77, 0, 233)
(251, 106, 3, 1, 184)
(213, 82, 0, 150, 1)
(146, 224, 127, 0, 224)
(285, 140, 0, 55, 143)
(260, 184, 1, 4, 209)
(149, 176, 6, 2, 230)
(296, 169, 0, 0, 42)
(299, 224, 30, 0, 124)
(74, 0, 0, 62, 1)
(245, 167, 36, 0, 235)
(283, 154, 0, 46, 186)
(279, 184, 0, 21, 240)
(295, 221, 0, 9, 87)
(299, 224, 0, 0, 169)
(211, 165, 21, 0, 55)
(74, 224, 85, 0, 119)
(286, 82, 0, 99, 34)
(27, 66, 14, 2, 181)
(237, 26, 1, 4, 200)
(266, 205, 13, 0, 163)
(171, 138, 9, 5, 126)
(151, 184, 2, 2, 187)
(262, 0, 0, 108, 195)
(16, 224, 130, 0, 34)
(299, 8, 0, 113, 26)
(276, 209, 7, 2, 144)
(120, 100, 5, 0, 171)
(18, 207, 239, 0, 255)
(254, 224, 0, 0, 85)
(264, 212, 8, 1, 184)
(236, 110, 1, 8, 160)
(123, 177, 149, 0, 208)
(299, 25, 0, 33, 100)
(170, 149, 64, 0, 111)
(256, 139, 0, 0, 151)
(153, 189, 5, 2, 113)
(253, 169, 2, 1, 239)
(258, 211, 7, 1, 173)
(130, 202, 10, 1, 227)
(27, 199, 109, 0, 142)
(260, 216, 2, 2, 216)
(294, 202, 1, 1, 199)
(259, 220, 1, 3, 145)
(182, 55, 3, 5, 106)
(207, 196, 3, 1, 152)
(0, 224, 107, 0, 186)
(266, 212, 0, 4, 234)
(213, 139, 28, 0, 0)
(299, 224, 0, 0, 244)
(101, 183, 0, 1, 0)
(273, 65, 0, 43, 1)
(111, 208, 7, 4, 224)
(19, 187, 7, 3, 116)
(283, 83, 2, 2, 166)
(211, 0, 0, 18, 0)
(289, 61, 3, 3, 192)
(62, 162, 3, 2, 211)
(257, 147, 15, 1, 206)
(189, 40, 2, 18, 158)
(37, 195, 17, 4, 210)
(56, 91, 6, 6, 173)
(0, 181, 4, 1, 191)
(242, 37, 2, 5, 132)
(299, 145, 0, 7, 169)
(281, 11, 0, 33, 23)
(278, 211, 0, 0, 55)
(213, 224, 49, 0, 200)
(215, 53, 15, 1, 161)
(244, 205, 59, 0, 99)
(240, 163, 52, 0, 73)
(296, 182, 0, 11, 120)
(80, 124, 5, 8, 251)
(241, 0, 3, 18, 229)
(299, 202, 0, 27, 207)
(17, 147, 5, 0, 121)
(38, 217, 5, 2, 212)
(121, 188, 38, 0, 87)
(238, 194, 0, 0, 59)
(277, 176, 0, 5, 102)
(273, 219, 2, 1, 178)
(280, 156, 0, 0, 136)
(148, 90, 5, 4, 169)
(299, 117, 0, 47, 41)
(256, 207, 0, 0, 151)
(118, 79, 98, 0, 3)
(132, 200, 40, 0, 168)
(88, 109, 2, 4, 123)
(299, 13, 0, 166, 142)
(296, 205, 20, 0, 214)
(236, 224, 27, 0, 138)
(156, 213, 0, 0, 16)
(289, 201, 5, 0, 92)
(255, 162, 0, 0, 81)
(298, 16, 1, 8, 181)
(299, 63, 0, 94, 154)
(293, 62, 0, 106, 68)
(277, 213, 0, 0, 101)
(299, 16, 0, 10, 91)
(207, 205, 2, 3, 213)
(35, 164, 0, 43, 52)
(141, 55, 3, 4, 108)
(232, 61, 1, 6, 134)
(247, 224, 28, 0, 122)
(276, 105, 0, 0, 150)
(299, 165, 0, 67, 206)
(267, 156, 0, 33, 251)
(271, 139, 0, 23, 171)
(170, 163, 11, 0, 88)
(177, 10, 0, 34, 89)
(266, 146, 0, 6, 46)
(299, 222, 0, 2, 126)
(203, 213, 0, 3, 7)
(299, 30, 0, 0, 40)
(202, 98, 4, 2, 243)
(248, 165, 0, 8, 108)
(299, 132, 0, 40, 27)
(218, 130, 9, 2, 251)
(299, 224, 0, 2, 126)
(3, 168, 263, 0, 198)
(257, 214, 12, 0, 143)
(244, 63, 3, 3, 139)
(37, 133, 142, 0, 45)
(277, 207, 0, 10, 80)
(128, 224, 135, 0, 176)
(138, 150, 1, 7, 206)
(191, 118, 5, 6, 103)
(108, 48, 1, 9, 146)
(239, 190, 0, 0, 127)
(230, 211, 46, 0, 250)
(71, 188, 6, 1, 68)
(298, 139, 0, 49, 3)
(242, 224, 42, 0, 122)
(268, 174, 18, 0, 41)
(247, 212, 6, 0, 176)
(299, 217, 0, 0, 42)
(299, 195, 0, 36, 153)
(207, 155, 4, 2, 233)
(299, 163, 14, 0, 87)
(299, 151, 0, 34, 49)
(190, 195, 2, 3, 124)
(299, 190, 0, 34, 248)
(147, 54, 2, 13, 137)
(161, 188, 4, 4, 242)
(256, 119, 13, 0, 226)
(295, 41, 0, 101, 218)
(63, 224, 67, 0, 231)
(128, 224, 142, 0, 5)
(192, 159, 45, 0, 32)
(296, 69, 0, 91, 42)
(224, 40, 0, 162, 206)
(177, 210, 102, 0, 22)
(77, 26, 2, 7, 204)
(255, 224, 15, 0, 244)
(16, 224, 221, 0, 4)
(192, 174, 4, 0, 0)
(241, 55, 0, 85, 69)
(155, 223, 52, 0, 217)
(167, 224, 0, 0, 129)
(283, 29, 0, 103, 239)
(278, 170, 0, 0, 255)
(273, 222, 3, 1, 214)
(61, 196, 219, 0, 40)
(215, 148, 10, 1, 235)
(289, 224, 0, 0, 81)
(288, 224, 0, 12, 232)
(82, 202, 11, 0, 139)
(249, 102, 0, 52, 124)
(0, 224, 1, 5, 111)
(285, 121, 2, 2, 133)
(171, 198, 2, 2, 249)
(87, 141, 3, 1, 85)
(238, 224, 51, 0, 117)
(282, 220, 0, 0, 224)
(250, 188, 1, 5, 207)
(196, 201, 5, 1, 186)
(284, 182, 15, 0, 231)
(239, 204, 0, 0, 17)
(177, 189, 2, 3, 97)
(134, 220, 4, 4, 188)
(268, 106, 0, 20, 132)
(183, 136, 2, 2, 169)
(35, 197, 180, 0, 140)
(58, 132, 3, 9, 143)
(195, 77, 0, 109, 122)
(10, 197, 128, 0, 255)
(224, 170, 0, 0, 111)
(124, 31, 3, 9, 176)
(260, 71, 7, 2, 230)
(43, 150, 0, 0, 20)
(47, 130, 8, 1, 223)
(291, 127, 7, 2, 222)
(286, 223, 0, 0, 204)
(183, 196, 0, 8, 73)
(285, 204, 0, 0, 79)
(274, 115, 0, 27, 41)
(236, 79, 0, 4, 188)
(186, 224, 23, 0, 113)
(245, 123, 2, 1, 191)
(260, 195, 15, 0, 66)
(275, 207, 7, 0, 128)
(241, 199, 2, 4, 211)
(23, 23, 3, 8, 162)
(264, 194, 4, 1, 195)
(189, 169, 10, 1, 216)
(54, 222, 196, 0, 183)
(299, 146, 0, 78, 255)
(299, 202, 0, 0, 190)
(123, 171, 2, 8, 85)
(241, 41, 4, 3, 180)
(247, 89, 3, 2, 196)
(43, 13, 10, 6, 219)
(1, 207, 111, 0, 48)
(279, 114, 2, 3, 181)
(262, 224, 0, 0, 199)
(21, 76, 1, 3, 81)
(257, 224, 42, 0, 100)
(40, 224, 165, 0, 0)
(60, 62, 10, 2, 124)
(158, 224, 4, 18, 225)
(256, 5, 0, 156, 53)
(280, 190, 8, 1, 173)
(186, 177, 4, 2, 234)
(69, 196, 21, 0, 188)
(100, 201, 7, 2, 109)
(221, 224, 77, 0, 182)
(221, 25, 0, 99, 25)
(197, 162, 0, 0, 0)
(264, 216, 3, 2, 178)
(73, 224, 132, 0, 216)
(299, 28, 0, 34, 11)
(299, 194, 0, 0, 7)
(206, 133, 2, 3, 221)
(14, 184, 0, 0, 225)
(255, 32, 1, 14, 172)
(256, 178, 5, 0, 109)
(165, 110, 3, 6, 205)
(253, 120, 0, 5, 175)
(29, 175, 9, 2, 63)
(299, 83, 0, 125, 92)
(291, 205, 0, 0, 140)
(125, 107, 0, 6, 81)
(278, 188, 0, 0, 99)
(273, 80, 2, 2, 245)
(163, 224, 111, 0, 239)
(291, 187, 2, 4, 143)
(168, 95, 6, 2, 105)
(1, 220, 2, 3, 214)
(278, 90, 21, 0, 69)
(282, 215, 0, 9, 255)
(278, 6, 0, 7, 106)
(299, 20, 0, 112, 128)
(85, 224, 33, 0, 111)
(271, 87, 3, 2, 197)
(250, 160, 10, 1, 138)
(31, 104, 9, 4, 198)
(294, 80, 1, 1, 196)
(291, 173, 0, 21, 60)
(158, 191, 19, 0, 161)
(223, 161, 3, 1, 225)
(295, 224, 0, 0, 0)
(256, 49, 0, 20, 38)
(119, 208, 80, 0, 255)
(260, 214, 3, 1, 174)
(154, 131, 3, 0, 162)
(157, 148, 1, 10, 96)
(122, 224, 69, 0, 0)
(299, 210, 0, 21, 63)
(163, 15, 2, 10, 220)
(212, 169, 8, 2, 218)
(25, 224, 241, 0, 10)
(144, 127, 3, 1, 198)
(264, 214, 0, 0, 37)
(120, 122, 0, 64, 50)
(299, 170, 0, 32, 55)
(252, 62, 1, 14, 166)
(77, 163, 38, 0, 188)
(276, 155, 2, 1, 229)
(11, 224, 220, 0, 89)
(199, 113, 2, 1, 212)
(76, 21, 13, 3, 157)
(92, 198, 1, 2, 229)
(48, 145, 6, 4, 249)
(261, 162, 0, 23, 248)
(299, 48, 0, 64, 248)
(193, 171, 45, 0, 31)
(125, 208, 3, 4, 147)
(160, 224, 0, 0, 75)
(238, 95, 3, 5, 233)
(287, 131, 0, 93, 77)
(192, 205, 22, 0, 208)
(299, 99, 0, 23, 232)
(0, 224, 241, 0, 0)
(110, 224, 48, 0, 160)
(101, 93, 2, 1, 118)
(203, 192, 2, 0, 236)
(250, 6, 1, 3, 226)
(225, 177, 3, 0, 240)
(201, 224, 69, 0, 2)
(239, 136, 1, 2, 194)
(214, 210, 44, 0, 84)
(281, 101, 9, 2, 159)
(91, 25, 2, 8, 99)
(127, 224, 70, 0, 90)
(217, 194, 79, 0, 34)
(89, 113, 0, 31, 164)
(167, 160, 2, 7, 133)
(144, 212, 69, 0, 98)
(266, 145, 0, 79, 121)
(299, 116, 0, 99, 8)
(299, 216, 0, 8, 134)
(243, 224, 14, 0, 70)
(31, 56, 3, 5, 203)
(291, 211, 11, 0, 165)
(286, 75, 5, 1, 136)
(139, 212, 87, 0, 142)
(210, 76, 2, 3, 88)
(299, 160, 0, 16, 105)
(82, 55, 2, 7, 158)
(299, 48, 0, 56, 238)
(282, 185, 0, 9, 150)
(9, 200, 5, 8, 198)
(230, 220, 2, 1, 115)
(196, 189, 2, 1, 158)
(260, 224, 39, 0, 107)
(202, 168, 6, 1, 214)
(66, 224, 107, 0, 43)
(250, 126, 2, 2, 220)
(133, 205, 3, 1, 142)
(223, 104, 0, 0, 254)
(228, 28, 0, 68, 81)
(260, 180, 3, 1, 213)
(264, 57, 0, 126, 127)
(294, 214, 1, 1, 182)
(92, 224, 13, 0, 50)
(213, 81, 0, 29, 26)
(234, 93, 2, 5, 193)
(148, 39, 3, 0, 8)
(286, 186, 6, 1, 169)
(82, 223, 3, 1, 200)
(273, 48, 0, 58, 0)
(157, 165, 2, 3, 68)
(79, 194, 143, 0, 195)
(141, 73, 4, 2, 185)
(235, 204, 23, 0, 202)
(299, 45, 0, 0, 196)
(299, 208, 0, 16, 67)
(141, 209, 76, 0, 109)
(99, 224, 156, 0, 184)
(255, 174, 27, 1, 233)
(70, 224, 55, 0, 18)
(299, 211, 0, 34, 108)
(135, 64, 2, 3, 111)
(281, 120, 6, 1, 156)
(299, 224, 0, 6, 197)
(201, 95, 6, 1, 142)
(235, 111, 1, 8, 97)
(299, 192, 0, 0, 137)
(87, 220, 192, 0, 0)
(149, 7, 2, 6, 218)
(299, 67, 0, 92, 139)
(285, 154, 0, 7, 30)
(280, 42, 0, 152, 194)
(296, 34, 0, 104, 52)
(146, 187, 0, 34, 202)
(299, 160, 0, 39, 120)
(136, 23, 20, 3, 205)
(129, 184, 2, 7, 252)
(118, 208, 72, 0, 120)
(187, 119, 1, 11, 161)
(64, 141, 1, 4, 84)
(271, 149, 0, 0, 82)
(161, 184, 0, 8, 121)
(117, 207, 4, 1, 183)
(299, 67, 19, 0, 69)
(286, 86, 0, 11, 190)
(270, 130, 1, 1, 176)
(257, 140, 0, 69, 71)
(51, 104, 3, 9, 206)
