Background: 117
(49, 88, 269, 103, 129)
(313, 174, 35, 30, 171)
(75, 214, 183, 11, 61)
(145, 187, 44, 16, 170)
(187, 119, 79, 19, 91)
(160, 58, 157, 26, 94)
(250, 167, 66, 38, 90)
(277, 199, 44, 25, 168)
(177, 97, 103, 19, 171)
(249, 191, 38, 24, 68)
(196, 172, 64, 16, 156)
(6, 50, 159, 14, 100)
(323, 210, 74, 15, 96)
(318, 143, 62, 20, 93)
(282, 112, 36, 37, 164)
(338, 163, 26, 18, 180)
(388, 167, 11, 25, 85)
(20, 89, 43, 38, 153)
(337, 194, 19, 18, 109)
(75, 206, 174, 9, 90)
(33, 126, 16, 98, 88)
(0, 15, 39, 39, 137)
(296, 155, 34, 25, 82)
(300, 74, 63, 15, 88)
(77, 147, 51, 31, 155)
(86, 84, 89, 57, 117)
(35, 219, 40, 6, 84)
(92, 73, 36, 13, 137)
(366, 42, 24, 57, 133)
(227, 50, 39, 33, 84)
(192, 214, 71, 5, 60)
(104, 170, 23, 14, 185)
(394, 88, 6, 75, 139)
(179, 136, 110, 19, 113)
(330, 151, 27, 11, 71)
(365, 184, 19, 20, 156)
(360, 174, 11, 15, 103)
(174, 147, 23, 10, 78)
(56, 212, 68, 8, 81)
(399, 174, 1, 56, 97)
(52, 0, 129, 6, 109)
(275, 208, 12, 7, 140)
(64, 128, 14, 30, 157)
(316, 48, 36, 21, 138)
(128, 222, 81, 0, 80)
(379, 0, 21, 50, 125)
(72, 168, 21, 38, 104)
(366, 129, 14, 16, 148)
(303, 70, 42, 10, 105)
(181, 155, 100, 17, 129)
(123, 16, 211, 31, 123)
(359, 217, 40, 5, 80)
(376, 178, 9, 16, 163)
(387, 130, 4, 24, 68)
(361, 133, 4, 14, 40)
(335, 181, 19, 4, 188)
(165, 12, 42, 50, 119)
(296, 14, 99, 8, 112)
(378, 193, 13, 12, 125)
(138, 40, 38, 8, 165)
(290, 60, 31, 23, 104)
(211, 202, 33, 12, 81)
(214, 138, 38, 28, 125)
(140, 147, 28, 12, 147)
(364, 197, 10, 6, 174)
(394, 198, 5, 6, 78)
(265, 218, 40, 16, 168)
(31, 193, 6, 28, 114)
(22, 37, 273, 4, 130)
(47, 148, 19, 25, 112)
(287, 174, 11, 28, 79)
(397, 190, 16, 10, 115)
(340, 34, 16, 8, 140)
(130, 222, 117, 3, 43)
(14, 101, 12, 36, 131)
(351, 212, 24, 3, 108)
(257, 173, 20, 6, 124)
(268, 97, 60, 9, 135)
(250, 40, 77, 11, 131)
(266, 195, 14, 11, 45)
(0, 78, 16, 39, 74)
(346, 191, 5, 22, 98)
(387, 178, 8, 9, 50)
(43, 205, 5, 20, 74)
(240, 168, 20, 24, 124)
(360, 198, 6, 8, 147)
(79, 96, 33, 46, 112)
(342, 21, 19, 12, 102)
(305, 193, 36, 6, 172)
(171, 185, 36, 11, 154)
(175, 81, 41, 5, 134)
(266, 106, 26, 24, 166)
(181, 30, 10, 49, 86)
(149, 161, 14, 21, 106)
(316, 220, 54, 5, 92)
(356, 90, 8, 18, 136)
(125, 144, 17, 30, 137)
(49, 201, 27, 15, 105)
(212, 111, 15, 22, 92)
(279, 204, 13, 4, 116)
(372, 158, 6, 7, 144)
(347, 120, 42, 3, 86)
(393, 122, 6, 20, 152)
(201, 203, 0, 16, 24)
(163, 210, 14, 10, 108)
(314, 164, 6, 18, 68)
(308, 187, 8, 9, 146)
(216, 14, 34, 5, 139)
(294, 201, 22, 17, 173)
(291, 198, 12, 6, 136)
(26, 186, 6, 10, 145)
(41, 73, 16, 33, 125)
(390, 219, 2, 7, 60)
(228, 219, 10, 4, 37)
(303, 100, 0, 73, 251)
(347, 125, 11, 21, 141)
(329, 207, 8, 4, 80)
(397, 221, 3, 3, 69)
(63, 34, 76, 8, 139)
(292, 132, 9, 19, 196)
(89, 163, 16, 9, 186)
(333, 99, 7, 15, 73)
(358, 222, 1, 1, 55)
(278, 179, 30, 12, 72)
(381, 171, 5, 12, 162)
(381, 210, 2, 3, 52)
(240, 208, 16, 15, 56)
(85, 119, 130, 4, 115)
(394, 99, 6, 22, 116)
(388, 53, 13, 11, 107)
(150, 104, 19, 26, 132)
(145, 201, 17, 10, 125)
(333, 201, 20, 3, 116)
(385, 210, 11, 3, 113)
(369, 123, 25, 2, 135)
(328, 160, 8, 5, 56)
(92, 183, 22, 6, 108)
(104, 139, 51, 6, 135)
(74, 0, 85, 14, 106)
(396, 153, 3, 8, 157)
(325, 174, 6, 6, 130)
(350, 70, 18, 4, 95)
(45, 109, 13, 24, 172)
(232, 111, 10, 2, 166)
(320, 127, 11, 21, 132)
(254, 121, 8, 32, 78)
(320, 168, 7, 8, 57)
(158, 201, 12, 6, 173)
(203, 41, 44, 8, 96)
(0, 185, 10, 18, 80)
(0, 223, 8, 5, 186)
(310, 221, 8, 3, 130)
(382, 72, 15, 20, 130)
(191, 28, 8, 17, 94)
(9, 72, 37, 17, 133)
(364, 163, 6, 7, 168)
(268, 213, 10, 8, 135)
(222, 67, 8, 13, 137)
(384, 35, 14, 9, 136)
(45, 178, 12, 28, 112)
(159, 222, 19, 2, 61)
(252, 17, 32, 5, 140)
(256, 223, 9, 2, 132)
(261, 165, 24, 4, 143)
(274, 157, 5, 8, 176)
(351, 125, 14, 4, 145)
(307, 18, 14, 25, 118)
(254, 28, 12, 17, 140)
(303, 193, 8, 6, 135)
(16, 202, 258, 0, 74)
(366, 55, 14, 4, 116)
(301, 176, 14, 7, 63)
(395, 18, 4, 15, 119)
(191, 50, 12, 10, 173)
(211, 131, 17, 14, 113)
(317, 208, 4, 14, 139)
(392, 43, 0, 29, 122)
(246, 189, 15, 10, 97)
(190, 171, 8, 7, 111)
(255, 64, 67, 6, 104)
(53, 197, 112, 0, 146)
(306, 123, 3, 13, 131)
(399, 195, 3, 4, 148)
(247, 9, 1, 37, 117)
(371, 204, 2, 11, 128)
(292, 100, 13, 26, 139)
(365, 223, 5, 12, 74)
(139, 190, 24, 8, 165)
(175, 214, 16, 5, 78)
(16, 208, 11, 4, 167)
(396, 211, 3, 6, 125)
(212, 168, 26, 20, 166)
(399, 216, 13, 0, 112)
(246, 125, 14, 7, 56)
(377, 208, 4, 14, 86)
(395, 163, 4, 11, 106)
(251, 222, 6, 6, 93)
(155, 181, 16, 6, 151)
(156, 182, 6, 28, 164)
(353, 183, 7, 36, 109)
(276, 168, 14, 17, 97)
(77, 202, 5, 23, 51)
(279, 223, 17, 2, 187)
(254, 135, 25, 5, 86)
(306, 89, 37, 5, 100)
(0, 114, 8, 45, 96)
(144, 84, 5, 23, 142)
(0, 203, 52, 1, 128)
(316, 181, 8, 4, 131)
(288, 155, 21, 6, 110)
(376, 119, 23, 2, 83)
(291, 184, 11, 12, 51)
(236, 0, 45, 11, 102)
(123, 144, 9, 24, 131)
(229, 86, 27, 11, 142)
(397, 165, 2, 10, 115)
(174, 147, 11, 27, 100)
(66, 205, 52, 2, 89)
(266, 150, 7, 21, 149)
(80, 41, 56, 16, 94)
(388, 201, 2, 1, 153)
(193, 129, 13, 8, 66)
(73, 26, 64, 4, 87)
(140, 90, 6, 10, 154)
(265, 218, 13, 5, 151)
(399, 221, 4, 3, 57)
(341, 122, 3, 21, 88)
(338, 163, 36, 3, 163)
(97, 174, 4, 2, 236)
(166, 47, 10, 11, 152)
(322, 223, 8, 2, 105)
(396, 218, 3, 1, 110)
(374, 220, 0, 4, 160)
(374, 9, 17, 3, 151)
(346, 34, 21, 2, 109)
(397, 179, 10, 11, 77)
(91, 217, 17, 7, 77)
(23, 130, 5, 23, 151)
(19, 158, 8, 22, 95)
(178, 31, 3, 51, 90)
(24, 122, 14, 14, 80)
(176, 91, 5, 17, 179)
(383, 102, 1, 9, 169)
(90, 175, 8, 40, 105)
(10, 184, 3, 23, 161)
(228, 182, 19, 8, 132)
(331, 220, 20, 3, 80)
(379, 217, 3, 4, 104)
(379, 141, 3, 11, 78)
(342, 224, 3, 2, 63)
(241, 224, 123, 0, 23)
(152, 84, 23, 10, 93)
(313, 184, 3, 10, 155)
(159, 187, 21, 4, 181)
(163, 168, 9, 8, 165)
(136, 214, 1, 10, 28)
(17, 184, 306, 0, 0)
(385, 133, 5, 5, 28)
(218, 177, 27, 4, 167)
(194, 219, 37, 3, 52)
(337, 90, 0, 114, 230)
(178, 207, 10, 6, 116)
(145, 224, 12, 0, 189)
(365, 186, 0, 27, 231)
(107, 212, 8, 12, 55)
(395, 151, 5, 2, 95)
(339, 48, 19, 10, 125)
(317, 124, 25, 2, 73)
(291, 22, 21, 6, 130)
(342, 200, 1, 7, 93)
(326, 106, 34, 7, 99)
(46, 40, 44, 7, 140)
(287, 224, 86, 0, 164)
(357, 0, 42, 0, 44)
(122, 120, 173, 0, 89)
(399, 26, 0, 66, 255)
(327, 185, 14, 7, 189)
(353, 53, 1, 9, 117)
(377, 154, 5, 8, 128)
(319, 179, 6, 6, 143)
(251, 140, 16, 4, 104)
(331, 211, 7, 8, 114)
(347, 134, 11, 6, 160)
(73, 169, 9, 1, 44)
(163, 71, 236, 0, 173)
(217, 198, 31, 4, 98)
(251, 222, 2, 2, 58)
(298, 93, 21, 20, 137)
(380, 131, 4, 6, 140)
(398, 223, 1, 8, 65)
(173, 154, 18, 11, 110)
(136, 139, 36, 2, 105)
(98, 113, 14, 9, 96)
(241, 121, 18, 4, 64)
(204, 143, 12, 28, 136)
(319, 116, 40, 5, 128)
(201, 147, 28, 8, 130)
(12, 188, 5, 5, 107)
(181, 116, 22, 3, 177)
(4, 206, 14, 2, 160)
(73, 152, 17, 10, 178)
(375, 104, 20, 2, 111)
(338, 140, 3, 14, 94)
(167, 203, 154, 0, 166)
(287, 199, 7, 5, 110)
(0, 71, 6, 20, 37)
(330, 211, 5, 4, 93)
(399, 158, 0, 53, 56)
(139, 181, 130, 0, 74)
(276, 194, 9, 11, 46)
(386, 138, 1, 24, 97)
(370, 84, 10, 12, 147)
(253, 95, 4, 14, 149)
(141, 166, 22, 7, 114)
(249, 51, 5, 15, 102)
(335, 216, 7, 8, 94)
(347, 222, 2, 2, 119)
(115, 176, 8, 10, 195)
(235, 199, 33, 1, 76)
(216, 189, 15, 10, 132)
(180, 92, 71, 3, 140)
(376, 199, 0, 9, 5)
(322, 142, 0, 47, 99)
(333, 47, 33, 2, 121)
(358, 174, 6, 3, 143)
(1, 100, 24, 15, 85)
(342, 0, 22, 12, 111)
(339, 193, 7, 4, 147)
(236, 136, 26, 1, 91)
(0, 224, 272, 0, 230)
(113, 133, 11, 7, 147)
(223, 224, 171, 0, 239)
(313, 193, 17, 12, 178)
(98, 178, 222, 0, 82)
(30, 135, 22, 32, 87)
(182, 181, 14, 13, 137)
(104, 178, 163, 0, 100)
(399, 125, 1, 17, 163)
(99, 208, 0, 0, 191)
(221, 154, 34, 7, 111)
(190, 197, 5, 2, 72)
(356, 65, 21, 2, 135)
(58, 213, 28, 0, 0)
(166, 224, 8, 2, 63)
(309, 147, 11, 5, 132)
(361, 122, 10, 1, 58)
(236, 209, 13, 8, 66)
(180, 69, 30, 8, 78)
(289, 163, 11, 17, 93)
(349, 128, 43, 3, 127)
(389, 158, 3, 6, 102)
(390, 107, 10, 4, 130)
(36, 224, 0, 9, 11)
(61, 190, 5, 10, 97)
(393, 33, 0, 141, 237)
(91, 107, 7, 28, 136)
(358, 135, 3, 14, 77)
(230, 49, 0, 70, 122)
(399, 205, 0, 27, 198)
(399, 223, 0, 1, 73)
(284, 0, 115, 0, 122)
(16, 186, 8, 18, 127)
(108, 150, 107, 0, 4)
(326, 165, 5, 4, 61)
(305, 212, 16, 2, 176)
(383, 207, 2, 11, 99)
(251, 201, 0, 0, 72)
(45, 209, 4, 15, 43)
(133, 194, 17, 2, 180)
(208, 115, 0, 0, 67)
(39, 84, 90, 6, 126)
(79, 196, 2, 7, 41)
(376, 220, 8, 0, 129)
(399, 214, 0, 0, 122)
(373, 224, 11, 14, 137)
(266, 94, 10, 8, 146)
(52, 181, 19, 3, 142)
(314, 224, 21, 0, 229)
(309, 201, 7, 9, 189)
(222, 169, 6, 18, 178)
(399, 68, 33, 5, 91)
(349, 167, 13, 7, 201)
(229, 208, 44, 1, 61)
(45, 0, 28, 7, 125)
(361, 13, 34, 11, 114)
(190, 201, 5, 14, 88)
(392, 160, 7, 1, 145)
(347, 152, 5, 6, 53)
(198, 0, 32, 6, 109)
(391, 183, 0, 0, 166)
(399, 187, 0, 5, 110)
(215, 148, 10, 6, 153)
(0, 207, 5, 15, 78)
(387, 141, 6, 2, 90)
(54, 139, 5, 8, 90)
(398, 155, 2, 4, 177)
(357, 178, 4, 35, 115)
(191, 212, 20, 3, 75)
(395, 8, 0, 158, 7)
(47, 169, 11, 13, 130)
(148, 23, 21, 12, 136)
(279, 143, 0, 0, 21)
(185, 203, 59, 2, 94)
(285, 108, 0, 0, 113)
(367, 132, 5, 17, 153)
(360, 189, 0, 5, 108)
(326, 74, 6, 14, 71)
(50, 59, 30, 15, 110)
(372, 79, 2, 7, 94)
(6, 182, 4, 4, 170)
(337, 182, 73, 0, 233)
(321, 106, 0, 31, 36)
(204, 34, 35, 4, 136)
(326, 199, 0, 0, 216)
(340, 21, 14, 11, 105)
(77, 191, 11, 12, 87)
(334, 166, 6, 10, 159)
(372, 0, 5, 13, 118)
(129, 29, 27, 0, 64)
(258, 224, 33, 0, 133)
(41, 150, 13, 18, 100)
(152, 208, 3, 9, 124)
(244, 220, 46, 0, 204)
(140, 223, 45, 0, 51)
(321, 34, 0, 148, 168)
(135, 220, 13, 2, 38)
(399, 204, 8, 0, 46)
(197, 202, 10, 4, 109)
(376, 95, 14, 5, 151)
(258, 116, 38, 3, 165)
(80, 224, 21, 1, 48)
(345, 128, 15, 4, 117)
(197, 208, 168, 0, 23)
(312, 147, 12, 2, 140)
(330, 216, 40, 0, 20)
(362, 175, 11, 11, 105)
(359, 109, 5, 12, 102)
(385, 100, 14, 3, 103)
(345, 200, 0, 0, 8)
(271, 54, 9, 8, 121)
(144, 48, 12, 4, 151)
(384, 81, 8, 12, 143)
(175, 178, 57, 0, 100)
(128, 206, 22, 4, 105)
(177, 217, 5, 2, 58)
(363, 108, 20, 7, 126)
(374, 131, 3, 5, 163)
(99, 61, 39, 5, 111)
(379, 222, 12, 2, 102)
(344, 224, 0, 8, 134)
(359, 186, 3, 0, 161)
(154, 46, 11, 42, 102)
(368, 92, 5, 16, 111)
(203, 61, 14, 21, 83)
(380, 114, 6, 2, 85)
(178, 195, 7, 9, 161)
(154, 63, 7, 4, 137)
(326, 123, 45, 1, 81)
(388, 166, 4, 17, 70)
(396, 224, 0, 0, 0)
(204, 195, 3, 2, 81)
(27, 7, 24, 11, 132)
(128, 17, 13, 12, 126)
(274, 207, 9, 5, 117)
(334, 224, 0, 0, 17)
(98, 164, 47, 2, 144)
(130, 187, 8, 5, 149)
(210, 218, 25, 3, 55)
(283, 6, 17, 10, 103)
(167, 128, 28, 3, 109)
(317, 143, 3, 7, 136)
(351, 187, 15, 7, 103)
(374, 96, 1, 14, 106)
(399, 34, 0, 46, 91)
(345, 201, 16, 0, 69)
(375, 0, 18, 4, 128)
(399, 203, 2, 6, 115)
(329, 156, 0, 14, 179)
(199, 191, 11, 1, 175)
(368, 122, 0, 61, 234)
(120, 219, 12, 2, 80)
(345, 87, 4, 16, 103)
(264, 202, 15, 2, 38)
(220, 189, 3, 17, 114)
(309, 154, 0, 0, 145)
(290, 80, 10, 28, 140)
(295, 189, 4, 1, 23)
(219, 124, 17, 10, 108)
(349, 88, 9, 9, 129)
(394, 221, 5, 2, 76)
(208, 206, 147, 0, 112)
(229, 224, 117, 0, 60)
(399, 131, 0, 79, 101)
(336, 99, 3, 11, 40)
(384, 177, 2, 23, 131)
(364, 215, 32, 1, 104)
(191, 188, 118, 0, 255)
(390, 204, 5, 4, 146)
(304, 214, 0, 0, 15)
(341, 198, 4, 4, 74)
(358, 29, 15, 10, 109)
(280, 181, 0, 7, 23)
(279, 107, 39, 7, 148)
(364, 175, 13, 0, 176)
(159, 224, 127, 0, 42)
(354, 224, 28, 0, 99)
(315, 83, 48, 4, 65)
(195, 180, 6, 18, 162)
(357, 198, 18, 0, 67)
(335, 186, 0, 16, 55)
(171, 199, 6, 4, 195)
(386, 131, 5, 2, 35)
(399, 20, 0, 37, 255)
(58, 10, 11, 27, 114)
(387, 53, 1, 17, 114)
(368, 188, 7, 5, 166)
(185, 189, 4, 12, 152)
(351, 112, 29, 0, 206)
(338, 169, 10, 2, 194)
(257, 160, 9, 21, 128)
(15, 212, 24, 7, 120)
(335, 189, 41, 0, 31)
(336, 201, 0, 14, 121)
(221, 222, 3, 14, 57)
(225, 111, 35, 3, 160)
(136, 198, 22, 0, 184)
(296, 108, 2, 9, 91)
(36, 181, 15, 4, 87)
(284, 212, 25, 11, 172)
(300, 17, 15, 2, 97)
(139, 200, 11, 4, 93)
(260, 205, 8, 9, 53)
(399, 202, 0, 2, 240)
(285, 224, 62, 0, 57)
(399, 153, 0, 30, 17)
(99, 224, 162, 0, 115)
(387, 71, 0, 26, 196)
(386, 193, 0, 6, 17)
(60, 175, 18, 2, 134)
(196, 97, 38, 1, 153)
(248, 175, 10, 2, 166)
(369, 48, 16, 7, 143)
(123, 190, 5, 4, 76)
(138, 189, 3, 3, 123)
(266, 175, 33, 0, 182)
(361, 1, 28, 0, 126)
(75, 88, 18, 6, 141)
(60, 224, 138, 0, 238)
(366, 158, 5, 1, 103)
(399, 114, 0, 23, 65)
(362, 17, 0, 48, 88)
(399, 154, 0, 40, 255)
(383, 218, 6, 2, 64)
(320, 224, 38, 0, 4)
(170, 207, 6, 1, 159)
(106, 195, 17, 9, 110)
(399, 105, 0, 0, 182)
(358, 135, 0, 0, 132)
(67, 224, 207, 0, 233)
(255, 168, 9, 4, 106)
(198, 206, 30, 2, 94)
(399, 170, 0, 7, 59)
(146, 175, 18, 5, 95)
(146, 224, 70, 0, 99)
(380, 193, 4, 2, 157)
(41, 216, 7, 8, 47)
(338, 178, 0, 35, 229)
(392, 188, 6, 5, 101)
(172, 131, 17, 0, 153)
(384, 204, 0, 7, 61)
(399, 224, 0, 0, 0)
(364, 170, 0, 5, 162)
(361, 179, 6, 10, 99)
(399, 4, 0, 0, 22)
(232, 162, 4, 12, 156)
(371, 102, 5, 7, 81)
(60, 122, 19, 2, 103)
(146, 126, 5, 5, 146)
(154, 197, 8, 7, 146)
(96, 216, 189, 0, 169)
(356, 216, 3, 2, 132)
(342, 189, 8, 2, 150)
(298, 201, 0, 8, 207)
(167, 216, 121, 0, 14)
(345, 146, 0, 17, 208)
(160, 206, 14, 1, 174)
(274, 133, 3, 4, 74)
(393, 201, 2, 4, 90)
(303, 160, 22, 8, 89)
(371, 224, 0, 0, 142)
(371, 8, 3, 12, 110)
(82, 97, 14, 6, 131)
(16, 50, 5, 12, 91)
(41, 224, 21, 3, 60)
(63, 90, 18, 19, 140)
(399, 191, 0, 16, 241)
(266, 182, 27, 5, 87)
(148, 188, 102, 0, 171)
(301, 195, 32, 0, 29)
(118, 210, 8, 11, 79)
(248, 196, 1, 0, 165)
(274, 213, 9, 0, 23)
(252, 172, 10, 3, 166)
(341, 218, 0, 0, 142)
(31, 35, 33, 3, 87)
(235, 203, 108, 0, 187)
(235, 224, 48, 0, 216)
(229, 67, 27, 11, 71)
(332, 190, 60, 0, 222)
(138, 212, 137, 0, 105)
(264, 120, 27, 6, 171)
(350, 222, 39, 0, 61)
(363, 109, 1, 11, 111)
(395, 208, 4, 1, 101)
(291, 205, 0, 0, 185)
(17, 87, 14, 11, 167)
(397, 72, 0, 47, 120)
(287, 72, 47, 3, 100)
(344, 207, 8, 2, 85)
(323, 62, 10, 4, 156)
(399, 20, 0, 51, 116)
(118, 68, 5, 10, 104)
(364, 195, 1, 4, 148)
(34, 188, 90, 1, 110)
(347, 18, 0, 78, 214)
(364, 204, 7, 4, 109)
(346, 67, 4, 6, 149)
(201, 173, 7, 3, 190)
(21, 202, 339, 0, 91)
(298, 11, 0, 12, 96)
(128, 166, 7, 11, 150)
(198, 224, 54, 0, 179)
(399, 151, 0, 73, 22)
(300, 224, 15, 1, 140)
(267, 105, 0, 0, 155)
(28, 48, 46, 1, 140)
(277, 219, 77, 0, 237)
(393, 180, 0, 30, 219)
(270, 24, 23, 7, 115)
(159, 224, 160, 0, 21)
(397, 103, 2, 8, 144)
(97, 100, 13, 6, 97)
(150, 202, 4, 3, 86)
(178, 133, 60, 0, 95)
(354, 212, 21, 2, 110)
(329, 219, 0, 0, 255)
(353, 218, 0, 0, 100)
(350, 224, 0, 0, 248)
(376, 89, 0, 71, 133)
(275, 139, 4, 19, 126)
(352, 224, 16, 0, 165)
(322, 222, 6, 1, 114)
(269, 41, 16, 12, 137)
(318, 171, 1, 10, 49)
(399, 147, 0, 46, 85)
(385, 191, 1, 7, 95)
(394, 114, 3, 7, 85)
(361, 181, 27, 0, 98)
(382, 131, 0, 37, 36)
(381, 139, 2, 7, 87)
(171, 224, 181, 0, 123)
(24, 100, 2, 54, 147)
(214, 40, 3, 29, 79)
(52, 175, 0, 6, 122)
(169, 112, 12, 22, 110)
(375, 38, 11, 10, 128)
(47, 68, 7, 26, 124)
(340, 130, 6, 0, 202)
(101, 201, 4, 16, 101)
(349, 139, 21, 0, 124)
(295, 117, 4, 12, 161)
(397, 80, 3, 4, 128)
(219, 52, 3, 27, 129)
(293, 220, 4, 4, 187)
(0, 79, 0, 109, 42)
(195, 210, 57, 0, 164)
(170, 79, 30, 2, 122)
(135, 195, 269, 0, 118)
(378, 223, 3, 1, 134)
(27, 223, 164, 0, 106)
(327, 206, 29, 1, 103)
(60, 149, 6, 5, 76)
(224, 194, 66, 0, 17)
(283, 224, 0, 0, 3)
(399, 103, 0, 80, 64)
(372, 145, 1, 5, 138)
(131, 213, 12, 5, 55)
(323, 191, 0, 0, 122)
(399, 136, 0, 79, 3)
(240, 96, 12, 13, 175)
(199, 219, 32, 0, 149)
(394, 26, 5, 4, 111)
(341, 195, 1, 5, 155)
(291, 202, 7, 5, 144)
(89, 224, 156, 0, 105)
(15, 206, 146, 0, 57)
(128, 224, 26, 0, 102)
(390, 36, 0, 72, 27)
(244, 224, 49, 0, 244)
(287, 0, 37, 7, 121)
(71, 185, 3, 25, 123)
(308, 209, 10, 3, 169)
(399, 0, 0, 63, 63)
(278, 166, 0, 7, 234)
(266, 88, 18, 4, 101)
(369, 208, 18, 0, 221)
(340, 198, 1, 3, 143)
(263, 80, 16, 4, 80)
(329, 30, 11, 6, 136)
(96, 195, 39, 2, 114)
(300, 157, 8, 2, 161)
(364, 95, 5, 7, 135)
(148, 67, 2, 60, 127)
(2, 224, 316, 0, 181)
(258, 47, 10, 11, 97)
(399, 186, 26, 4, 66)
(391, 146, 5, 9, 106)
(267, 206, 2, 5, 27)
(338, 41, 0, 137, 236)
(357, 133, 0, 0, 107)
(233, 76, 166, 0, 180)
(144, 215, 208, 0, 242)
(399, 36, 0, 2, 78)
(375, 190, 1, 16, 137)
(147, 176, 60, 0, 235)
(344, 126, 10, 3, 149)
(355, 67, 6, 20, 77)
(58, 155, 12, 15, 118)
(204, 216, 36, 1, 71)
(312, 102, 0, 6, 220)
(350, 224, 7, 1, 104)
(315, 152, 25, 3, 93)
(162, 224, 49, 0, 82)
(331, 203, 12, 1, 106)
(233, 224, 0, 0, 211)
(303, 191, 26, 0, 108)
(313, 190, 120, 0, 18)
(220, 100, 19, 9, 172)
(170, 221, 22, 3, 52)
(399, 142, 0, 24, 171)
(27, 64, 17, 10, 108)
(292, 116, 62, 0, 21)
(299, 201, 5, 4, 157)
(51, 132, 17, 4, 151)
(51, 79, 3, 5, 182)
(160, 207, 0, 17, 72)
(330, 222, 3, 2, 64)
(187, 193, 136, 0, 113)
(179, 201, 126, 0, 110)
(356, 206, 7, 2, 132)
(53, 198, 4, 4, 86)
(248, 219, 52, 0, 168)
(344, 174, 15, 2, 191)
(18, 212, 21, 1, 150)
(359, 111, 0, 0, 78)
(98, 224, 103, 0, 100)
(112, 185, 5, 7, 104)
(378, 198, 2, 3, 97)
(375, 191, 0, 0, 68)
(273, 145, 0, 56, 247)
(292, 197, 13, 1, 104)
(353, 26, 13, 0, 234)
(283, 204, 41, 0, 97)
(111, 216, 95, 0, 199)
(399, 176, 0, 13, 126)
(24, 224, 67, 0, 167)
(165, 164, 15, 3, 116)
(311, 157, 15, 3, 92)
(250, 211, 2, 10, 28)
(364, 212, 0, 6, 112)
(399, 88, 0, 20, 200)
(386, 224, 2, 15, 69)
(343, 214, 53, 0, 143)
(369, 195, 2, 4, 189)
(135, 198, 7, 2, 83)
(60, 224, 62, 0, 211)
(258, 219, 4, 2, 93)
(332, 199, 2, 3, 189)
(261, 70, 12, 5, 102)
(26, 109, 19, 13, 170)
(399, 113, 0, 66, 157)
(12, 165, 7, 5, 132)
(33, 186, 109, 0, 99)
(347, 144, 2, 7, 80)
(261, 26, 5, 6, 175)
(179, 204, 205, 0, 187)
(254, 160, 20, 4, 150)
(379, 120, 11, 1, 69)
(399, 1, 0, 135, 110)
(346, 213, 2, 4, 67)
(299, 194, 3, 4, 117)
(373, 203, 19, 1, 142)
(399, 122, 0, 86, 247)
(383, 212, 3, 3, 122)
(379, 188, 4, 5, 182)
(399, 67, 0, 124, 65)
(290, 137, 3, 19, 169)
(398, 212, 1, 4, 107)
(264, 195, 10, 4, 51)
(368, 52, 4, 3, 117)
(308, 78, 3, 4, 39)
(129, 193, 4, 4, 84)
(319, 13, 36, 5, 119)
(274, 120, 7, 12, 157)
(377, 160, 3, 14, 112)
(79, 150, 20, 5, 162)
(372, 177, 5, 4, 115)
(17, 121, 9, 23, 152)
(376, 192, 2, 7, 180)
(316, 224, 4, 1, 55)
(64, 45, 29, 23, 102)
(399, 83, 0, 137, 56)
(103, 75, 22, 0, 180)
(196, 224, 0, 0, 149)
(32, 158, 8, 3, 39)
(73, 188, 8, 2, 65)
(388, 156, 1, 7, 97)
(399, 0, 0, 120, 20)
(301, 184, 107, 0, 163)
(355, 152, 23, 3, 77)
(399, 180, 0, 5, 244)
(373, 185, 0, 19, 71)
(375, 163, 2, 9, 127)
(399, 214, 0, 10, 97)
(399, 215, 0, 0, 147)
(344, 222, 2, 2, 57)
(67, 177, 3, 18, 149)
(397, 202, 2, 0, 43)
(17, 142, 2, 52, 106)
(251, 187, 14, 6, 102)
(304, 224, 43, 0, 102)
(89, 189, 26, 2, 145)
(260, 190, 23, 2, 79)
(291, 74, 1, 9, 146)
(280, 217, 5, 7, 170)
(352, 78, 0, 18, 255)
(110, 15, 56, 0, 22)
(32, 65, 39, 0, 131)
(290, 55, 0, 0, 172)
(379, 135, 0, 64, 37)
(352, 193, 7, 3, 114)
(399, 203, 0, 0, 242)
(385, 79, 5, 3, 114)
(325, 213, 5, 7, 86)
(39, 200, 7, 2, 32)
(336, 2, 5, 27, 111)
(386, 196, 10, 2, 136)
(282, 210, 130, 0, 94)
(331, 224, 29, 0, 253)
(208, 224, 99, 0, 233)
(399, 98, 0, 19, 5)
(59, 143, 29, 3, 146)
(203, 69, 44, 0, 240)
(24, 219, 11, 5, 129)
(357, 177, 2, 4, 139)
(399, 137, 0, 87, 164)
(399, 48, 0, 108, 252)
(0, 183, 3, 11, 71)
(399, 14, 0, 158, 157)
(221, 188, 5, 1, 94)
(352, 33, 17, 3, 106)
(372, 42, 7, 4, 119)
(114, 104, 5, 11, 98)
(338, 70, 0, 9, 223)
(145, 106, 34, 5, 149)
(71, 163, 11, 5, 106)
(293, 222, 0, 0, 110)
(301, 221, 4, 11, 158)
(349, 178, 50, 0, 206)
(365, 115, 38, 0, 148)
(260, 209, 0, 0, 76)
(171, 182, 21, 2, 111)
(270, 206, 0, 0, 252)
(289, 206, 2, 4, 148)
(396, 176, 7, 6, 84)
(0, 190, 9, 0, 139)
(95, 224, 209, 0, 72)
(366, 203, 2, 1, 83)
(189, 186, 9, 2, 112)
(7, 177, 374, 0, 56)
(393, 217, 3, 1, 108)
(94, 224, 212, 0, 169)
(256, 66, 1, 28, 81)
(220, 156, 8, 11, 103)
(391, 194, 0, 6, 142)
(123, 46, 178, 0, 171)
(369, 213, 1, 6, 121)
(381, 87, 2, 5, 81)
(0, 206, 1, 7, 66)
(269, 212, 7, 4, 118)
(186, 143, 17, 4, 102)
(307, 110, 3, 7, 119)
(334, 70, 0, 0, 239)
(399, 180, 0, 33, 183)
(399, 103, 0, 26, 171)
(335, 169, 39, 0, 203)
(348, 218, 9, 1, 122)
(27, 224, 152, 0, 229)
(155, 218, 9, 5, 66)
(399, 145, 0, 0, 180)
(399, 86, 0, 30, 151)
(28, 152, 2, 42, 138)
(283, 224, 116, 0, 154)
(318, 208, 12, 3, 112)
(163, 88, 2, 20, 102)
(298, 181, 11, 7, 73)
(399, 123, 0, 14, 223)
(394, 55, 0, 30, 230)
(133, 110, 37, 12, 122)
(235, 224, 36, 0, 89)
(6, 205, 359, 0, 136)
(362, 0, 0, 221, 204)
(366, 224, 0, 0, 54)
(331, 192, 1, 0, 169)
(279, 155, 4, 8, 144)
(392, 224, 7, 0, 217)
(370, 211, 29, 0, 165)
(385, 199, 5, 4, 148)
(357, 103, 2, 3, 108)
(267, 164, 19, 3, 162)
(305, 221, 5, 1, 152)
(327, 219, 47, 0, 97)
(339, 162, 30, 1, 122)
(384, 132, 0, 0, 226)
(146, 224, 144, 0, 11)
(87, 172, 2, 28, 110)
(223, 174, 85, 0, 73)
(331, 92, 5, 1, 74)
(194, 216, 106, 0, 192)
(187, 220, 8, 0, 119)
(208, 190, 12, 1, 103)
(390, 21, 9, 4, 126)
(335, 183, 10, 4, 197)
(390, 63, 1, 18, 122)
(210, 115, 13, 5, 83)
(354, 154, 5, 8, 83)
(394, 132, 5, 8, 161)
(31, 186, 255, 0, 218)
(399, 138, 0, 88, 26)
(395, 127, 0, 46, 102)
(369, 149, 0, 55, 0)
(288, 89, 2, 9, 76)
(359, 205, 2, 1, 170)
(335, 154, 4, 7, 49)
(355, 207, 1, 7, 98)
(241, 224, 0, 0, 222)
(28, 201, 9, 9, 102)
(181, 112, 58, 0, 144)
(56, 129, 18, 12, 156)
(319, 188, 115, 0, 108)
(46, 92, 4, 8, 118)
(91, 224, 61, 0, 121)
(343, 191, 4, 4, 129)
(187, 134, 0, 69, 210)
(329, 93, 87, 0, 78)
(399, 190, 0, 12, 152)
(373, 218, 6, 1, 42)
(152, 116, 0, 12, 10)
(196, 204, 8, 0, 148)
(343, 174, 4, 10, 191)
(399, 42, 0, 48, 111)
(96, 47, 11, 8, 91)
(180, 156, 20, 7, 113)
(66, 112, 7, 6, 152)
(288, 160, 54, 0, 172)
(399, 159, 19, 1, 153)
(399, 218, 2, 0, 72)
(319, 224, 51, 0, 176)
(314, 220, 5, 3, 131)
(399, 187, 0, 0, 24)
(313, 53, 22, 6, 146)
(211, 59, 49, 5, 95)
(390, 46, 9, 2, 129)
(218, 109, 2, 38, 99)
(380, 200, 3, 3, 108)
(399, 191, 0, 11, 255)
(307, 50, 15, 4, 134)
(316, 19, 9, 6, 140)
(86, 224, 273, 0, 16)
(32, 211, 5, 6, 146)
(359, 216, 9, 3, 69)
(399, 74, 0, 88, 34)
(393, 201, 6, 1, 61)
(110, 224, 266, 0, 79)
(391, 164, 3, 2, 145)
(399, 13, 0, 51, 174)
(154, 213, 1, 2, 66)
(386, 168, 0, 0, 52)
(374, 78, 0, 11, 145)
(301, 137, 1, 12, 200)
(328, 12, 0, 0, 8)
(324, 163, 2, 12, 52)
(399, 0, 0, 147, 131)
(100, 95, 134, 0, 23)
(363, 224, 3, 3, 64)
(370, 165, 1, 3, 148)
(399, 123, 0, 23, 225)
(151, 203, 199, 0, 102)
(242, 224, 0, 0, 181)
(368, 109, 31, 0, 177)
(209, 159, 6, 8, 152)
(367, 224, 0, 0, 33)
(370, 151, 10, 2, 63)
(346, 146, 1, 12, 62)
(82, 224, 19, 0, 76)
(373, 224, 1, 3, 119)
(170, 160, 14, 5, 117)
(356, 96, 8, 7, 144)
(383, 107, 2, 3, 179)
(300, 183, 7, 6, 57)
(232, 223, 4, 2, 12)
(99, 169, 18, 9, 184)
(96, 181, 10, 6, 114)
(224, 134, 0, 0, 255)
(320, 59, 17, 1, 139)
(396, 224, 0, 0, 121)
(353, 179, 3, 4, 153)
(0, 204, 46, 0, 241)
(268, 157, 4, 3, 90)
(131, 224, 98, 0, 47)
(360, 217, 5, 0, 50)
(357, 219, 0, 5, 255)
(176, 152, 17, 6, 80)
(399, 0, 0, 68, 241)
(350, 219, 4, 1, 119)
(390, 74, 0, 8, 175)
(12, 121, 2, 12, 157)
(269, 184, 3, 0, 5)
(187, 221, 12, 0, 114)
(224, 187, 6, 1, 97)
(198, 224, 0, 0, 205)
(318, 207, 0, 7, 121)
(17, 189, 85, 0, 169)
(359, 39, 6, 9, 129)
(267, 196, 25, 3, 55)
(169, 40, 5, 10, 179)
(55, 208, 124, 0, 119)
(392, 128, 5, 1, 138)
(75, 202, 93, 0, 81)
(324, 117, 0, 16, 114)
(319, 211, 6, 1, 89)
(377, 68, 0, 106, 177)
(350, 113, 0, 50, 152)
(304, 0, 12, 9, 120)
(285, 208, 3, 4, 154)
(110, 202, 2, 2, 76)
(35, 176, 130, 0, 85)
(337, 221, 5, 3, 106)
(340, 103, 9, 3, 138)
(320, 189, 9, 11, 181)
(314, 117, 2, 12, 161)
(361, 68, 0, 117, 222)
(286, 117, 3, 8, 194)
(26, 105, 7, 15, 181)
(255, 223, 6, 2, 120)
(239, 224, 0, 0, 211)
(217, 215, 3, 5, 75)
(306, 167, 4, 19, 69)
(151, 193, 5, 3, 132)
(399, 200, 5, 0, 233)
(153, 187, 51, 0, 37)
(126, 166, 17, 2, 133)
(335, 218, 13, 3, 87)
(298, 191, 2, 5, 88)
(399, 102, 1, 1, 167)
(376, 156, 3, 4, 140)
(211, 173, 4, 8, 186)
(161, 64, 8, 11, 87)
(170, 171, 0, 0, 194)
(399, 4, 0, 71, 118)
(374, 67, 15, 2, 117)
(232, 143, 5, 2, 159)
(364, 180, 0, 29, 87)
(162, 190, 7, 4, 182)
(399, 51, 0, 45, 233)
(189, 106, 22, 10, 181)
(200, 224, 98, 0, 101)
(348, 190, 0, 34, 152)
(107, 78, 26, 3, 143)
(360, 27, 0, 137, 241)
(362, 224, 36, 0, 92)
(131, 224, 9, 3, 12)
(248, 184, 87, 0, 109)
(337, 162, 0, 10, 14)
(399, 218, 0, 0, 121)
(373, 65, 0, 22, 169)
(252, 12, 18, 3, 102)
(271, 170, 19, 3, 106)
(87, 167, 17, 3, 205)
(360, 150, 5, 2, 157)
(100, 196, 2, 20, 126)
(332, 212, 13, 1, 114)
(337, 127, 9, 1, 139)
(374, 166, 1, 1, 84)
(177, 224, 14, 17, 50)
(134, 12, 22, 8, 113)
(159, 218, 2, 6, 46)
(357, 224, 41, 0, 119)
(30, 61, 157, 2, 107)
(82, 202, 73, 0, 157)
(277, 224, 38, 0, 63)
(175, 224, 39, 0, 167)
(136, 76, 23, 5, 107)
(399, 205, 0, 19, 166)
(374, 208, 2, 6, 107)
(118, 224, 128, 0, 108)
(392, 224, 0, 0, 95)
(48, 89, 0, 32, 52)
(184, 205, 0, 0, 91)
(317, 203, 5, 5, 171)
(377, 164, 3, 3, 125)
(281, 126, 0, 53, 78)
(253, 44, 40, 2, 141)
(79, 143, 8, 10, 150)
(330, 224, 74, 0, 209)
(201, 218, 2, 1, 105)
(327, 58, 9, 0, 71)
(74, 208, 192, 0, 14)
(0, 24, 28, 8, 156)
(254, 137, 3, 2, 126)
(11, 146, 26, 2, 129)
(9, 78, 0, 22, 155)
(399, 135, 0, 30, 170)
(286, 153, 0, 0, 59)
(322, 209, 0, 1, 201)
(258, 204, 5, 3, 57)
(255, 176, 3, 12, 126)
(136, 215, 16, 0, 127)
(149, 87, 8, 13, 104)
(210, 192, 6, 9, 120)
(171, 155, 7, 6, 92)
(362, 135, 0, 0, 66)
(384, 168, 0, 0, 191)
(127, 82, 14, 24, 110)
(399, 63, 0, 0, 65)
(391, 181, 9, 2, 77)
(130, 202, 15, 4, 124)
(197, 96, 31, 1, 117)
(198, 191, 99, 0, 77)
(130, 200, 6, 2, 150)
(393, 101, 1, 1, 132)
(264, 217, 6, 3, 128)
(397, 55, 0, 72, 111)
(355, 196, 1, 4, 89)
(342, 32, 5, 3, 124)
(231, 138, 3, 9, 145)
(165, 141, 191, 0, 102)
(263, 131, 9, 3, 93)
(267, 224, 5, 1, 159)
(188, 161, 211, 0, 151)
(346, 178, 0, 16, 87)
(392, 199, 2, 5, 100)
(29, 224, 52, 0, 87)
(314, 144, 0, 24, 212)
(230, 190, 0, 7, 115)
(357, 219, 1, 4, 83)
(354, 208, 2, 2, 75)
(354, 166, 0, 77, 131)
(151, 80, 17, 2, 85)
(375, 49, 50, 0, 3)
(399, 187, 0, 0, 53)
(285, 136, 3, 14, 98)
(391, 141, 2, 13, 94)
(320, 221, 6, 1, 105)
(167, 47, 6, 4, 192)
(399, 60, 0, 93, 119)
(101, 224, 16, 0, 9)
(399, 224, 0, 8, 33)
(148, 164, 1, 2, 71)
(396, 133, 23, 2, 153)
(399, 178, 0, 28, 102)
(397, 168, 0, 0, 17)
(124, 207, 5, 1, 127)
(259, 224, 10, 0, 48)
(377, 82, 1, 6, 111)
(328, 220, 63, 0, 187)
(117, 137, 8, 7, 127)
(334, 224, 4, 0, 107)
(188, 81, 7, 3, 167)
(266, 212, 1, 0, 139)
(384, 56, 0, 2, 85)
(127, 127, 182, 0, 153)
(185, 155, 2, 17, 108)
(0, 102, 283, 0, 154)
(395, 185, 3, 2, 48)
(199, 169, 8, 4, 143)
(135, 203, 26, 0, 126)
(318, 126, 10, 1, 81)
(238, 126, 6, 13, 79)
(387, 130, 1, 0, 90)
(399, 29, 0, 67, 131)
(89, 161, 78, 0, 171)
(8, 215, 22, 4, 116)
(319, 216, 13, 1, 119)
(363, 180, 36, 0, 149)
(365, 123, 4, 7, 122)
(364, 101, 9, 1, 163)
(362, 66, 6, 3, 146)
(276, 117, 33, 0, 140)
(307, 87, 28, 1, 69)
(269, 224, 130, 0, 217)
(392, 166, 2, 1, 70)
(241, 224, 0, 0, 189)
(278, 224, 121, 0, 116)
(280, 104, 9, 1, 100)
(297, 222, 3, 2, 154)
(399, 25, 25, 5, 110)
(184, 123, 0, 11, 229)
(399, 169, 0, 17, 139)
(399, 199, 0, 25, 0)
(109, 60, 50, 2, 101)
(194, 199, 4, 3, 81)
(399, 217, 0, 7, 255)
(377, 22, 0, 3, 251)
(158, 138, 12, 4, 92)
(307, 223, 9, 1, 133)
(346, 34, 4, 2, 126)
(292, 210, 67, 0, 231)
(382, 138, 4, 8, 99)
(271, 141, 0, 34, 97)
(339, 207, 0, 0, 70)
(383, 223, 16, 0, 132)
(135, 59, 1, 4, 116)
(135, 224, 96, 0, 75)
(399, 64, 0, 39, 0)
(367, 59, 9, 6, 140)
(14, 203, 1, 2, 83)
(393, 184, 3, 2, 31)
(399, 224, 0, 6, 62)
(391, 61, 0, 6, 2)
(246, 224, 125, 0, 0)
(317, 129, 6, 1, 143)
(337, 116, 3, 6, 93)
(399, 203, 0, 0, 30)
(0, 202, 8, 3, 175)
(292, 198, 4, 2, 105)
(335, 202, 0, 17, 181)
(19, 216, 1, 9, 94)
(129, 71, 7, 6, 141)
(33, 224, 253, 0, 97)
(39, 115, 6, 12, 183)
(15, 200, 39, 0, 146)
(332, 130, 14, 2, 100)
(247, 187, 12, 0, 212)
(359, 47, 3, 9, 109)
(399, 221, 0, 3, 19)
(345, 154, 0, 55, 253)
(388, 188, 8, 5, 100)
(306, 92, 2, 8, 100)
(93, 181, 0, 0, 1)
(242, 163, 6, 6, 137)
(332, 218, 3, 1, 154)
(228, 113, 30, 3, 157)
(249, 177, 5, 1, 130)
(366, 219, 3, 1, 123)
(170, 191, 13, 7, 142)
(332, 150, 0, 4, 158)
(129, 224, 67, 0, 114)
(166, 210, 10, 1, 83)
(29, 171, 77, 0, 133)
(144, 185, 10, 1, 93)
(160, 153, 12, 3, 131)
(284, 60, 0, 0, 7)
(248, 201, 1, 10, 82)
(370, 171, 15, 0, 2)
(6, 214, 9, 5, 130)
(389, 34, 0, 96, 12)
(237, 204, 3, 10, 76)
(386, 194, 2, 2, 110)
(359, 187, 0, 13, 67)
(355, 224, 0, 0, 243)
(163, 205, 71, 0, 190)
(7, 211, 146, 0, 7)
(397, 37, 0, 89, 148)
(215, 99, 31, 7, 181)
(183, 224, 39, 0, 2)
(286, 158, 10, 2, 94)
(56, 180, 16, 5, 140)
(0, 224, 249, 0, 183)
(109, 186, 14, 0, 74)
(337, 52, 10, 10, 134)
(61, 80, 34, 0, 86)
(24, 109, 143, 0, 209)
(227, 117, 4, 5, 149)
(364, 47, 12, 3, 145)
(85, 213, 4, 4, 65)
(320, 224, 113, 0, 137)
(399, 87, 0, 18, 110)
(270, 220, 129, 0, 27)
(331, 91, 0, 3, 221)
(313, 1, 0, 40, 130)
(290, 152, 0, 20, 81)
(320, 114, 15, 8, 131)
(53, 104, 2, 14, 167)
(140, 35, 33, 3, 107)
(393, 220, 4, 2, 61)
(78, 221, 4, 5, 28)
(391, 194, 4, 1, 89)
(396, 79, 9, 2, 134)
(188, 224, 37, 0, 59)
(198, 192, 113, 0, 77)
(399, 112, 0, 0, 24)
(383, 151, 2, 13, 128)
(176, 114, 0, 46, 24)
(365, 52, 5, 9, 115)
(148, 213, 66, 0, 69)
(71, 210, 139, 0, 11)
(360, 130, 13, 2, 150)
(90, 40, 39, 3, 126)
(362, 188, 0, 16, 113)
(0, 224, 145, 0, 95)
(64, 176, 100, 0, 177)
(363, 222, 2, 1, 123)
(279, 178, 2, 14, 75)
(351, 168, 1, 3, 216)
(330, 27, 0, 15, 88)
(297, 71, 7, 1, 139)
(285, 77, 0, 90, 37)
(299, 0, 0, 44, 0)
(329, 143, 6, 13, 97)
(321, 224, 0, 0, 81)
(399, 209, 22, 0, 162)
(97, 224, 89, 0, 150)
(129, 31, 13, 2, 100)
(124, 180, 5, 9, 150)
(385, 133, 1, 5, 50)
(203, 90, 41, 2, 141)
(119, 91, 25, 2, 133)
(269, 205, 3, 6, 48)
(34, 224, 7, 0, 241)
(294, 159, 6, 3, 139)
(62, 224, 50, 0, 52)
(266, 139, 4, 12, 111)
(367, 198, 32, 0, 225)
(317, 223, 7, 1, 85)
(303, 224, 41, 0, 74)
(305, 193, 27, 0, 220)
(237, 53, 0, 0, 214)
(391, 131, 1, 14, 95)
(63, 221, 9, 8, 97)
(359, 121, 22, 1, 70)
(93, 206, 7, 2, 141)
(363, 85, 2, 7, 93)
(121, 109, 0, 108, 26)
(340, 129, 5, 1, 74)
(53, 28, 13, 6, 127)
(376, 165, 0, 23, 17)
(131, 223, 20, 1, 32)
(369, 224, 30, 0, 91)
(288, 161, 7, 2, 156)
(134, 147, 0, 77, 0)
(1, 224, 170, 0, 63)
(52, 55, 60, 2, 108)
(298, 217, 32, 0, 188)
(74, 206, 240, 0, 75)
(60, 180, 2, 20, 126)
(375, 216, 24, 0, 106)
(272, 221, 8, 3, 164)
(359, 223, 4, 1, 61)
(199, 204, 116, 0, 238)
(240, 180, 0, 0, 58)
(282, 158, 0, 31, 12)
(0, 169, 3, 13, 163)
(39, 0, 0, 144, 82)
(314, 128, 2, 11, 142)
(310, 0, 0, 177, 36)
(39, 216, 165, 0, 199)
(181, 75, 0, 72, 0)
(243, 144, 10, 1, 116)
(76, 209, 15, 2, 78)
(360, 26, 0, 58, 71)
(276, 215, 10, 3, 158)
(147, 215, 5, 1, 105)
(396, 202, 2, 1, 45)
(278, 37, 14, 0, 8)
(56, 201, 6, 17, 95)
(301, 199, 0, 0, 177)
(353, 222, 2, 2, 112)
(8, 42, 45, 6, 131)
(338, 70, 0, 68, 234)
(386, 224, 0, 0, 106)
(376, 121, 0, 12, 126)
(44, 175, 1, 14, 137)
(0, 8, 33, 9, 123)
(189, 215, 36, 0, 40)
(378, 93, 0, 35, 253)
(305, 165, 0, 0, 14)
(340, 69, 0, 119, 254)
(386, 170, 0, 11, 179)
(363, 183, 0, 0, 184)
(363, 194, 0, 23, 226)
(185, 224, 171, 0, 220)
(399, 168, 0, 22, 105)
(286, 50, 17, 12, 108)
(292, 68, 3, 14, 115)
(367, 224, 0, 0, 235)
(208, 127, 10, 5, 69)
(327, 72, 17, 3, 119)
(399, 123, 0, 0, 146)
(199, 224, 0, 0, 116)
(113, 208, 0, 10, 86)
(312, 224, 0, 0, 177)
(196, 189, 11, 5, 170)
(89, 194, 0, 9, 181)
(399, 193, 0, 0, 25)
(269, 224, 86, 0, 117)
(96, 170, 26, 0, 113)
(153, 223, 1, 2, 81)
(20, 224, 36, 0, 125)
(226, 144, 26, 0, 179)
(240, 151, 0, 0, 253)
(128, 213, 161, 0, 219)
(185, 224, 123, 0, 231)
(399, 128, 0, 36, 86)
(78, 222, 241, 0, 146)
(399, 185, 0, 39, 0)
(311, 148, 3, 3, 107)
(399, 104, 0, 78, 228)
(302, 109, 1, 19, 157)
(383, 139, 2, 2, 87)
(96, 224, 224, 0, 108)
(399, 88, 0, 121, 217)
(241, 133, 5, 2, 108)
(218, 224, 138, 0, 86)
(357, 208, 17, 2, 119)
(354, 184, 0, 32, 212)
(213, 195, 46, 0, 164)
(399, 212, 0, 4, 93)
(0, 25, 8, 21, 152)
(312, 118, 4, 4, 120)
(126, 224, 244, 0, 38)
(304, 224, 95, 0, 154)
(352, 53, 4, 15, 124)
(399, 48, 0, 36, 55)
(399, 183, 0, 38, 77)
(204, 205, 3, 7, 80)
(399, 159, 0, 12, 171)
(360, 178, 2, 2, 65)
(360, 103, 4, 6, 143)
(71, 193, 296, 0, 115)
(91, 24, 25, 4, 76)
(77, 113, 16, 6, 105)
(285, 91, 3, 12, 135)
(398, 170, 0, 13, 28)
(399, 84, 0, 25, 67)
(256, 148, 73, 0, 225)
(388, 208, 6, 2, 129)
(326, 146, 8, 2, 92)
(225, 158, 18, 5, 127)
(399, 90, 0, 0, 58)
(264, 127, 0, 26, 255)
(237, 224, 75, 0, 175)
(174, 118, 4, 7, 92)
(125, 224, 0, 5, 201)
(333, 221, 3, 3, 81)
(366, 126, 2, 0, 209)
(335, 224, 56, 0, 186)
(273, 0, 0, 8, 138)
(333, 183, 55, 0, 67)
(294, 17, 0, 68, 105)
(353, 166, 3, 12, 200)
(399, 117, 0, 39, 111)
(16, 224, 239, 0, 60)
(399, 161, 0, 2, 46)
(362, 170, 4, 4, 147)
(360, 11, 0, 213, 82)
(203, 216, 105, 0, 182)
(338, 99, 0, 115, 190)
(327, 12, 0, 66, 188)
(399, 198, 0, 31, 123)
(144, 135, 10, 2, 93)
(313, 224, 79, 0, 188)
(369, 216, 29, 0, 247)
(198, 223, 107, 0, 3)
(379, 100, 6, 3, 138)
(367, 0, 0, 124, 157)
(399, 87, 0, 135, 82)
(354, 134, 34, 0, 68)
(399, 92, 0, 0, 125)
(156, 141, 4, 19, 137)
(46, 44, 0, 165, 197)
(130, 210, 2, 4, 51)
(337, 224, 62, 0, 130)
(368, 217, 1, 7, 79)
(341, 160, 43, 0, 80)
(399, 208, 0, 14, 163)
(341, 224, 58, 0, 206)
(89, 224, 0, 0, 37)
(306, 135, 0, 0, 97)
(229, 157, 0, 35, 52)
(274, 154, 15, 0, 240)
(385, 209, 2, 2, 105)
(23, 176, 133, 0, 170)
(389, 224, 4, 1, 57)
(399, 20, 0, 128, 244)
(303, 155, 111, 0, 216)
(126, 19, 0, 112, 162)
(64, 223, 6, 1, 136)
(278, 195, 17, 0, 109)
(304, 135, 2, 3, 104)
(312, 181, 0, 24, 247)
(130, 168, 151, 0, 47)
(393, 178, 3, 1, 72)
(368, 207, 31, 0, 11)
(248, 224, 120, 0, 16)
(359, 204, 8, 1, 148)
(335, 5, 8, 14, 115)
(152, 224, 79, 0, 215)
(353, 128, 1, 9, 149)
(49, 192, 2, 14, 138)
(375, 150, 0, 17, 221)
(296, 224, 39, 0, 255)
(370, 191, 1, 8, 183)
(397, 22, 7, 1, 142)
(218, 220, 89, 0, 71)
(243, 215, 125, 0, 101)
(331, 174, 68, 0, 160)
(180, 23, 219, 0, 159)
(53, 217, 4, 5, 117)
(28, 191, 130, 0, 100)
(180, 155, 6, 7, 124)
(277, 192, 11, 1, 65)
(399, 186, 0, 51, 198)
(70, 214, 5, 10, 94)
(257, 141, 25, 2, 114)
(368, 205, 2, 1, 76)
(200, 222, 89, 0, 148)
(200, 175, 3, 4, 176)
(310, 30, 17, 0, 186)
(226, 44, 6, 10, 85)
(178, 119, 10, 8, 127)
(399, 116, 0, 2, 28)
(228, 15, 16, 3, 168)
(399, 34, 1, 14, 133)
(365, 157, 6, 6, 108)
(382, 107, 3, 4, 179)
(379, 224, 1, 2, 104)
(76, 224, 308, 0, 43)
(205, 177, 2, 4, 137)
(399, 208, 0, 7, 105)
(227, 83, 3, 9, 98)
(339, 194, 4, 4, 154)
(238, 223, 28, 0, 138)
(225, 174, 8, 3, 185)
(56, 134, 9, 2, 148)
(0, 172, 174, 0, 146)
(263, 222, 3, 2, 146)
(368, 55, 0, 18, 230)
(49, 39, 118, 2, 139)
(352, 181, 2, 6, 141)
(282, 224, 82, 0, 75)
(386, 220, 1, 1, 108)
(355, 109, 0, 7, 139)
(343, 83, 0, 78, 76)
(55, 60, 11, 3, 124)
(124, 120, 7, 7, 102)
(106, 208, 8, 2, 55)
(388, 218, 7, 1, 70)
(361, 179, 3, 2, 116)
(214, 200, 8, 2, 94)
(81, 224, 252, 0, 0)
(135, 159, 225, 0, 248)
(70, 214, 230, 0, 38)
(337, 44, 0, 48, 52)
(289, 224, 33, 0, 207)
(399, 214, 1, 1, 149)
(228, 190, 10, 1, 151)
(299, 175, 14, 1, 80)
(358, 86, 0, 125, 255)
(292, 219, 3, 0, 0)
(370, 88, 13, 0, 164)
(367, 202, 2, 1, 126)
(378, 204, 1, 2, 100)
(377, 165, 11, 3, 111)
(47, 156, 0, 0, 148)
(377, 198, 1, 3, 113)
(303, 56, 0, 15, 84)
(399, 58, 0, 57, 163)
(15, 205, 6, 1, 100)
(328, 162, 0, 40, 123)
(347, 76, 12, 3, 94)
(28, 223, 106, 0, 65)
(399, 205, 0, 0, 0)
(243, 17, 9, 15, 114)
(0, 187, 165, 0, 245)
(393, 107, 0, 0, 23)
(362, 223, 0, 1, 112)
(136, 164, 39, 0, 156)
(130, 180, 70, 0, 89)
(0, 177, 141, 0, 65)
(25, 224, 105, 0, 62)
(207, 212, 128, 0, 93)
(245, 212, 115, 0, 179)
(156, 200, 49, 0, 138)
(388, 185, 0, 28, 92)
(354, 101, 3, 12, 114)
(313, 214, 0, 10, 23)
(335, 132, 5, 0, 203)
(63, 168, 5, 14, 146)
(94, 1, 15, 18, 103)
(380, 185, 0, 29, 170)
(161, 92, 2, 19, 121)
(5, 71, 105, 1, 126)
(329, 27, 0, 20, 158)
(147, 197, 222, 0, 120)
(343, 146, 3, 9, 73)
(47, 206, 181, 0, 255)
(143, 213, 29, 0, 113)
(299, 216, 83, 0, 255)
(166, 224, 40, 0, 225)
(331, 127, 5, 4, 132)
(76, 206, 0, 0, 16)
(84, 193, 0, 0, 255)
(399, 110, 0, 71, 143)
(272, 217, 48, 0, 125)
(399, 115, 0, 13, 180)
(326, 205, 7, 1, 152)
(314, 75, 11, 4, 119)
(399, 178, 0, 0, 230)
(215, 191, 20, 3, 139)
(118, 188, 6, 12, 110)
(93, 210, 259, 0, 95)
(384, 185, 0, 0, 8)
(350, 183, 1, 7, 135)
(399, 173, 0, 35, 114)
(324, 194, 3, 2, 156)
(366, 141, 2, 9, 129)
(353, 153, 4, 1, 58)
(399, 115, 0, 37, 97)
(283, 68, 8, 2, 128)
(303, 53, 0, 0, 77)
(225, 4, 84, 0, 210)
(189, 224, 27, 0, 78)
(52, 113, 88, 0, 228)
(386, 167, 1, 13, 135)
(399, 61, 0, 22, 42)
(98, 214, 10, 1, 82)
(305, 104, 2, 8, 117)
(145, 224, 85, 0, 165)
(236, 188, 64, 0, 232)
(97, 87, 18, 9, 109)
(147, 25, 157, 0, 124)
(43, 127, 13, 3, 194)
(211, 54, 4, 22, 99)
(243, 55, 19, 3, 95)
(275, 223, 1, 8, 179)
(216, 60, 10, 1, 73)
(163, 224, 133, 0, 155)
(23, 175, 43, 2, 127)
(253, 139, 0, 25, 50)
(381, 200, 0, 3, 87)
(371, 75, 17, 1, 152)
(386, 116, 0, 64, 184)
(343, 4, 0, 132, 107)
(10, 218, 209, 0, 0)
(29, 129, 12, 5, 71)
(272, 224, 112, 0, 247)
(125, 211, 177, 0, 66)
(235, 205, 2, 10, 58)
(62, 128, 0, 68, 183)
(204, 12, 24, 22, 126)
(337, 92, 51, 0, 206)
(330, 181, 2, 8, 174)
(8, 113, 4, 33, 110)
(285, 198, 5, 3, 74)
(377, 153, 0, 0, 53)
(359, 177, 2, 1, 145)
(270, 201, 70, 0, 242)
(149, 183, 67, 0, 142)
(241, 224, 143, 0, 58)
(399, 193, 5, 0, 220)
(194, 157, 25, 1, 147)
(381, 95, 0, 40, 40)
(399, 198, 0, 0, 255)
(370, 87, 0, 141, 127)
(57, 221, 3, 2, 130)
(172, 181, 0, 11, 25)
(74, 224, 308, 0, 119)
(357, 181, 15, 2, 101)
(219, 207, 3, 11, 75)
(379, 135, 0, 0, 42)
(245, 2, 41, 5, 98)
(14, 224, 344, 0, 93)
(163, 214, 4, 1, 146)
(328, 191, 0, 33, 79)
(280, 95, 0, 0, 71)
(368, 146, 8, 1, 113)
(399, 30, 0, 45, 160)
(206, 223, 14, 1, 34)
(384, 170, 1, 13, 148)
(277, 223, 15, 0, 222)
(399, 224, 0, 2, 177)
(333, 124, 15, 1, 63)
(368, 137, 31, 0, 73)
(158, 108, 8, 5, 150)
(347, 214, 8, 1, 95)
(397, 40, 2, 3, 127)
(13, 224, 90, 0, 185)
(258, 167, 22, 0, 236)
(281, 113, 1, 24, 170)
(336, 206, 0, 18, 83)
(273, 44, 9, 7, 145)
(175, 94, 0, 0, 174)
(28, 157, 131, 0, 122)
(261, 159, 0, 22, 64)
(175, 161, 224, 0, 20)
(335, 223, 3, 1, 126)
(399, 223, 0, 0, 60)
(383, 178, 63, 0, 139)
(80, 65, 47, 2, 116)
(397, 192, 2, 5, 129)
(82, 211, 3, 11, 65)
(110, 224, 173, 0, 35)
(212, 178, 136, 0, 92)
(344, 79, 55, 0, 102)
(399, 75, 0, 45, 133)
(366, 187, 0, 0, 126)
(159, 206, 40, 0, 122)
(391, 198, 1, 4, 88)
(376, 96, 2, 16, 128)
(391, 18, 0, 132, 125)
(399, 86, 0, 23, 57)
(149, 191, 0, 0, 161)
(393, 97, 2, 3, 149)
(368, 75, 3, 5, 110)
(367, 178, 0, 0, 84)
(68, 100, 12, 6, 118)
(313, 82, 85, 0, 213)
(382, 207, 0, 0, 187)
(311, 31, 5, 1, 112)
(246, 224, 90, 0, 152)
(399, 198, 0, 0, 121)
(34, 170, 139, 0, 162)
(399, 39, 0, 105, 207)
(39, 201, 0, 0, 255)
(290, 199, 109, 0, 213)
(338, 197, 7, 0, 225)
(322, 224, 35, 0, 246)
(399, 191, 0, 0, 42)
(277, 187, 134, 0, 58)
(108, 29, 30, 2, 95)
(305, 198, 5, 2, 153)
(104, 211, 11, 1, 113)
(355, 164, 0, 0, 55)
(161, 160, 110, 0, 0)
(257, 176, 3, 1, 82)
(327, 205, 34, 0, 126)
(333, 224, 0, 0, 232)
(333, 19, 16, 11, 102)
(399, 0, 0, 140, 213)
(362, 183, 0, 41, 200)
(279, 131, 2, 6, 152)
(88, 219, 0, 0, 48)
(342, 45, 0, 70, 28)
(294, 27, 28, 3, 112)
(37, 224, 0, 0, 178)
(383, 204, 1, 9, 84)
(399, 198, 0, 12, 185)
(389, 149, 5, 0, 207)
(309, 94, 0, 0, 145)
(381, 203, 12, 0, 149)
(180, 69, 3, 13, 83)
(2, 224, 379, 0, 150)
(71, 28, 16, 4, 80)
(314, 203, 22, 0, 117)
(365, 197, 0, 0, 96)
(399, 14, 0, 102, 98)
(338, 212, 10, 0, 242)
(399, 172, 0, 18, 93)
(323, 53, 16, 2, 139)
(36, 106, 10, 4, 138)
(347, 224, 67, 0, 28)
(399, 22, 0, 126, 231)
(365, 196, 0, 13, 113)
(321, 210, 6, 1, 97)
(301, 121, 2, 11, 169)
(86, 132, 145, 0, 135)
(390, 9, 9, 1, 116)
(352, 168, 18, 0, 73)
(328, 145, 5, 9, 101)
(399, 224, 0, 0, 228)
(269, 123, 0, 15, 231)
(373, 172, 0, 24, 99)
(156, 220, 152, 0, 199)
(125, 176, 197, 0, 181)
(176, 224, 0, 0, 68)
(349, 208, 0, 0, 62)
(368, 56, 0, 51, 66)
(271, 224, 52, 0, 196)
(399, 67, 0, 42, 45)
(379, 159, 1, 1, 85)
(399, 138, 0, 56, 163)
(392, 60, 2, 5, 93)
(296, 219, 6, 1, 155)
(399, 222, 0, 5, 21)
(340, 219, 49, 0, 145)
(388, 118, 11, 1, 99)
(352, 146, 5, 3, 120)
(230, 117, 9, 2, 100)
(300, 105, 0, 101, 136)
(34, 210, 2, 6, 156)
(313, 203, 41, 0, 108)
(106, 212, 3, 0, 50)
(85, 224, 22, 0, 52)
(305, 159, 12, 9, 83)
(253, 9, 14, 6, 100)
(317, 200, 7, 1, 151)
(108, 223, 7, 1, 22)
(160, 224, 61, 0, 179)
(381, 199, 0, 25, 100)
(399, 65, 0, 83, 190)
(210, 224, 88, 0, 228)
(53, 209, 21, 0, 94)
(346, 56, 0, 15, 173)
(374, 208, 5, 2, 102)
(374, 45, 0, 0, 59)
(399, 170, 0, 8, 233)
(389, 29, 2, 3, 129)
(205, 149, 5, 6, 110)
(47, 154, 25, 5, 124)
(292, 211, 78, 0, 18)
(78, 85, 5, 10, 147)
(308, 10, 9, 7, 111)
(351, 97, 0, 0, 194)
(126, 182, 15, 2, 116)
(197, 208, 202, 0, 130)
(322, 224, 65, 0, 177)
(362, 101, 8, 1, 167)
(177, 96, 17, 1, 166)
(227, 82, 5, 1, 102)
(337, 104, 0, 35, 255)
(31, 224, 55, 0, 75)
(281, 219, 8, 2, 178)
(138, 180, 1, 8, 170)
(399, 141, 0, 0, 227)
(258, 224, 67, 0, 89)
(112, 189, 4, 9, 140)
(373, 98, 0, 3, 0)
(249, 116, 3, 5, 91)
(200, 203, 1, 5, 126)
(261, 34, 10, 8, 126)
(86, 203, 166, 0, 187)
(343, 208, 1, 7, 86)
(103, 197, 2, 5, 128)
(0, 156, 345, 0, 43)
(198, 49, 16, 4, 134)
(179, 131, 2, 11, 137)
(111, 106, 197, 0, 253)
(70, 84, 0, 0, 0)
(309, 137, 3, 9, 191)
(299, 211, 0, 0, 69)
(220, 113, 5, 11, 73)
(25, 224, 212, 0, 161)
(278, 3, 0, 40, 47)
(154, 206, 0, 0, 146)
(299, 97, 2, 27, 110)
(223, 224, 4, 2, 25)
(317, 201, 13, 1, 167)
(362, 74, 37, 0, 3)
(297, 222, 8, 2, 154)
(275, 199, 0, 0, 229)
(9, 169, 13, 6, 96)
(368, 168, 7, 10, 108)
(102, 22, 0, 101, 166)
(318, 179, 2, 7, 132)
(259, 154, 35, 1, 142)
(6, 207, 7, 7, 108)
(240, 40, 0, 44, 112)
(55, 126, 0, 25, 76)
(373, 214, 26, 0, 91)
(399, 106, 0, 57, 171)
(142, 196, 13, 3, 182)
(399, 190, 0, 8, 255)
(102, 224, 261, 0, 161)
(68, 224, 13, 0, 112)
(340, 16, 0, 208, 121)
(133, 218, 8, 3, 40)
(211, 224, 125, 0, 212)
(216, 224, 134, 0, 251)
(232, 186, 6, 3, 154)
(318, 215, 6, 1, 104)
(399, 191, 0, 10, 71)
(399, 202, 0, 7, 117)
(388, 176, 1, 12, 48)
(399, 207, 0, 0, 165)
(272, 190, 72, 0, 149)
(399, 3, 0, 132, 142)
(102, 200, 258, 0, 177)
(229, 49, 5, 5, 63)
(273, 189, 3, 7, 69)
(352, 181, 0, 26, 246)
(399, 35, 0, 156, 195)
(399, 224, 0, 8, 5)
(388, 224, 17, 0, 126)
(399, 86, 0, 7, 65)
(219, 208, 4, 1, 123)
(364, 202, 68, 0, 179)
(256, 212, 6, 3, 46)
(399, 106, 0, 88, 132)
(200, 197, 4, 7, 91)
(179, 198, 76, 0, 157)
(311, 217, 96, 0, 229)
(0, 205, 141, 0, 214)
(87, 205, 283, 0, 79)
(389, 184, 6, 2, 34)
(328, 224, 62, 0, 31)
(95, 154, 8, 3, 134)
(329, 15, 0, 36, 23)
(243, 153, 3, 9, 91)
(166, 206, 108, 0, 50)
(287, 55, 4, 4, 126)
(399, 91, 0, 83, 206)
(74, 103, 5, 5, 153)
(298, 194, 62, 0, 123)
(399, 6, 0, 42, 64)
(228, 126, 5, 5, 92)
(0, 211, 190, 0, 136)
(230, 192, 140, 0, 82)
(84, 219, 77, 0, 5)
(17, 224, 5, 0, 255)
(99, 134, 11, 4, 91)
(352, 48, 0, 1, 42)
(224, 133, 5, 8, 132)
(329, 39, 0, 54, 70)
(393, 165, 6, 0, 71)
(363, 0, 85, 0, 71)
(68, 224, 103, 0, 168)
(399, 224, 3, 0, 58)
(141, 207, 45, 0, 178)
(399, 36, 0, 75, 151)
(249, 77, 13, 3, 65)
(307, 165, 18, 3, 81)
(169, 209, 193, 0, 177)
(364, 189, 63, 0, 159)
(143, 189, 12, 3, 181)
(392, 224, 0, 0, 135)
(60, 144, 1, 28, 120)
(75, 132, 20, 1, 145)
(318, 141, 9, 5, 119)
(49, 223, 21, 0, 136)
(90, 212, 137, 0, 28)
(87, 46, 19, 8, 90)
(64, 205, 2, 15, 109)
(386, 197, 0, 2, 134)
(219, 199, 33, 0, 43)
(340, 210, 14, 1, 120)
(378, 218, 1, 2, 90)
(235, 65, 0, 159, 138)
(356, 183, 1, 1, 62)
(299, 182, 8, 4, 61)
(216, 201, 0, 0, 47)
(395, 220, 0, 0, 188)
(150, 202, 225, 0, 19)
(372, 224, 16, 0, 53)
(208, 184, 105, 0, 96)
(337, 208, 0, 16, 59)
(399, 141, 0, 47, 23)
(380, 145, 1, 6, 52)
(352, 61, 0, 68, 41)
(309, 115, 3, 2, 121)
(356, 123, 0, 31, 176)
(209, 181, 0, 0, 155)
(344, 221, 0, 0, 36)
(95, 160, 22, 0, 21)
(399, 204, 0, 19, 135)
(73, 199, 5, 5, 84)
(320, 56, 7, 6, 153)
(399, 221, 0, 0, 98)
(396, 90, 0, 21, 38)
(399, 20, 0, 51, 99)
(148, 182, 14, 0, 23)
(399, 128, 0, 11, 108)
(37, 224, 362, 0, 84)
(158, 217, 0, 11, 48)
(103, 169, 9, 2, 197)
(367, 134, 11, 2, 164)
(360, 75, 0, 0, 109)
(399, 83, 0, 69, 177)
(383, 210, 2, 0, 87)
(354, 219, 3, 4, 100)
(366, 172, 2, 1, 81)
(366, 194, 0, 19, 74)
(57, 135, 0, 43, 217)
(386, 21, 2, 5, 111)
(362, 47, 0, 32, 109)
(274, 201, 107, 0, 56)
(394, 126, 0, 29, 131)
(331, 173, 3, 5, 142)
(399, 46, 0, 119, 41)
(29, 167, 1, 7, 155)
(395, 204, 0, 0, 255)
(399, 133, 0, 32, 132)
(377, 13, 15, 2, 108)
(193, 210, 26, 1, 100)
(300, 15, 0, 21, 193)
(386, 101, 1, 7, 110)
(250, 192, 6, 7, 88)
(265, 157, 6, 4, 108)
(349, 174, 0, 20, 149)
(317, 211, 0, 13, 106)
(35, 224, 0, 2, 147)
(320, 218, 2, 1, 158)
(341, 114, 6, 8, 126)
(368, 194, 0, 17, 174)
(304, 190, 5, 4, 121)
(261, 0, 49, 1, 117)
(332, 213, 3, 1, 66)
(399, 100, 0, 11, 230)
(115, 141, 0, 60, 101)
(391, 210, 2, 6, 98)
(263, 181, 20, 1, 85)
(36, 220, 275, 0, 122)
(51, 149, 0, 10, 143)
(41, 210, 205, 0, 73)
(78, 121, 5, 3, 92)
(399, 10, 0, 76, 127)
(399, 213, 0, 0, 73)
(386, 42, 0, 154, 159)
(50, 202, 36, 0, 59)
(261, 78, 129, 0, 223)
(373, 197, 21, 0, 74)
(222, 212, 101, 0, 68)
(347, 132, 0, 92, 195)
(214, 173, 7, 16, 167)
(131, 206, 95, 0, 202)
(312, 213, 31, 0, 72)
(339, 215, 7, 3, 100)
(287, 0, 2, 9, 124)
(394, 139, 3, 5, 146)
(307, 159, 1, 13, 88)
(248, 138, 4, 1, 147)
(99, 168, 0, 6, 3)
(360, 203, 53, 0, 118)
(106, 33, 22, 9, 140)
(307, 224, 23, 0, 140)
(362, 207, 0, 0, 133)
(152, 152, 72, 0, 107)
(381, 186, 0, 0, 151)
(399, 224, 0, 0, 17)
(349, 184, 3, 4, 138)
(373, 58, 11, 0, 170)
(141, 213, 49, 0, 243)
(15, 41, 13, 4, 100)
(183, 217, 216, 0, 117)
(269, 163, 19, 3, 156)
(296, 11, 17, 1, 101)
(199, 209, 168, 0, 184)
(399, 184, 16, 1, 94)
(343, 183, 0, 0, 15)
(63, 205, 66, 0, 173)
(358, 150, 2, 2, 151)
(341, 90, 8, 2, 86)
(381, 224, 0, 0, 217)
(349, 71, 0, 37, 107)
(237, 159, 0, 22, 75)
(372, 212, 0, 35, 182)
(359, 159, 13, 0, 199)
(367, 223, 26, 0, 59)
(298, 105, 4, 7, 155)
(179, 191, 7, 1, 112)
(381, 203, 0, 0, 218)
(363, 212, 1, 1, 125)
(399, 210, 0, 0, 190)
(183, 102, 37, 7, 177)
(395, 185, 37, 0, 114)
(85, 223, 6, 1, 34)
(312, 202, 0, 19, 231)
(334, 141, 6, 14, 91)
(30, 224, 341, 0, 204)
(312, 218, 51, 0, 50)
(185, 81, 9, 5, 162)
(392, 49, 0, 91, 107)
(347, 135, 1, 8, 135)
(356, 107, 34, 0, 205)
(210, 197, 0, 36, 123)
(399, 209, 0, 0, 21)
(384, 41, 0, 69, 87)
(316, 217, 3, 4, 138)
(314, 99, 0, 114, 0)
(366, 68, 0, 43, 69)
(28, 168, 286, 0, 4)
(381, 224, 18, 0, 45)
(349, 177, 0, 16, 180)
(399, 86, 0, 73, 100)
(42, 212, 38, 0, 89)
(136, 101, 3, 2, 65)
(165, 217, 0, 7, 0)
(394, 191, 0, 0, 45)
(224, 176, 170, 0, 221)
(387, 140, 5, 1, 114)
(233, 210, 66, 0, 235)
(72, 205, 0, 26, 6)
(100, 145, 9, 5, 156)
(153, 224, 97, 0, 247)
(380, 121, 8, 2, 97)
(53, 224, 200, 0, 233)
(370, 184, 0, 32, 248)
(351, 224, 2, 4, 128)
(183, 141, 105, 0, 36)
(369, 162, 2, 0, 116)
(371, 88, 7, 6, 158)
(345, 167, 36, 0, 135)
(331, 19, 9, 7, 103)
(362, 209, 4, 3, 111)
(235, 224, 70, 0, 255)
(331, 202, 0, 13, 143)
(395, 142, 0, 100, 202)
(333, 174, 0, 51, 70)
(0, 143, 207, 0, 230)
(310, 83, 0, 42, 62)
(223, 18, 0, 15, 72)
(372, 115, 1, 6, 79)
(386, 33, 0, 13, 42)
(399, 224, 0, 0, 55)
(273, 210, 126, 0, 232)
(46, 134, 5, 8, 74)
(121, 190, 5, 2, 70)
(370, 79, 1, 6, 159)
(60, 222, 5, 2, 118)
(98, 50, 301, 0, 198)
(383, 165, 0, 0, 124)
(399, 224, 0, 0, 0)
(343, 224, 49, 0, 163)
(399, 46, 0, 16, 185)
(345, 109, 2, 8, 113)
(355, 224, 44, 0, 255)
(168, 208, 170, 0, 179)
(384, 91, 1, 14, 153)
(10, 188, 1, 15, 102)
(322, 208, 5, 1, 127)
(365, 215, 0, 0, 232)
(5, 205, 2, 18, 164)
(110, 144, 28, 0, 255)
(107, 162, 17, 4, 140)
(189, 162, 6, 9, 129)
(172, 193, 150, 0, 71)
(399, 36, 0, 1, 89)
(399, 137, 0, 45, 118)
(207, 224, 151, 0, 164)
(188, 124, 10, 4, 111)
(354, 120, 0, 13, 59)
(190, 199, 2, 2, 175)
(399, 173, 0, 16, 201)
(171, 217, 2, 4, 106)
(243, 196, 10, 1, 95)
(204, 202, 20, 0, 235)
(378, 90, 21, 0, 191)
(399, 210, 1, 1, 74)
(343, 144, 7, 1, 107)
(285, 181, 79, 0, 139)
(56, 100, 10, 4, 157)
(318, 193, 4, 6, 186)
(8, 68, 4, 12, 142)
(206, 221, 6, 3, 47)
(212, 219, 0, 1, 141)
(244, 224, 30, 0, 0)
(282, 5, 0, 60, 3)
(0, 224, 0, 0, 170)
(58, 224, 281, 0, 171)
(24, 219, 9, 4, 132)
(12, 224, 139, 0, 119)
(96, 224, 128, 0, 148)
(385, 201, 2, 8, 133)
(399, 145, 0, 0, 41)
(309, 183, 0, 20, 103)
(316, 203, 8, 0, 94)
(56, 106, 2, 27, 166)
(399, 160, 0, 36, 99)
(250, 153, 25, 1, 130)
(232, 29, 7, 13, 133)
(178, 214, 165, 0, 67)
(296, 111, 0, 119, 15)
(375, 157, 0, 24, 92)
(307, 54, 5, 9, 97)
(95, 198, 4, 1, 149)
(362, 192, 0, 12, 114)
(128, 224, 80, 0, 25)
(323, 215, 2, 5, 104)
(344, 88, 17, 2, 122)
(106, 208, 45, 0, 238)
(367, 211, 3, 1, 77)
(358, 204, 1, 3, 150)
(45, 212, 228, 0, 255)
(305, 15, 0, 19, 0)
(350, 68, 2, 3, 88)
(382, 34, 0, 181, 36)
(119, 201, 2, 0, 123)
(399, 0, 0, 78, 73)
(395, 7, 0, 34, 83)
(384, 214, 1, 4, 108)
(213, 92, 19, 4, 148)
(327, 0, 46, 3, 113)
(315, 157, 0, 0, 73)
(45, 184, 14, 8, 107)
(215, 171, 3, 19, 167)
(265, 115, 106, 0, 252)
(300, 200, 10, 2, 164)
(210, 199, 62, 0, 206)
(399, 0, 0, 181, 97)
(298, 218, 43, 0, 22)
(56, 193, 159, 0, 255)
(280, 110, 0, 105, 203)
(63, 220, 17, 1, 91)
(376, 58, 5, 2, 150)
(369, 213, 5, 2, 133)
(226, 219, 3, 4, 71)
(304, 213, 34, 0, 160)
(326, 112, 0, 0, 57)
(303, 176, 26, 0, 241)
(41, 224, 27, 0, 187)
(355, 33, 0, 131, 25)
(150, 224, 99, 0, 255)
(398, 214, 1, 1, 157)
(368, 223, 1, 1, 55)
(137, 9, 0, 1, 62)
(390, 151, 9, 1, 110)
(302, 181, 2, 6, 43)
(397, 126, 2, 15, 165)
(122, 216, 217, 0, 234)
(378, 177, 4, 6, 170)
(121, 224, 0, 0, 212)
(88, 224, 0, 0, 239)
(150, 151, 0, 65, 194)
(133, 66, 246, 0, 119)
(328, 215, 1, 2, 87)
(385, 149, 7, 0, 95)
(357, 169, 0, 35, 63)
(377, 71, 1, 10, 153)
(323, 218, 38, 0, 66)
(173, 223, 1, 1, 95)
(334, 224, 0, 0, 0)
(4, 161, 2, 1, 153)
(82, 122, 25, 3, 143)
(327, 184, 13, 0, 0)
(298, 131, 2, 3, 137)
(269, 207, 6, 1, 61)
(397, 47, 2, 2, 140)
(376, 218, 21, 0, 173)
(355, 129, 5, 2, 104)
(225, 224, 101, 0, 216)
(67, 209, 5, 5, 89)
(216, 133, 3, 17, 116)
(293, 187, 40, 0, 248)
(399, 209, 0, 5, 23)
(399, 65, 0, 5, 25)
(299, 11, 0, 28, 5)
(138, 23, 13, 7, 133)
(354, 167, 3, 0, 203)
(301, 224, 37, 0, 214)
(383, 100, 0, 114, 167)
(393, 218, 0, 0, 144)
(325, 224, 0, 0, 201)
(89, 168, 51, 0, 125)
(322, 204, 10, 1, 167)
(312, 178, 68, 0, 52)
(374, 123, 0, 73, 144)
(395, 206, 2, 2, 141)
(346, 185, 0, 19, 32)
(399, 224, 0, 0, 76)
(395, 156, 0, 9, 57)
(345, 223, 3, 1, 124)
(363, 158, 0, 46, 101)
(284, 154, 9, 3, 138)
(25, 221, 34, 0, 198)
(251, 46, 0, 71, 193)
(386, 37, 0, 105, 146)
(350, 56, 13, 1, 134)
(23, 211, 1, 13, 102)
(364, 69, 0, 24, 58)
(80, 37, 11, 2, 127)
(277, 103, 13, 1, 114)
(200, 217, 10, 0, 217)
(399, 166, 0, 16, 120)
(64, 86, 6, 8, 122)
(353, 224, 8, 0, 62)
(67, 36, 9, 11, 142)
(399, 198, 0, 6, 253)
(390, 213, 2, 0, 51)
(325, 173, 0, 48, 109)
(399, 125, 0, 54, 132)
(135, 215, 149, 0, 98)
(72, 124, 9, 2, 101)
(0, 193, 239, 0, 255)
(168, 202, 244, 0, 62)
(38, 182, 188, 0, 0)
(321, 81, 0, 57, 154)
(382, 8, 0, 5, 107)
(399, 161, 0, 0, 152)
(292, 224, 64, 0, 48)
(65, 205, 23, 0, 68)
(279, 36, 21, 1, 116)
(6, 83, 7, 11, 52)
(187, 203, 0, 0, 137)
(379, 122, 0, 78, 181)
(312, 224, 0, 0, 166)
(200, 204, 28, 0, 255)
(399, 134, 0, 0, 182)
(208, 216, 59, 0, 29)
(180, 180, 98, 0, 41)
(321, 212, 87, 0, 3)
(399, 172, 0, 47, 98)
(382, 224, 17, 0, 132)
(156, 224, 224, 0, 177)
(10, 19, 32, 5, 152)
(352, 220, 3, 2, 80)
(134, 37, 9, 10, 151)
(111, 25, 0, 103, 115)
(346, 25, 34, 0, 197)
(398, 65, 6, 5, 101)
(381, 182, 46, 0, 51)
(153, 189, 142, 0, 9)
(366, 49, 0, 43, 167)
(391, 189, 0, 0, 168)
(399, 60, 0, 39, 146)
(5, 183, 270, 0, 246)
(31, 196, 3, 5, 169)
(4, 146, 15, 2, 100)
(367, 134, 0, 60, 226)
(316, 117, 0, 46, 170)
(175, 221, 38, 0, 181)
(382, 19, 0, 123, 137)
(399, 184, 0, 0, 180)
(324, 64, 6, 1, 169)
(195, 210, 3, 1, 46)
(249, 200, 148, 0, 137)
(211, 158, 0, 6, 133)
(399, 21, 0, 123, 174)
(338, 163, 9, 2, 127)
(345, 100, 0, 39, 208)
(136, 218, 1, 6, 19)
(306, 154, 6, 2, 153)
(399, 159, 0, 41, 135)
(366, 203, 1, 3, 137)
(156, 207, 115, 0, 98)
(374, 143, 6, 2, 117)
(314, 215, 0, 0, 190)
(224, 184, 8, 1, 188)
(329, 224, 0, 0, 195)
(388, 115, 0, 17, 255)
(139, 208, 9, 3, 103)
(363, 7, 20, 2, 113)
(375, 87, 0, 85, 255)
(302, 85, 4, 4, 112)
(399, 173, 0, 50, 111)
(399, 104, 12, 6, 133)
(394, 169, 0, 0, 108)
(370, 8, 1, 18, 110)
(90, 148, 3, 2, 133)
(224, 224, 83, 0, 180)
(370, 209, 0, 0, 197)
(138, 204, 217, 0, 102)
(399, 8, 0, 82, 55)
(123, 209, 0, 15, 202)
(314, 0, 8, 0, 49)
(399, 175, 0, 45, 41)
(13, 224, 2, 0, 212)
(269, 224, 92, 0, 255)
(299, 149, 10, 4, 129)
(237, 156, 16, 1, 133)
(45, 116, 0, 0, 230)
(386, 144, 0, 80, 60)
(392, 193, 0, 9, 175)
(183, 78, 4, 2, 72)
(195, 39, 5, 8, 91)
(188, 185, 2, 7, 154)
(306, 132, 0, 0, 143)
(355, 192, 44, 0, 5)
(257, 221, 2, 2, 115)
(183, 197, 197, 0, 129)
(297, 207, 0, 0, 67)
(392, 29, 3, 7, 119)
(325, 92, 5, 4, 94)
(383, 85, 0, 61, 119)
(399, 114, 0, 63, 255)
(396, 161, 0, 47, 54)
(334, 192, 0, 0, 97)
(367, 142, 8, 3, 143)
(187, 204, 23, 0, 163)
(166, 204, 10, 1, 112)
(382, 85, 2, 2, 88)
(135, 165, 208, 0, 80)
(260, 152, 22, 0, 59)
(43, 191, 3, 9, 71)
(386, 175, 3, 0, 63)
(399, 18, 0, 146, 113)
(399, 215, 0, 0, 29)
(357, 224, 60, 0, 107)
(21, 218, 1, 7, 172)
(114, 212, 0, 8, 136)
(331, 204, 42, 0, 68)
(289, 183, 0, 19, 93)
(397, 207, 57, 1, 103)
(258, 128, 58, 0, 36)
(355, 175, 0, 0, 201)
(341, 219, 3, 3, 65)
(354, 193, 1, 7, 92)
(362, 216, 0, 0, 30)
(399, 93, 0, 0, 136)
(336, 111, 5, 3, 82)
(379, 55, 20, 0, 165)
(380, 58, 0, 4, 121)
(193, 78, 3, 5, 165)
(121, 108, 26, 10, 126)
(299, 203, 34, 0, 110)
(344, 224, 0, 0, 87)
(399, 193, 0, 0, 83)
(99, 222, 0, 2, 35)
(375, 95, 0, 28, 95)
(60, 61, 284, 0, 128)
(82, 209, 34, 0, 42)
(25, 224, 29, 0, 232)
(227, 224, 47, 0, 95)
(133, 155, 16, 3, 154)
(100, 213, 237, 0, 92)
(194, 168, 61, 0, 185)
(129, 186, 115, 0, 236)
(304, 164, 12, 1, 90)
(262, 224, 134, 0, 170)
(41, 205, 5, 12, 64)
(380, 111, 0, 15, 62)
(37, 213, 2, 2, 160)
(264, 224, 0, 0, 141)
(358, 210, 0, 14, 51)
(346, 205, 5, 1, 88)
(185, 162, 31, 0, 167)
(232, 75, 5, 11, 90)
(338, 133, 2, 4, 151)
(254, 20, 10, 7, 121)
(392, 108, 0, 18, 65)
(399, 79, 0, 14, 153)
(331, 224, 0, 0, 0)
(399, 178, 0, 0, 23)
(387, 158, 0, 66, 23)
(381, 34, 0, 34, 228)
(399, 41, 0, 139, 228)
(360, 0, 0, 128, 201)
(310, 148, 0, 1, 217)
(154, 88, 0, 121, 48)
(372, 214, 15, 0, 230)
(42, 192, 248, 0, 60)
(2, 103, 5, 5, 104)
(331, 217, 60, 0, 244)
(116, 203, 2, 12, 85)
(292, 9, 16, 3, 100)
(5, 71, 6, 4, 137)
(333, 108, 3, 5, 96)
(214, 181, 120, 0, 76)
(318, 202, 46, 0, 125)
(7, 0, 21, 9, 112)
(229, 224, 2, 3, 85)
(50, 224, 202, 0, 78)
(301, 40, 44, 4, 123)
(22, 89, 6, 14, 172)
(153, 71, 24, 6, 98)
(315, 203, 0, 1, 126)
(229, 98, 6, 0, 236)
(359, 216, 0, 0, 116)
(354, 0, 0, 174, 30)
(346, 162, 7, 2, 138)
(396, 224, 35, 0, 161)
(208, 120, 0, 17, 226)
(341, 203, 0, 0, 42)
(25, 221, 7, 8, 134)
(273, 74, 4, 4, 124)
(270, 176, 0, 0, 86)
(287, 186, 101, 0, 141)
(368, 208, 20, 0, 203)
(334, 151, 0, 45, 88)
(47, 87, 6, 16, 111)
(138, 172, 9, 5, 101)
(399, 46, 0, 50, 100)
(391, 4, 0, 0, 29)
(391, 222, 10, 0, 81)
(203, 158, 2, 8, 148)
(273, 88, 86, 0, 185)
(117, 205, 8, 0, 105)
(355, 17, 6, 2, 117)
(158, 181, 0, 16, 175)
(11, 69, 17, 17, 131)
(339, 139, 0, 104, 119)
(140, 111, 179, 0, 5)
(246, 35, 0, 19, 20)
(16, 96, 2, 10, 57)
(381, 186, 0, 38, 160)
(297, 189, 55, 0, 109)
(358, 43, 2, 10, 111)
(383, 124, 0, 0, 83)
(285, 207, 31, 0, 222)
(383, 149, 0, 5, 113)
(294, 224, 25, 0, 141)
(384, 81, 0, 17, 255)
(355, 202, 2, 1, 138)
(399, 108, 0, 42, 166)
(59, 175, 45, 0, 167)
(145, 219, 264, 0, 137)
(252, 199, 115, 0, 231)
(161, 169, 0, 0, 232)
(322, 202, 0, 0, 147)
(371, 144, 3, 2, 122)
(143, 204, 190, 0, 247)
(130, 197, 34, 0, 129)
(372, 203, 0, 0, 0)
(393, 212, 4, 1, 136)
(299, 209, 2, 2, 183)
(114, 20, 61, 5, 127)
(0, 190, 66, 0, 179)
(399, 108, 0, 36, 36)
(61, 224, 320, 0, 46)
(399, 100, 0, 82, 143)
(22, 130, 2, 9, 181)
(325, 197, 59, 0, 113)
(399, 185, 0, 0, 249)
(389, 95, 0, 33, 33)
(81, 105, 0, 52, 88)
(0, 159, 150, 0, 0)
(357, 200, 5, 1, 101)
(232, 147, 2, 4, 87)
(269, 216, 13, 0, 110)
(359, 188, 22, 0, 2)
(399, 57, 0, 27, 0)
(90, 224, 0, 0, 114)
(361, 38, 0, 95, 116)
(212, 146, 4, 5, 106)
(385, 186, 14, 0, 124)
(144, 224, 132, 0, 108)
(399, 171, 0, 13, 98)
(355, 213, 3, 1, 76)
(399, 0, 1, 21, 123)
(373, 127, 0, 0, 38)
(183, 183, 2, 2, 175)
(287, 213, 112, 0, 127)
(226, 67, 3, 15, 123)
(306, 221, 8, 0, 50)
(281, 186, 67, 0, 23)
(103, 72, 7, 5, 154)
(399, 212, 0, 0, 217)
(264, 184, 0, 39, 23)
(369, 97, 0, 102, 0)
(201, 209, 3, 2, 68)
(219, 203, 17, 2, 86)
(345, 187, 22, 0, 167)
(98, 108, 3, 20, 124)
(199, 39, 6, 3, 98)
(298, 185, 45, 0, 176)
(388, 103, 1, 15, 123)
(196, 12, 0, 18, 214)
(349, 188, 0, 0, 18)
(399, 130, 0, 0, 128)
(0, 167, 1, 12, 111)
(399, 94, 0, 20, 232)
(398, 173, 15, 1, 142)
(245, 179, 0, 19, 128)
(394, 204, 5, 1, 102)
(399, 224, 0, 0, 166)
(126, 158, 2, 12, 158)
(93, 0, 0, 162, 13)
(399, 224, 0, 0, 83)
(358, 213, 20, 0, 188)
(297, 224, 0, 0, 12)
(249, 179, 11, 3, 136)
(122, 33, 180, 0, 255)
(136, 132, 29, 2, 105)
(115, 207, 49, 0, 179)
(360, 197, 1, 3, 88)
(387, 166, 4, 1, 63)
(133, 124, 3, 7, 137)
(399, 146, 0, 64, 158)
(234, 197, 2, 4, 77)
(152, 171, 120, 0, 130)
(372, 194, 0, 20, 107)
(38, 169, 4, 5, 49)
(226, 210, 1, 11, 61)
(382, 26, 0, 97, 0)
(341, 93, 0, 9, 24)
(239, 55, 16, 0, 233)
(59, 213, 5, 9, 84)
(359, 152, 0, 0, 148)
(367, 46, 0, 55, 179)
(330, 172, 32, 0, 166)
(359, 63, 4, 2, 138)
(245, 144, 8, 0, 58)
(277, 205, 7, 1, 90)
(60, 222, 173, 0, 0)
(374, 201, 0, 18, 196)
(338, 202, 3, 2, 66)
(16, 224, 173, 0, 209)
(119, 177, 79, 0, 79)
(228, 224, 166, 0, 106)
(228, 224, 10, 0, 145)
(210, 216, 104, 0, 142)
(364, 195, 35, 0, 62)
(305, 220, 8, 0, 138)
(266, 163, 6, 8, 163)
(261, 60, 10, 8, 81)
(399, 157, 0, 63, 181)
(376, 146, 0, 64, 144)
(286, 0, 0, 11, 215)
(119, 153, 36, 0, 0)
(216, 172, 153, 0, 108)
(326, 199, 21, 0, 103)
(367, 89, 2, 8, 109)
(11, 16, 0, 0, 255)
(110, 224, 8, 0, 57)
(399, 55, 0, 117, 62)
(265, 224, 36, 0, 132)
(121, 218, 194, 0, 176)
(312, 186, 9, 0, 197)
(308, 175, 27, 0, 53)
(306, 222, 10, 0, 162)
(338, 145, 8, 0, 117)
(354, 93, 6, 10, 140)
(292, 217, 0, 2, 172)
(374, 92, 2, 4, 175)
(399, 222, 0, 10, 111)
(295, 224, 83, 0, 121)
(185, 125, 0, 5, 61)
(354, 211, 0, 0, 100)
(348, 76, 2, 4, 48)
(105, 224, 276, 0, 111)
(22, 157, 223, 0, 9)
(96, 112, 23, 3, 102)
(325, 127, 0, 15, 121)
(364, 152, 0, 38, 227)
(392, 107, 51, 0, 211)
(399, 150, 0, 0, 53)
(147, 159, 228, 0, 207)
(100, 224, 0, 0, 62)
(280, 207, 0, 0, 16)
(74, 203, 139, 0, 143)
(161, 189, 165, 0, 184)
(371, 198, 0, 16, 121)
(140, 106, 9, 3, 138)
(376, 160, 0, 41, 57)
(356, 224, 0, 0, 199)
(346, 191, 3, 1, 119)
(347, 86, 14, 2, 93)
(365, 12, 0, 0, 242)
(399, 53, 0, 33, 234)
(330, 77, 0, 14, 115)
(359, 154, 18, 2, 85)
(131, 207, 7, 4, 81)
(268, 205, 27, 0, 174)
(0, 53, 32, 0, 169)
(55, 164, 4, 9, 100)
(319, 194, 0, 26, 149)
(399, 200, 0, 10, 124)
(399, 204, 0, 0, 18)
(326, 84, 14, 3, 43)
(174, 164, 1, 7, 136)
(375, 224, 12, 0, 126)
(224, 221, 6, 2, 53)
(104, 224, 269, 0, 94)
(364, 40, 0, 73, 0)
(213, 210, 0, 0, 102)
(305, 224, 3, 0, 112)
(335, 174, 6, 3, 167)
(360, 195, 4, 0, 201)
(397, 160, 0, 5, 158)
(188, 224, 77, 0, 188)
(250, 220, 110, 0, 102)
(305, 46, 0, 136, 49)
(382, 224, 17, 0, 116)
(399, 59, 0, 140, 189)
(394, 181, 0, 15, 182)
(0, 217, 313, 0, 255)
(344, 183, 6, 2, 179)
(340, 138, 1, 10, 81)
(399, 170, 0, 0, 43)
(264, 73, 0, 0, 187)
(60, 219, 5, 3, 71)
(299, 17, 11, 3, 97)
(243, 209, 1, 2, 16)
(169, 194, 4, 0, 161)
(399, 132, 0, 71, 0)
(0, 201, 1, 0, 159)
(311, 66, 1, 27, 89)
(68, 224, 207, 0, 133)
(240, 182, 14, 5, 134)
(36, 129, 8, 18, 74)
(257, 185, 12, 1, 100)
(289, 208, 17, 0, 180)
(331, 224, 1, 7, 46)
(62, 218, 57, 0, 91)
(399, 171, 0, 34, 10)
(374, 8, 0, 3, 255)
(291, 180, 0, 5, 19)
(67, 192, 90, 0, 236)
(327, 205, 0, 0, 170)
(399, 224, 13, 0, 178)
(162, 215, 59, 0, 190)
(394, 52, 0, 6, 207)
(338, 102, 0, 33, 129)
(218, 224, 85, 0, 108)
(249, 224, 12, 0, 86)
(18, 89, 129, 0, 81)
(260, 95, 0, 0, 12)
(212, 1, 5, 13, 115)
(212, 223, 102, 0, 16)
(128, 201, 43, 0, 84)
(394, 85, 3, 7, 128)
(340, 215, 0, 7, 159)
(205, 135, 0, 25, 67)
(241, 218, 33, 0, 180)
(330, 35, 7, 5, 112)
(399, 45, 0, 135, 175)
(225, 224, 50, 0, 127)
(331, 169, 3, 5, 124)
(101, 202, 4, 5, 93)
(398, 180, 2, 2, 98)
(343, 200, 2, 2, 98)
(300, 188, 0, 52, 155)
(238, 222, 9, 2, 44)
(357, 38, 3, 4, 126)
(319, 128, 17, 0, 229)
(399, 65, 0, 129, 115)
(352, 51, 0, 173, 244)
(302, 144, 0, 78, 209)
(197, 106, 140, 0, 82)
(82, 221, 4, 3, 49)
(335, 6, 0, 126, 212)
(344, 189, 0, 34, 149)
(209, 72, 0, 85, 118)
(340, 37, 8, 3, 164)
(358, 2, 9, 2, 118)
(399, 28, 0, 0, 227)
(399, 33, 0, 27, 5)
(88, 172, 276, 0, 88)
(348, 169, 13, 2, 211)
(369, 198, 0, 0, 162)
(399, 212, 0, 8, 75)
(399, 212, 0, 12, 128)
(333, 167, 0, 0, 20)
(388, 108, 0, 24, 146)
(380, 206, 10, 2, 112)
(170, 183, 81, 0, 65)
(399, 181, 0, 0, 13)
(334, 0, 0, 0, 76)
(285, 218, 0, 0, 63)
(258, 192, 114, 0, 0)
(356, 74, 0, 17, 193)
(177, 224, 185, 0, 0)
(49, 202, 204, 0, 232)
(377, 224, 0, 3, 55)
(0, 209, 64, 0, 131)
(203, 53, 5, 4, 170)
(357, 187, 0, 0, 51)
(237, 167, 3, 12, 147)
(153, 90, 4, 11, 117)
(281, 34, 0, 159, 153)
(377, 196, 0, 0, 16)
(211, 224, 64, 0, 71)
(255, 98, 1, 12, 164)
(399, 14, 0, 20, 168)
(369, 138, 0, 13, 40)
(374, 15, 2, 0, 103)
(256, 178, 33, 0, 142)
(62, 207, 249, 0, 43)
(353, 151, 0, 12, 206)
(306, 202, 47, 0, 1)
(351, 196, 30, 0, 222)
(37, 224, 127, 0, 255)
(377, 197, 0, 0, 38)
(224, 218, 1, 4, 23)
(362, 105, 0, 14, 149)
(399, 206, 0, 0, 20)
(369, 198, 0, 0, 165)
(60, 93, 260, 0, 79)
(43, 34, 22, 3, 83)
(380, 134, 19, 0, 148)
(114, 224, 4, 5, 91)
(399, 78, 0, 106, 128)
(399, 7, 0, 121, 58)
(47, 205, 268, 0, 73)
(140, 0, 11, 14, 104)
(399, 204, 0, 0, 51)
(35, 205, 264, 0, 138)
(200, 160, 16, 3, 155)
(110, 224, 93, 0, 145)
(399, 224, 0, 4, 147)
(240, 224, 84, 0, 114)
(127, 224, 214, 0, 234)
(27, 43, 0, 0, 24)
(230, 202, 8, 1, 55)
(399, 86, 0, 55, 137)
(186, 224, 189, 0, 159)
(173, 224, 0, 0, 68)
(320, 220, 54, 0, 94)
(321, 155, 0, 60, 236)
(46, 224, 149, 0, 99)
(365, 49, 0, 0, 107)
(381, 151, 1, 8, 130)
(111, 219, 103, 0, 73)
(131, 201, 9, 0, 179)
(17, 218, 89, 0, 62)
(269, 201, 0, 13, 213)
(287, 166, 8, 4, 99)
(13, 187, 8, 1, 165)
(381, 224, 48, 0, 254)
(286, 224, 0, 0, 204)
(207, 224, 130, 0, 68)
(177, 224, 48, 0, 146)
(93, 213, 132, 0, 97)
(178, 208, 155, 0, 162)
(366, 108, 0, 105, 56)
(362, 70, 0, 97, 125)
(0, 222, 319, 0, 163)
(269, 200, 22, 0, 188)
(80, 107, 36, 2, 128)
(224, 224, 105, 0, 200)
(158, 200, 69, 0, 148)
(284, 94, 50, 0, 14)
(18, 143, 0, 0, 253)
(305, 222, 0, 0, 46)
(276, 180, 96, 0, 7)
(352, 12, 0, 125, 218)
(199, 171, 91, 0, 10)
(203, 182, 0, 16, 206)
(114, 219, 137, 0, 0)
(399, 20, 0, 86, 91)
(46, 219, 215, 0, 235)
(384, 125, 14, 1, 127)
(245, 190, 3, 18, 104)
(178, 212, 15, 0, 41)
(22, 191, 39, 0, 255)
(389, 192, 0, 28, 23)
(399, 224, 0, 0, 0)
(181, 190, 8, 0, 64)
(356, 216, 0, 2, 34)
(341, 224, 58, 0, 80)
(399, 0, 0, 31, 178)
(399, 71, 0, 43, 43)
(28, 127, 57, 0, 53)
(368, 179, 1, 5, 76)
(289, 129, 0, 72, 156)
(365, 56, 0, 41, 191)
(50, 224, 7, 8, 82)
(289, 72, 0, 52, 26)
(297, 209, 13, 2, 181)
(57, 160, 47, 0, 0)
(256, 206, 150, 0, 33)
(64, 204, 6, 6, 91)
(315, 157, 0, 27, 120)
(196, 24, 49, 4, 125)
(373, 190, 0, 8, 115)
(291, 174, 1, 5, 67)
(399, 191, 0, 33, 97)
(99, 191, 2, 1, 167)
(282, 223, 24, 0, 250)
(330, 224, 15, 0, 56)
(329, 10, 0, 200, 210)
(197, 224, 7, 2, 52)
(230, 188, 0, 18, 29)
(177, 224, 42, 0, 149)
(383, 41, 0, 84, 22)
(376, 224, 32, 0, 52)
(390, 186, 0, 7, 25)
(394, 75, 3, 1, 120)
(371, 184, 0, 0, 143)
(232, 120, 29, 2, 79)
(395, 75, 1, 3, 107)
(397, 191, 1, 3, 116)
(97, 0, 48, 2, 103)
(301, 141, 3, 4, 207)
(399, 117, 0, 86, 45)
(399, 158, 0, 63, 179)
(45, 201, 90, 0, 47)
(399, 224, 0, 0, 224)
(346, 168, 2, 2, 199)
(200, 161, 0, 13, 102)
(399, 187, 0, 15, 24)
(334, 177, 0, 0, 164)
(384, 221, 4, 2, 87)
(146, 214, 230, 0, 99)
(196, 212, 0, 12, 255)
(398, 132, 1, 6, 180)
(335, 203, 3, 7, 96)
(56, 217, 77, 0, 243)
(118, 224, 0, 0, 32)
(399, 54, 0, 48, 37)
(235, 92, 20, 3, 126)
(215, 209, 70, 0, 73)
(324, 40, 0, 52, 184)
(32, 224, 34, 0, 227)
(260, 222, 4, 2, 138)
(378, 203, 20, 0, 177)
(286, 223, 7, 1, 203)
(138, 224, 116, 0, 109)
(181, 214, 1, 3, 111)
(260, 164, 62, 0, 234)
(160, 61, 10, 2, 121)
(179, 157, 140, 0, 232)
(70, 160, 3, 3, 111)
(169, 140, 36, 0, 161)
(0, 224, 27, 0, 114)
(334, 5, 33, 1, 111)
(275, 167, 0, 0, 122)
(316, 185, 4, 5, 156)
(119, 198, 0, 26, 98)
(359, 105, 0, 58, 113)
(392, 212, 0, 30, 18)
(261, 94, 10, 5, 140)
(73, 167, 11, 2, 79)
(399, 93, 0, 86, 255)
(104, 203, 96, 0, 227)
(71, 218, 250, 0, 45)
(349, 173, 50, 0, 60)
(228, 33, 28, 5, 128)
(99, 205, 227, 0, 20)
(366, 192, 2, 10, 183)
(349, 71, 6, 2, 111)
(161, 55, 16, 3, 142)
(273, 51, 4, 15, 118)
(380, 97, 9, 3, 156)
(270, 95, 133, 0, 147)
(67, 224, 169, 0, 59)
(243, 108, 5, 9, 169)
(364, 200, 10, 0, 217)
(265, 202, 9, 3, 42)
(168, 207, 15, 0, 191)
(362, 178, 36, 0, 87)
(323, 86, 0, 90, 155)
(288, 186, 0, 0, 0)
(399, 161, 0, 29, 148)
(80, 224, 26, 0, 74)
(147, 224, 0, 0, 183)
(368, 95, 0, 59, 147)
(385, 178, 0, 17, 120)
(367, 135, 0, 51, 188)
(237, 128, 11, 0, 10)
(341, 126, 52, 0, 65)
(294, 51, 5, 11, 98)
(101, 211, 61, 0, 144)
(399, 124, 0, 19, 92)
(283, 87, 1, 13, 67)
(229, 224, 79, 0, 52)
(287, 205, 2, 0, 12)
(119, 187, 67, 0, 58)
(330, 136, 4, 5, 99)
(40, 209, 3, 10, 71)
(257, 1, 6, 2, 117)
(391, 114, 0, 0, 0)
(147, 183, 0, 0, 243)
(292, 101, 0, 121, 28)
(284, 115, 2, 12, 194)
(257, 98, 0, 52, 91)
(394, 184, 3, 1, 54)
(148, 132, 0, 92, 127)
(345, 196, 2, 3, 70)
(399, 136, 0, 51, 41)
(184, 216, 69, 0, 111)
(208, 91, 0, 14, 255)
(381, 214, 2, 6, 116)
(217, 162, 0, 14, 225)
(70, 128, 1, 26, 168)
(204, 181, 6, 6, 170)
(354, 190, 13, 1, 104)
(173, 202, 0, 0, 223)
(299, 151, 7, 4, 114)
(366, 208, 3, 2, 129)
(395, 10, 2, 12, 120)
(121, 211, 142, 0, 141)
(367, 209, 0, 2, 137)
(352, 89, 0, 86, 205)
(343, 212, 0, 0, 132)
(389, 224, 0, 0, 255)
(377, 215, 1, 1, 62)
(243, 144, 38, 0, 255)
(358, 181, 0, 43, 28)
(132, 186, 118, 0, 64)
(364, 224, 26, 0, 84)
(393, 224, 4, 1, 103)
(250, 38, 2, 17, 122)
(242, 218, 0, 0, 156)
(195, 212, 4, 2, 42)
(216, 216, 183, 0, 245)
(268, 143, 1, 4, 120)
(289, 129, 4, 25, 174)
(89, 201, 68, 0, 217)
(122, 196, 16, 0, 192)
(357, 189, 0, 35, 157)
(306, 188, 4, 1, 111)
(378, 45, 0, 28, 236)
(399, 197, 0, 0, 185)
(311, 156, 35, 0, 241)
(362, 117, 4, 4, 116)
(143, 223, 104, 0, 104)
(355, 188, 1, 8, 116)
(258, 44, 6, 4, 121)
(399, 224, 0, 0, 166)
(114, 204, 2, 0, 130)
(332, 224, 73, 0, 163)
(224, 189, 0, 19, 113)
(7, 208, 2, 16, 97)
(0, 209, 154, 0, 252)
(378, 216, 0, 28, 137)
(37, 224, 111, 0, 113)
(355, 205, 0, 19, 97)
(382, 167, 0, 24, 230)
(366, 27, 4, 16, 108)
(245, 146, 0, 57, 137)
(195, 122, 6, 8, 94)
(25, 197, 3, 8, 105)
(378, 197, 7, 0, 36)
(32, 171, 10, 1, 94)
(399, 115, 0, 103, 81)
(277, 208, 47, 0, 0)
(320, 63, 0, 28, 44)
(0, 167, 0, 4, 146)
(350, 159, 0, 21, 139)
(389, 175, 6, 1, 70)
(165, 91, 5, 11, 103)
(399, 66, 0, 23, 202)
(399, 105, 0, 109, 45)
(399, 94, 0, 85, 185)
(204, 179, 50, 0, 168)
(16, 213, 166, 0, 174)
(216, 175, 4, 3, 144)
(399, 9, 0, 39, 119)
(362, 0, 0, 116, 248)
(319, 90, 25, 1, 116)
(399, 205, 0, 0, 223)
(159, 135, 2, 5, 66)
(367, 26, 0, 116, 203)
(188, 209, 0, 2, 116)
(99, 146, 162, 0, 28)
(399, 121, 0, 37, 38)
(399, 16, 0, 164, 217)
(242, 170, 5, 5, 99)
(341, 222, 20, 0, 89)
(258, 86, 4, 9, 147)
(31, 155, 275, 0, 200)
(348, 197, 1, 3, 122)
(396, 175, 2, 9, 88)
(374, 224, 0, 0, 218)
(178, 138, 11, 1, 99)
(387, 156, 5, 0, 197)
(264, 224, 27, 0, 102)
(54, 209, 345, 0, 218)
(277, 24, 3, 20, 127)
(390, 38, 20, 1, 140)
(176, 21, 8, 7, 110)
(327, 156, 0, 3, 167)
(29, 219, 285, 0, 138)
(285, 216, 34, 1, 171)
(366, 224, 0, 0, 24)
(140, 218, 23, 0, 147)
(336, 141, 14, 0, 63)
(399, 190, 0, 7, 248)
(383, 200, 1, 2, 101)
(375, 167, 0, 0, 139)
(85, 221, 14, 1, 59)
(112, 205, 11, 0, 96)
(399, 55, 0, 83, 68)
(372, 160, 2, 3, 168)
(215, 165, 183, 0, 43)
(316, 199, 0, 0, 93)
(66, 130, 2, 2, 138)
(399, 144, 0, 10, 217)
(19, 162, 76, 0, 59)
(237, 59, 8, 1, 115)
(283, 191, 149, 0, 242)
(113, 184, 159, 0, 137)
(392, 62, 0, 11, 106)
(0, 215, 131, 0, 255)
(388, 7, 0, 92, 100)
(387, 15, 0, 136, 140)
(83, 175, 4, 5, 126)
(92, 184, 33, 0, 213)
(167, 196, 113, 0, 154)
(252, 164, 0, 28, 255)
(243, 157, 31, 1, 120)
(104, 59, 130, 0, 25)
(106, 210, 1, 15, 93)
(146, 193, 74, 0, 249)
(369, 100, 29, 0, 122)
(313, 123, 0, 25, 170)
(382, 84, 0, 0, 210)
(295, 83, 80, 0, 164)
(280, 214, 0, 5, 70)
(42, 111, 0, 79, 18)
(331, 187, 0, 21, 50)
(0, 215, 6, 5, 92)
(66, 201, 2, 2, 158)
(382, 209, 1, 6, 82)
(6, 175, 73, 0, 162)
(211, 211, 8, 1, 65)
(51, 116, 118, 0, 138)
(272, 172, 24, 0, 211)
(244, 204, 52, 0, 174)
(391, 209, 1, 5, 108)
(337, 176, 9, 0, 194)
(399, 52, 0, 2, 191)
(196, 0, 1, 31, 120)
(241, 184, 119, 0, 214)
(344, 2, 0, 0, 188)
(399, 99, 0, 41, 120)
(399, 80, 0, 0, 168)
(399, 128, 0, 72, 163)
(215, 44, 6, 5, 64)
(399, 125, 22, 0, 116)
(286, 224, 64, 0, 70)
(280, 196, 67, 0, 187)
(387, 205, 3, 1, 102)
(399, 60, 0, 158, 181)
(351, 214, 11, 0, 110)
(357, 173, 0, 24, 0)
(274, 107, 18, 2, 157)
(307, 115, 0, 94, 160)
(379, 208, 36, 0, 158)
(230, 216, 3, 1, 39)
(262, 183, 2, 11, 87)
(365, 40, 0, 199, 202)
(399, 114, 0, 70, 36)
(291, 112, 4, 8, 157)
(390, 207, 0, 17, 87)
(347, 35, 0, 8, 245)
(399, 132, 0, 92, 26)
(80, 219, 250, 0, 6)
(261, 224, 0, 0, 149)
(369, 79, 0, 26, 180)
(355, 224, 19, 0, 21)
(111, 218, 0, 0, 239)
(399, 173, 0, 4, 168)
(399, 188, 0, 28, 157)
(68, 219, 209, 0, 168)
(393, 186, 0, 20, 65)
(285, 204, 0, 19, 98)
(399, 12, 0, 37, 175)
(399, 174, 0, 0, 217)
(232, 160, 191, 0, 218)
(266, 111, 0, 70, 20)
(373, 132, 0, 61, 63)
(87, 206, 3, 6, 81)
(373, 143, 8, 0, 109)
(399, 25, 0, 34, 198)
(391, 132, 1, 1, 57)
(281, 219, 19, 0, 202)
(120, 163, 0, 17, 62)
(309, 210, 6, 1, 176)
(178, 187, 32, 0, 37)
(187, 208, 105, 0, 238)
(338, 205, 40, 0, 202)
(399, 174, 0, 2, 79)
(295, 224, 27, 0, 232)
(105, 167, 16, 2, 171)
(399, 3, 0, 37, 12)
(370, 127, 0, 13, 20)
(231, 205, 0, 2, 116)
(91, 197, 4, 1, 156)
(372, 222, 5, 1, 100)
(329, 224, 36, 0, 181)
(101, 180, 4, 5, 99)
(354, 27, 0, 14, 29)
(277, 224, 0, 0, 226)
(32, 224, 253, 0, 230)
(352, 220, 47, 0, 129)
(228, 186, 4, 1, 102)
(371, 204, 2, 1, 176)
(319, 101, 0, 29, 10)
(377, 69, 0, 155, 246)
(215, 206, 2, 1, 56)
(399, 153, 0, 0, 114)
(310, 197, 6, 2, 163)
(309, 82, 61, 0, 238)
(113, 189, 13, 1, 98)
(299, 197, 0, 15, 75)
(175, 174, 14, 2, 149)
(399, 124, 0, 88, 150)
(384, 214, 0, 10, 177)
(239, 68, 11, 2, 54)
(293, 209, 33, 0, 52)
(399, 97, 0, 7, 106)
(255, 67, 8, 2, 114)
(254, 191, 96, 0, 202)
(288, 197, 1, 2, 42)
(283, 18, 0, 144, 83)
(265, 107, 16, 0, 54)
(274, 224, 25, 0, 173)
(165, 168, 4, 3, 199)
(389, 89, 0, 19, 37)
(364, 99, 0, 46, 146)
(381, 168, 0, 10, 243)
(293, 222, 24, 0, 108)
(87, 224, 192, 0, 240)
(382, 34, 0, 58, 132)
(247, 172, 12, 1, 139)
(358, 162, 0, 17, 216)
(191, 190, 8, 2, 151)
(281, 208, 34, 0, 128)
(386, 100, 1, 16, 100)
(94, 109, 172, 0, 72)
(78, 221, 160, 0, 219)
(242, 74, 0, 24, 131)
(178, 224, 91, 0, 117)
(52, 199, 197, 0, 97)
(208, 210, 15, 0, 143)
(67, 214, 5, 2, 117)
(188, 224, 65, 0, 82)
(399, 58, 0, 36, 167)
(101, 189, 0, 0, 20)
(244, 175, 3, 0, 255)
(399, 92, 0, 30, 209)
(286, 11, 0, 99, 73)
(264, 168, 44, 0, 93)
(362, 170, 5, 1, 168)
(399, 78, 0, 33, 61)
(82, 196, 297, 0, 246)
(395, 154, 1, 6, 147)
(22, 218, 0, 29, 192)
(103, 224, 236, 0, 199)
(399, 157, 8, 1, 176)
(293, 185, 3, 0, 160)
(357, 220, 9, 0, 38)
(148, 220, 2, 1, 114)
(28, 143, 9, 3, 76)
(361, 215, 0, 0, 139)
(102, 214, 137, 0, 152)
(243, 161, 9, 0, 71)
(34, 195, 1, 15, 127)
(213, 208, 0, 11, 67)
(175, 84, 3, 8, 154)
(138, 217, 151, 0, 16)
(364, 190, 0, 0, 242)
(399, 127, 0, 10, 109)
(357, 224, 0, 0, 23)
(394, 163, 3, 5, 112)
(59, 103, 237, 0, 36)
(229, 66, 42, 0, 91)
(138, 95, 18, 0, 138)
(52, 163, 0, 25, 131)
(191, 111, 5, 6, 193)
(382, 218, 1, 7, 86)
(87, 93, 39, 0, 216)
(230, 200, 0, 0, 44)
(394, 189, 5, 1, 85)
(108, 38, 278, 0, 75)
(75, 198, 7, 1, 47)
(399, 197, 0, 16, 0)
(162, 206, 2, 4, 91)
(333, 204, 112, 0, 86)
(366, 79, 0, 110, 240)
(389, 56, 0, 21, 180)
(238, 70, 11, 4, 84)
(363, 164, 0, 6, 232)
(173, 142, 74, 0, 204)
(230, 224, 40, 0, 162)
(211, 134, 48, 0, 96)
(59, 58, 327, 0, 49)
(169, 192, 105, 0, 185)
(266, 190, 43, 0, 53)
(12, 180, 265, 0, 85)
(39, 206, 0, 12, 137)
(399, 131, 0, 73, 1)
(149, 216, 2, 4, 76)
(209, 39, 5, 7, 85)
(396, 158, 36, 0, 48)
(399, 167, 2, 2, 107)
(75, 33, 0, 2, 96)
(398, 224, 0, 0, 149)
(236, 139, 9, 5, 145)
(194, 224, 182, 0, 77)
(64, 0, 28, 1, 127)
(108, 159, 64, 0, 170)
(204, 204, 192, 0, 115)
(211, 217, 60, 0, 24)
(399, 105, 0, 73, 255)
(68, 204, 198, 0, 212)
(393, 222, 6, 0, 202)
(140, 52, 5, 12, 96)
(399, 186, 0, 30, 113)
(100, 185, 3, 1, 145)
(363, 202, 1, 2, 179)
(360, 220, 3, 1, 117)
(179, 110, 17, 1, 184)
(393, 184, 0, 22, 0)
(92, 179, 32, 0, 163)
(282, 182, 3, 9, 90)
(334, 101, 0, 14, 66)
(69, 211, 0, 0, 140)
(232, 33, 0, 183, 60)
(209, 193, 3, 1, 72)
(129, 124, 4, 12, 131)
(116, 132, 0, 11, 110)
(307, 66, 3, 1, 183)
(365, 0, 0, 56, 179)
(113, 76, 10, 3, 108)
(279, 82, 0, 69, 89)
(132, 224, 96, 0, 141)
(399, 35, 0, 186, 77)
(345, 211, 37, 0, 210)
(237, 181, 108, 0, 154)
(399, 120, 0, 82, 136)
(395, 103, 0, 11, 78)
(371, 224, 28, 0, 0)
(381, 12, 0, 0, 68)
(399, 79, 0, 4, 0)
(392, 67, 0, 101, 61)
(214, 165, 4, 5, 110)
(362, 216, 3, 1, 84)
(311, 223, 0, 0, 37)
(363, 167, 3, 3, 186)
(305, 212, 0, 0, 200)
(354, 28, 0, 98, 223)
(43, 224, 317, 0, 34)
(302, 211, 34, 0, 0)
(205, 27, 53, 0, 174)
(362, 209, 0, 5, 115)
(197, 214, 132, 0, 64)
(150, 220, 5, 2, 70)
(369, 78, 25, 1, 112)
(163, 217, 48, 0, 128)
(387, 111, 22, 0, 39)
(0, 224, 247, 0, 235)
(136, 223, 37, 0, 185)
(356, 33, 0, 71, 36)
(4, 166, 6, 4, 96)
(139, 224, 104, 0, 30)
(227, 197, 3, 6, 122)
(399, 222, 0, 0, 49)
(126, 194, 147, 0, 156)
(138, 220, 5, 4, 45)
(355, 167, 15, 0, 51)
(370, 152, 0, 31, 186)
(399, 0, 0, 58, 20)
(199, 137, 8, 6, 94)
(18, 211, 0, 7, 236)
(262, 224, 4, 3, 149)
(353, 185, 2, 3, 85)
(399, 21, 0, 10, 199)
(377, 150, 2, 0, 147)
(265, 216, 0, 0, 132)
(156, 204, 171, 0, 255)
(282, 11, 117, 0, 158)
(212, 162, 0, 53, 73)
(98, 224, 198, 0, 133)
(336, 190, 29, 0, 0)
(399, 105, 0, 6, 242)
(301, 222, 2, 2, 141)
(342, 18, 0, 156, 5)
(52, 203, 256, 0, 150)
(304, 101, 0, 8, 97)
(399, 213, 0, 0, 137)
(281, 0, 0, 128, 46)
(294, 126, 0, 107, 170)
(56, 224, 194, 0, 171)
(142, 223, 219, 0, 18)
(368, 206, 0, 14, 233)
(374, 159, 1, 2, 174)
(226, 50, 0, 39, 207)
(142, 214, 1, 0, 6)
(399, 80, 0, 57, 185)
(393, 74, 0, 136, 41)
(47, 162, 10, 5, 91)
(292, 224, 40, 0, 64)
(339, 129, 0, 103, 167)
(362, 215, 0, 9, 179)
(58, 224, 147, 0, 74)
(397, 203, 0, 7, 234)
(194, 76, 0, 0, 94)
(399, 91, 0, 28, 78)
(347, 103, 0, 11, 209)
(399, 153, 0, 24, 201)
(396, 211, 1, 1, 97)
(180, 144, 31, 0, 233)
(287, 26, 13, 0, 230)
(232, 158, 35, 1, 123)
(294, 200, 102, 0, 232)
(357, 133, 3, 1, 152)
(399, 94, 0, 9, 136)
(392, 187, 7, 0, 159)
(399, 214, 0, 10, 157)
(301, 202, 31, 0, 157)
(266, 188, 12, 2, 82)
(399, 102, 0, 10, 51)
(278, 213, 104, 0, 114)
(331, 13, 7, 2, 128)
(332, 186, 29, 0, 0)
(315, 63, 1, 6, 89)
(0, 224, 115, 0, 15)
(399, 203, 0, 0, 0)
(234, 212, 3, 0, 195)
(4, 184, 44, 0, 213)
(244, 75, 0, 81, 85)
(249, 164, 5, 1, 150)
(399, 21, 0, 94, 163)
(359, 209, 13, 0, 93)
(384, 207, 7, 1, 106)
(399, 212, 0, 12, 182)
(60, 224, 38, 0, 3)
(327, 215, 2, 1, 65)
(353, 67, 0, 1, 129)
(256, 134, 124, 0, 224)
(212, 127, 116, 0, 95)
(71, 140, 47, 0, 71)
(89, 0, 0, 86, 168)
(56, 154, 64, 0, 147)
(398, 87, 5, 12, 143)
(209, 224, 0, 5, 0)
(335, 70, 6, 6, 99)
(331, 140, 0, 16, 99)
(316, 24, 0, 42, 0)
(170, 129, 3, 33, 119)
(376, 224, 1, 1, 108)
(71, 194, 245, 0, 33)
(198, 192, 7, 4, 166)
(325, 74, 0, 0, 194)
(366, 176, 0, 10, 111)
(399, 61, 0, 65, 60)
(376, 38, 0, 0, 132)
(136, 185, 2, 11, 149)
(383, 110, 0, 3, 102)
(204, 200, 195, 0, 246)
(363, 40, 0, 28, 185)
(396, 193, 10, 1, 108)
(291, 204, 4, 5, 147)
(292, 190, 1, 6, 15)
(352, 223, 0, 1, 0)
(364, 210, 3, 0, 112)
(359, 210, 0, 0, 255)
(35, 216, 8, 0, 134)
(218, 149, 6, 2, 173)
(399, 137, 0, 0, 20)
(305, 144, 1, 3, 124)
(276, 223, 67, 0, 65)
(399, 65, 0, 6, 104)
(0, 221, 243, 0, 216)
(178, 208, 180, 0, 50)
(134, 224, 212, 0, 30)
(95, 29, 20, 4, 124)
(70, 35, 0, 31, 218)
(395, 85, 0, 19, 252)
(399, 67, 0, 70, 208)
(304, 224, 11, 0, 34)
(398, 153, 35, 2, 150)
(356, 224, 0, 0, 33)
(59, 208, 133, 0, 104)
(259, 41, 0, 7, 255)
(397, 105, 0, 0, 73)
(212, 224, 0, 0, 173)
(399, 98, 0, 25, 218)
(117, 224, 16, 0, 79)
(102, 210, 4, 4, 85)
(193, 224, 130, 0, 125)
(271, 32, 0, 100, 49)
(86, 224, 152, 0, 223)
(313, 211, 2, 10, 173)
(180, 198, 6, 1, 137)
(342, 192, 14, 0, 95)
(398, 187, 1, 3, 55)
(61, 176, 0, 13, 180)
(354, 68, 1, 19, 85)
(399, 20, 0, 145, 75)
(381, 0, 0, 71, 0)
(9, 137, 7, 12, 103)
(292, 216, 52, 0, 92)
(395, 154, 4, 0, 181)
(80, 200, 2, 9, 67)
(331, 224, 65, 0, 119)
(53, 208, 4, 12, 110)
(260, 76, 12, 6, 75)
(323, 212, 11, 0, 188)
(392, 224, 0, 0, 205)
(262, 15, 33, 0, 96)
(373, 149, 6, 1, 126)
(354, 192, 1, 3, 110)
(332, 104, 3, 10, 110)
(86, 212, 0, 0, 1)
(199, 224, 185, 0, 255)
(253, 210, 130, 0, 95)
(380, 224, 7, 0, 35)
(395, 69, 0, 124, 59)
(59, 132, 8, 12, 147)
(289, 211, 8, 7, 172)
(371, 172, 17, 0, 138)
(395, 146, 2, 9, 118)
(312, 204, 0, 0, 110)
(389, 194, 3, 2, 131)
(241, 224, 82, 0, 168)
(178, 209, 85, 0, 58)
(375, 105, 1, 4, 114)
(79, 159, 7, 5, 196)
(356, 198, 51, 0, 114)
(390, 213, 0, 0, 241)
(277, 89, 2, 9, 77)
(399, 133, 0, 5, 42)
(294, 224, 92, 0, 57)
(267, 37, 0, 17, 152)
(183, 214, 4, 1, 106)
(399, 125, 0, 82, 200)
(371, 33, 2, 7, 114)
(328, 200, 0, 24, 65)
(387, 209, 4, 2, 129)
(399, 224, 0, 0, 181)
(379, 70, 0, 4, 99)
(351, 105, 9, 1, 91)
(370, 173, 8, 6, 107)
(347, 75, 0, 14, 222)
(150, 183, 15, 1, 160)
(399, 200, 0, 0, 177)
(399, 0, 0, 146, 6)
(153, 164, 3, 3, 132)
(207, 58, 0, 34, 26)
(399, 96, 0, 13, 205)
(324, 215, 0, 9, 48)
(250, 224, 104, 0, 103)
(391, 210, 8, 0, 47)
(252, 154, 0, 70, 125)
(40, 224, 227, 0, 76)
(194, 189, 0, 13, 160)
(200, 220, 2, 1, 49)
(29, 224, 160, 0, 28)
(265, 196, 13, 1, 50)
(339, 73, 0, 66, 180)
(389, 203, 0, 0, 178)
(332, 224, 0, 0, 31)
(89, 144, 5, 4, 118)
(35, 224, 42, 0, 227)
(399, 181, 0, 15, 160)
(295, 101, 4, 4, 151)
(231, 164, 96, 0, 104)
(346, 143, 3, 3, 102)
(143, 68, 12, 5, 144)
(381, 178, 0, 16, 145)
(25, 205, 8, 0, 102)
(273, 86, 0, 75, 57)
(205, 170, 116, 0, 56)
(399, 47, 0, 28, 235)
(133, 219, 0, 0, 54)
(399, 130, 0, 53, 217)
(44, 224, 181, 0, 220)
(299, 10, 0, 125, 50)
(106, 202, 0, 21, 140)
(156, 173, 0, 23, 144)
(399, 128, 0, 0, 12)
(135, 199, 174, 0, 228)
(150, 188, 45, 0, 134)
(178, 210, 50, 0, 105)
(399, 100, 0, 12, 24)
(230, 211, 89, 0, 86)
(373, 2, 0, 82, 79)
(29, 73, 5, 14, 146)
(321, 224, 37, 0, 114)
(362, 69, 3, 3, 117)
(278, 32, 39, 0, 80)
(325, 210, 72, 0, 99)
(337, 124, 0, 16, 89)
(378, 56, 0, 3, 186)
(75, 224, 45, 0, 78)
(372, 108, 0, 7, 89)
(255, 180, 12, 0, 199)
(263, 156, 2, 6, 139)
(75, 205, 256, 0, 210)
(307, 204, 4, 3, 184)
(352, 158, 0, 18, 110)
(334, 149, 0, 0, 221)
(152, 224, 13, 0, 111)
(279, 111, 25, 0, 5)
(358, 180, 2, 2, 80)
(285, 224, 8, 0, 144)
(76, 224, 211, 0, 0)
(387, 35, 0, 177, 28)
(398, 223, 19, 1, 53)
(307, 101, 40, 0, 42)
(82, 0, 0, 1, 35)
(382, 203, 1, 4, 121)
(306, 134, 2, 17, 168)
(127, 202, 264, 0, 115)
(334, 130, 2, 8, 101)
(367, 224, 20, 0, 255)
(112, 224, 0, 0, 172)
(332, 220, 2, 2, 61)
(399, 22, 18, 0, 237)
(88, 187, 3, 2, 150)
(270, 224, 27, 0, 103)
(270, 224, 49, 0, 224)
(198, 149, 74, 0, 214)
(362, 34, 13, 0, 48)
(373, 224, 26, 0, 88)
(399, 219, 0, 0, 152)
(244, 53, 4, 8, 104)
(351, 207, 2, 9, 111)
(244, 131, 0, 48, 214)
(358, 171, 4, 3, 184)
(399, 20, 0, 113, 255)
(241, 224, 4, 0, 69)
(387, 217, 0, 7, 15)
(173, 208, 76, 0, 113)
(381, 57, 0, 99, 159)
(238, 156, 0, 0, 161)
(25, 40, 18, 3, 118)
(399, 119, 0, 8, 74)
(2, 152, 87, 0, 225)
(399, 16, 0, 93, 245)
(9, 224, 124, 0, 234)
(124, 214, 102, 0, 76)
(74, 223, 26, 0, 142)
(399, 224, 0, 0, 138)
(24, 215, 141, 0, 67)
(165, 40, 4, 8, 170)
(399, 204, 1, 1, 143)
(399, 156, 0, 4, 130)
(259, 126, 8, 1, 82)
(347, 224, 52, 0, 26)
(84, 127, 364, 0, 232)
(350, 136, 13, 0, 149)
(396, 188, 0, 12, 42)
(167, 203, 44, 0, 174)
(99, 224, 209, 0, 54)
(189, 153, 0, 0, 14)
(392, 22, 0, 12, 6)
(390, 137, 0, 54, 69)
(372, 186, 3, 5, 174)
(249, 134, 19, 2, 68)
(55, 220, 0, 4, 189)
(295, 84, 0, 41, 85)
(35, 132, 3, 11, 84)
(136, 54, 8, 4, 81)
(354, 67, 0, 80, 182)
(233, 10, 47, 1, 106)
(285, 197, 67, 0, 18)
(77, 212, 100, 0, 42)
(296, 214, 17, 0, 110)
(186, 177, 5, 9, 106)
(127, 188, 165, 0, 195)
(390, 155, 9, 0, 23)
(336, 224, 31, 0, 100)
(344, 224, 20, 0, 99)
(60, 65, 9, 11, 104)
(361, 200, 3, 5, 167)
(392, 150, 7, 1, 147)
(98, 214, 0, 10, 40)
(221, 213, 103, 0, 2)
(206, 194, 5, 4, 101)
(304, 140, 101, 0, 150)
(324, 206, 2, 2, 131)
(254, 203, 67, 0, 92)
(269, 224, 110, 0, 48)
(205, 181, 23, 2, 163)
(5, 170, 134, 0, 67)
(239, 177, 5, 1, 132)
(114, 67, 45, 1, 113)
(134, 224, 197, 0, 112)
(379, 204, 0, 32, 218)
(399, 224, 0, 0, 156)
(373, 195, 0, 9, 28)
(303, 117, 1, 12, 90)
(28, 146, 34, 0, 176)
(143, 204, 3, 2, 166)
(256, 157, 17, 0, 178)
(36, 113, 12, 1, 166)
(349, 65, 0, 35, 73)
(323, 67, 67, 0, 77)
(399, 162, 0, 12, 255)
(164, 206, 0, 8, 220)
(328, 184, 0, 6, 152)
(258, 152, 106, 0, 86)
(381, 222, 0, 0, 0)
(383, 215, 6, 1, 94)
(317, 187, 0, 37, 166)
(268, 219, 0, 0, 219)
(307, 142, 48, 0, 54)
(368, 25, 0, 12, 118)
(320, 204, 79, 0, 19)
(399, 31, 0, 0, 65)
(164, 183, 0, 15, 243)
(53, 224, 132, 0, 120)
(83, 180, 1, 16, 81)
(201, 199, 8, 1, 133)
(235, 1, 1, 12, 103)
(229, 175, 0, 6, 113)
(284, 224, 94, 0, 121)
(399, 166, 0, 21, 61)
(137, 224, 123, 0, 19)
(313, 224, 0, 0, 66)
(40, 178, 0, 11, 137)
(371, 151, 0, 0, 227)
(284, 136, 5, 10, 95)
(340, 76, 48, 0, 88)
(399, 152, 0, 2, 185)
(399, 53, 0, 112, 119)
(336, 53, 0, 0, 104)
(359, 195, 0, 28, 224)
(166, 173, 11, 1, 134)
(335, 203, 59, 0, 231)
(4, 157, 192, 0, 58)
(311, 103, 6, 5, 124)
(314, 138, 1, 8, 172)
(99, 156, 6, 8, 173)
(399, 114, 0, 95, 120)
(156, 44, 5, 17, 95)
(399, 142, 0, 6, 75)
(341, 133, 1, 2, 123)
(0, 154, 3, 4, 31)
(217, 224, 117, 0, 56)
(288, 215, 0, 0, 88)
(287, 224, 14, 0, 138)
(365, 99, 7, 2, 122)
(390, 205, 0, 0, 182)
(29, 133, 7, 10, 99)
(138, 221, 58, 0, 150)
(274, 155, 0, 0, 123)
(157, 216, 46, 0, 144)
(277, 224, 32, 0, 59)
(116, 145, 53, 3, 135)
(168, 141, 2, 15, 137)
(71, 142, 2, 15, 164)
(253, 224, 82, 0, 204)
(310, 116, 0, 62, 143)
(124, 218, 0, 0, 222)
(142, 218, 2, 1, 93)
(134, 176, 1, 12, 114)
(393, 224, 0, 17, 160)
(388, 155, 0, 28, 235)
(399, 133, 0, 17, 144)
(292, 224, 33, 0, 233)
(391, 128, 0, 18, 242)
(104, 224, 222, 0, 0)
(267, 148, 5, 2, 91)
(40, 224, 65, 0, 132)
(18, 192, 188, 0, 108)
(399, 124, 0, 32, 131)
(145, 78, 243, 0, 131)
(151, 219, 68, 0, 41)
(399, 173, 0, 8, 20)
(385, 34, 4, 3, 143)
(268, 211, 7, 2, 96)
(342, 40, 0, 147, 33)
(0, 46, 388, 0, 43)
(244, 181, 155, 0, 163)
(9, 223, 2, 2, 71)
(313, 57, 1, 3, 124)
(343, 96, 0, 76, 44)
(399, 63, 0, 116, 136)
(40, 224, 97, 0, 135)
(267, 206, 62, 0, 164)
(107, 117, 2, 6, 85)
(351, 201, 5, 1, 127)
(28, 216, 185, 0, 172)
(399, 164, 0, 42, 62)
(385, 4, 0, 63, 137)
(89, 42, 21, 1, 108)
(299, 41, 0, 16, 255)
(375, 224, 19, 0, 255)
(362, 178, 58, 0, 147)
(399, 139, 0, 26, 186)
(353, 201, 1, 6, 100)
(52, 177, 1, 3, 93)
(368, 224, 22, 0, 140)
(68, 158, 173, 0, 40)
(399, 67, 0, 21, 158)
(399, 93, 0, 8, 248)
(0, 167, 359, 0, 0)
(367, 152, 0, 5, 221)
(399, 215, 0, 0, 13)
(100, 194, 180, 0, 71)
(357, 165, 0, 23, 21)
(324, 220, 13, 0, 97)
(41, 218, 352, 0, 72)
(396, 215, 0, 1, 129)
(366, 64, 1, 6, 149)
(359, 36, 0, 146, 187)
(169, 219, 171, 0, 49)
(37, 53, 37, 5, 91)
(198, 140, 3, 14, 109)
(143, 210, 76, 0, 43)
(220, 224, 197, 0, 240)
(287, 126, 5, 12, 169)
(394, 206, 5, 1, 135)
(395, 125, 0, 17, 67)
(396, 0, 0, 119, 255)
(114, 216, 5, 4, 71)
(302, 224, 35, 0, 201)
(307, 123, 1, 11, 82)
(188, 175, 9, 2, 85)
(381, 62, 0, 74, 243)
(329, 152, 0, 51, 164)
(88, 218, 221, 0, 0)
(38, 84, 16, 6, 119)
(378, 18, 8, 5, 110)
(216, 221, 110, 0, 118)
(319, 215, 0, 0, 104)
(399, 200, 0, 4, 240)
(47, 217, 312, 0, 213)
(293, 205, 0, 0, 69)
(43, 224, 266, 0, 182)
(346, 224, 41, 0, 171)
(147, 88, 13, 4, 118)
(347, 163, 31, 0, 235)
(222, 218, 5, 0, 231)
(358, 207, 7, 1, 130)
(399, 178, 0, 22, 172)
(315, 212, 80, 0, 239)
(213, 7, 36, 3, 112)
(172, 196, 38, 0, 99)
(153, 224, 250, 0, 105)
(381, 146, 0, 0, 32)
(351, 165, 0, 20, 156)
(276, 218, 3, 1, 178)
(365, 42, 3, 1, 122)
(218, 173, 4, 4, 155)
(0, 0, 0, 21, 241)
(399, 10, 0, 176, 66)
(386, 132, 0, 107, 154)
(306, 64, 4, 2, 135)
(370, 183, 0, 31, 33)
(149, 150, 74, 0, 137)
(289, 224, 53, 0, 122)
(115, 182, 220, 0, 160)
(399, 211, 14, 2, 109)
(102, 224, 15, 0, 15)
(399, 160, 0, 0, 157)
(399, 78, 0, 106, 127)
(275, 145, 3, 3, 88)
(123, 224, 180, 0, 223)
(164, 197, 5, 4, 196)
(388, 77, 17, 1, 118)
(313, 222, 0, 8, 82)
(374, 142, 0, 67, 51)
(258, 29, 7, 3, 180)
(190, 199, 6, 0, 163)
(339, 189, 6, 3, 161)
(141, 186, 11, 1, 114)
(377, 53, 7, 3, 149)
(380, 131, 0, 18, 236)
(198, 207, 17, 0, 69)
(399, 132, 0, 27, 106)
(380, 175, 2, 13, 171)
(395, 69, 4, 4, 109)
(229, 102, 24, 2, 174)
(332, 224, 0, 9, 20)
(372, 50, 0, 117, 144)
(16, 163, 10, 4, 85)
(256, 205, 112, 0, 210)
(355, 224, 0, 0, 187)
(370, 198, 0, 13, 47)
(0, 224, 6, 6, 185)
(284, 0, 0, 0, 156)
(295, 224, 26, 0, 236)
(252, 162, 43, 0, 221)
(361, 89, 0, 135, 177)
(399, 217, 7, 4, 104)
(399, 47, 0, 0, 219)
(136, 224, 233, 0, 215)
(386, 154, 5, 3, 99)
(310, 202, 17, 0, 86)
(196, 224, 83, 0, 80)
(398, 204, 0, 0, 62)
(274, 218, 22, 1, 168)
(308, 194, 0, 0, 180)
(310, 174, 4, 9, 53)
(117, 120, 1, 8, 136)
(323, 128, 9, 2, 143)
(210, 153, 5, 2, 156)
(187, 202, 3, 2, 74)
(378, 213, 5, 1, 75)
(186, 207, 213, 0, 79)
(147, 206, 0, 1, 93)
(399, 144, 0, 0, 132)
(215, 188, 125, 0, 55)
(74, 196, 264, 0, 54)
(53, 224, 252, 0, 120)
(195, 171, 0, 12, 200)
(334, 174, 7, 0, 211)
(111, 186, 32, 0, 142)
(210, 224, 98, 0, 134)
(255, 224, 121, 0, 56)
(276, 202, 66, 0, 163)
(351, 76, 0, 148, 127)
(387, 71, 2, 7, 137)
(170, 123, 34, 0, 150)
(399, 99, 0, 73, 210)
(333, 164, 3, 1, 85)
(385, 85, 4, 3, 158)
(172, 222, 0, 0, 98)
(121, 9, 21, 5, 112)
(306, 224, 0, 0, 208)
(366, 5, 0, 187, 36)
(274, 193, 5, 7, 50)
(325, 224, 17, 0, 108)
(343, 194, 1, 4, 131)
(399, 143, 0, 74, 184)
(9, 10, 7, 11, 128)
(344, 224, 18, 0, 78)
(140, 192, 0, 0, 180)
(342, 45, 56, 0, 49)
(393, 218, 0, 6, 67)
(345, 36, 3, 2, 138)
(399, 38, 0, 99, 175)
(399, 156, 0, 0, 168)
(344, 224, 0, 0, 206)
(331, 173, 0, 26, 130)
(330, 100, 30, 0, 66)
(112, 167, 5, 5, 164)
(399, 41, 0, 63, 143)
(286, 61, 0, 127, 113)
(339, 53, 0, 101, 74)
(339, 160, 15, 2, 81)
(239, 224, 56, 0, 30)
(204, 223, 82, 0, 244)
(218, 195, 101, 0, 174)
(0, 224, 0, 5, 94)
(307, 102, 6, 3, 144)
(175, 178, 0, 0, 173)
(384, 224, 0, 0, 62)
(161, 145, 5, 6, 162)
(198, 161, 64, 0, 53)
(334, 179, 1, 12, 179)
(209, 75, 0, 41, 103)
(376, 206, 12, 2, 113)
(297, 64, 41, 0, 35)
(185, 224, 18, 0, 27)
(273, 208, 10, 0, 176)
(120, 95, 1, 5, 140)
(62, 147, 302, 0, 119)
(214, 224, 46, 0, 0)
(234, 195, 75, 0, 129)
(346, 211, 3, 1, 112)
(0, 200, 241, 0, 160)
(399, 175, 0, 7, 96)
(363, 134, 0, 19, 241)
(330, 224, 25, 0, 148)
(200, 113, 7, 2, 194)
(399, 79, 0, 13, 208)
(152, 114, 186, 0, 185)
(331, 119, 0, 26, 14)
(63, 200, 2, 10, 131)
(367, 195, 2, 3, 167)
(385, 224, 0, 0, 104)
(399, 107, 0, 42, 208)
(311, 164, 0, 25, 104)
(90, 130, 4, 2, 152)
(33, 224, 112, 0, 83)
(374, 224, 37, 0, 227)
(254, 195, 0, 3, 159)
(364, 177, 1, 12, 95)
(368, 216, 1, 0, 101)
(11, 224, 140, 0, 133)
(199, 110, 48, 0, 172)
(372, 198, 0, 0, 77)
(142, 201, 5, 2, 74)
(122, 73, 49, 0, 123)
(190, 114, 46, 0, 95)
(374, 178, 0, 0, 192)
(326, 195, 37, 0, 7)
(25, 17, 18, 2, 145)
(47, 224, 82, 0, 255)
(353, 132, 17, 0, 45)
(399, 139, 0, 61, 202)
(327, 179, 5, 1, 159)
(399, 170, 0, 18, 246)
(399, 224, 0, 2, 235)
(321, 188, 3, 12, 180)
(69, 224, 73, 0, 102)
(399, 224, 0, 0, 75)
(155, 214, 2, 8, 74)
(399, 191, 0, 17, 94)
(254, 218, 18, 0, 95)
(30, 148, 8, 3, 79)
(357, 104, 0, 28, 217)
(234, 86, 3, 6, 99)
(19, 170, 3, 3, 152)
(55, 208, 198, 0, 48)
(85, 94, 19, 4, 106)
(280, 185, 49, 0, 36)
(310, 172, 8, 0, 58)
(381, 149, 1, 1, 95)
(87, 218, 162, 0, 255)
(127, 73, 0, 11, 185)
(168, 183, 14, 1, 104)
(161, 224, 89, 0, 200)
(196, 214, 19, 0, 32)
(86, 193, 19, 3, 101)
(376, 219, 2, 2, 65)
(174, 184, 0, 0, 109)
(399, 59, 0, 15, 125)
(187, 10, 16, 5, 113)
(218, 33, 0, 85, 223)
(215, 224, 11, 0, 235)
(379, 96, 0, 30, 28)
(399, 144, 7, 0, 55)
(161, 15, 9, 13, 130)
(399, 44, 0, 94, 46)
(12, 217, 162, 0, 42)
(85, 201, 314, 0, 13)
(305, 152, 0, 24, 129)
(352, 19, 0, 141, 75)
(369, 139, 5, 4, 151)
(146, 115, 7, 3, 104)
(270, 161, 12, 1, 181)
(229, 119, 0, 19, 131)
(360, 102, 0, 63, 128)
(226, 224, 29, 0, 32)
(190, 197, 191, 0, 73)
(373, 35, 0, 40, 9)
(334, 171, 0, 0, 0)
(347, 194, 2, 2, 69)
(388, 103, 2, 13, 129)
(366, 131, 24, 0, 57)
(79, 153, 177, 0, 212)
(298, 197, 7, 3, 132)
