Background: s(217, 24, 103, 296, 52)
(139, 0, 37, 319, 29)
(65, 169, 40, 143, 225)
(0, 274, 79, 46, 227)
(175, 54, 19, 208, 194)
(0, 0, 103, 135, 165)
(137, 0, 84, 44, 39)
(176, 272, 57, 51, 59)
(0, 252, 62, 31, 155)
(232, 24, 14, 215, 77)
(65, 186, 44, 23, 135)
(194, 177, 24, 78, 129)
(215, 44, 15, 165, 28)
(249, 185, 69, 69, 32)
(57, 269, 33, 26, 245)
(111, 291, 31, 34, 74)
(26, 36, 72, 40, 176)
(0, 136, 71, 112, 82)
(177, 205, 21, 56, 239)
(65, 117, 26, 48, 59)
(0, 80, 57, 42, 114)
(278, 125, 21, 116, 61)
(214, 84, 107, 24, 38)
(21, 98, 25, 13, 78)
(272, 0, 50, 24, 89)
(265, 56, 24, 25, 18)
(24, 227, 31, 13, 168)
(208, 42, 7, 49, 33)
(186, 33, 10, 121, 154)
(65, 161, 8, 39, 204)
(205, 257, 91, 20, 64)
(259, 218, 76, 23, 57)
(94, 64, 7, 91, 226)
(132, 310, 62, 10, 58)
(256, 144, 7, 74, 118)
(223, 243, 96, 10, 23)
(221, 190, 12, 66, 29)
(264, 217, 26, 14, 28)
(115, 264, 25, 30, 92)
(171, 160, 5, 102, 33)
(194, 69, 11, 71, 132)
(301, 185, 16, 33, 11)
(226, 24, 38, 62, 64)
(289, 105, 10, 39, 26)
(269, 154, 3, 47, 118)
(246, 90, 8, 107, 24)
(109, 43, 30, 24, 90)
(176, 288, 108, 14, 54)
(148, 59, 11, 248, 23)
(154, 263, 26, 42, 23)
(230, 127, 15, 42, 98)
(71, 317, 40, 3, 95)
(182, 124, 6, 45, 241)
(273, 255, 29, 31, 58)
(120, 0, 101, 15, 50)
(272, 224, 11, 5, 65)
(0, 274, 29, 21, 183)
(303, 242, 18, 13, 19)
(300, 147, 11, 23, 35)
(41, 145, 5, 57, 191)
(296, 14, 24, 13, 59)
(262, 123, 5, 61, 36)
(195, 294, 21, 25, 65)
(72, 217, 36, 46, 238)
(15, 48, 7, 45, 93)
(282, 106, 17, 12, 19)
(176, 205, 17, 16, 247)
(3, 206, 37, 25, 103)
(242, 93, 8, 33, 20)
(259, 208, 5, 27, 89)
(191, 159, 26, 45, 118)
(0, 298, 41, 14, 237)
(61, 260, 20, 7, 240)
(282, 308, 37, 11, 50)
(196, 207, 19, 15, 151)
(73, 268, 44, 3, 145)
(94, 308, 17, 11, 95)
(207, 247, 15, 25, 89)
(104, 259, 3, 47, 173)
(34, 311, 52, 4, 225)
(50, 187, 59, 6, 120)
(3, 178, 12, 27, 50)
(50, 108, 42, 9, 199)
(197, 264, 27, 15, 77)
(313, 109, 7, 50, 59)
(266, 126, 53, 7, 61)
(254, 136, 4, 38, 124)
(292, 66, 27, 6, 83)
(272, 48, 38, 9, 36)
(80, 304, 18, 6, 230)
(280, 316, 40, 4, 47)
(268, 254, 18, 25, 60)
(166, 286, 17, 14, 20)
(175, 158, 7, 21, 83)
(277, 162, 2, 33, 119)
(182, 288, 11, 13, 43)
(248, 198, 9, 30, 19)
(286, 167, 3, 50, 40)
(284, 213, 0, 46, 155)
(0, 235, 22, 20, 30)
(133, 65, 6, 199, 101)
(0, 254, 38, 20, 139)
(28, 314, 45, 5, 219)
(273, 274, 7, 29, 55)
(307, 163, 32, 10, 31)
(221, 274, 23, 31, 55)
(296, 241, 22, 1, 47)
(222, 282, 44, 9, 50)
(182, 271, 15, 13, 76)
(57, 146, 2, 37, 32)
(40, 268, 17, 16, 188)
(102, 155, 7, 36, 93)
(88, 293, 17, 11, 206)
(292, 176, 6, 36, 87)
(230, 110, 7, 26, 111)
(163, 101, 7, 149, 34)
(201, 302, 9, 18, 70)
(145, 308, 31, 4, 52)
(92, 161, 11, 6, 202)
(317, 187, 2, 17, 82)
(214, 232, 6, 22, 111)
(17, 293, 74, 4, 235)
(312, 256, 7, 13, 59)
(295, 177, 13, 8, 69)
(125, 123, 8, 88, 106)
(72, 237, 13, 11, 224)
(195, 199, 4, 14, 164)
(197, 245, 3, 14, 209)
(180, 38, 19, 19, 134)
(27, 216, 41, 5, 43)
(174, 85, 8, 59, 201)
(288, 298, 6, 20, 50)
(48, 137, 34, 18, 49)
(229, 28, 41, 8, 74)
(167, 296, 0, 23, 236)
(287, 212, 15, 9, 31)
(54, 78, 10, 31, 142)
(66, 227, 6, 24, 146)
(221, 240, 39, 11, 30)
(195, 109, 19, 15, 138)
(59, 195, 2, 34, 142)
(138, 0, 19, 67, 33)
(38, 286, 22, 5, 241)
(219, 124, 7, 91, 24)
(192, 112, 5, 46, 149)
(29, 246, 40, 7, 148)
(268, 115, 16, 25, 65)
(263, 232, 29, 5, 69)
(156, 165, 4, 127, 29)
(250, 255, 62, 5, 60)
(251, 296, 11, 13, 55)
(206, 281, 86, 2, 54)
(134, 0, 4, 8, 17)
(103, 103, 19, 23, 126)
(33, 241, 17, 7, 48)
(280, 173, 3, 36, 29)
(229, 24, 29, 5, 110)
(241, 309, 78, 6, 50)
(99, 0, 9, 100, 132)
(41, 179, 1, 51, 88)
(205, 55, 6, 41, 83)
(15, 224, 16, 12, 163)
(301, 293, 19, 5, 50)
(14, 28, 83, 16, 171)
(319, 199, 0, 99, 111)
(256, 82, 33, 23, 43)
(184, 305, 12, 2, 81)
(176, 199, 23, 5, 156)
(176, 237, 1, 26, 64)
(107, 256, 9, 16, 138)
(273, 159, 3, 65, 32)
(289, 121, 22, 9, 40)
(249, 122, 13, 12, 37)
(192, 289, 35, 3, 45)
(246, 221, 4, 19, 78)
(0, 269, 10, 8, 141)
(261, 124, 2, 31, 32)
(144, 264, 14, 11, 19)
(291, 80, 0, 141, 235)
(104, 313, 20, 6, 75)
(179, 251, 8, 12, 236)
(7, 146, 6, 27, 50)
(0, 48, 23, 10, 82)
(0, 93, 16, 8, 69)
(289, 319, 20, 0, 209)
(276, 142, 16, 13, 71)
(274, 0, 27, 17, 96)
(223, 256, 14, 2, 24)
(0, 228, 29, 3, 142)
(233, 210, 16, 13, 95)
(62, 235, 10, 8, 67)
(263, 63, 56, 1, 23)
(280, 196, 1, 28, 94)
(170, 5, 8, 45, 34)
(257, 147, 2, 59, 126)
(228, 289, 22, 12, 57)
(299, 97, 10, 10, 28)
(266, 56, 11, 19, 28)
(220, 259, 16, 8, 80)
(254, 89, 15, 6, 34)
(299, 136, 13, 7, 39)
(238, 171, 9, 41, 78)
(319, 76, 0, 146, 121)
(308, 77, 13, 20, 41)
(175, 301, 5, 7, 41)
(230, 160, 1, 46, 24)
(278, 185, 2, 22, 121)
(216, 307, 20, 11, 62)
(319, 307, 0, 12, 202)
(296, 317, 0, 2, 29)
(101, 307, 31, 1, 86)
(74, 193, 25, 5, 230)
(90, 247, 13, 22, 237)
(292, 55, 12, 9, 31)
(204, 254, 12, 9, 99)
(200, 222, 4, 34, 142)
(253, 26, 41, 6, 68)
(183, 56, 5, 51, 169)
(52, 154, 3, 37, 185)
(109, 292, 6, 18, 91)
(127, 7, 10, 56, 87)
(248, 148, 4, 66, 19)
(291, 301, 28, 4, 54)
(218, 307, 1, 0, 108)
(146, 297, 27, 8, 16)
(232, 315, 4, 4, 55)
(273, 20, 30, 9, 61)
(292, 72, 28, 3, 63)
(239, 30, 22, 0, 97)
(300, 109, 26, 3, 84)
(260, 57, 10, 9, 35)
(124, 317, 25, 2, 69)
(152, 45, 2, 108, 19)
(215, 150, 2, 60, 102)
(109, 155, 17, 86, 121)
(174, 57, 10, 15, 178)
(279, 261, 23, 3, 54)
(302, 194, 0, 0, 73)
(288, 208, 2, 18, 21)
(101, 80, 33, 23, 112)
(30, 121, 23, 14, 226)
(260, 319, 51, 13, 49)
(138, 67, 1, 85, 66)
(275, 268, 21, 2, 63)
(98, 0, 4, 76, 140)
(316, 271, 3, 14, 51)
(217, 184, 1, 26, 90)
(129, 275, 12, 24, 86)
(118, 292, 14, 23, 71)
(139, 183, 1, 93, 61)
(175, 318, 122, 0, 167)
(188, 303, 10, 2, 80)
(108, 306, 0, 12, 18)
(68, 270, 17, 3, 235)
(25, 319, 46, 2, 219)
(117, 96, 17, 26, 120)
(319, 37, 0, 109, 28)
(294, 53, 0, 162, 56)
(52, 227, 21, 2, 192)
(198, 140, 18, 32, 106)
(282, 168, 9, 16, 46)
(319, 250, 0, 21, 10)
(238, 275, 38, 4, 58)
(153, 15, 72, 9, 43)
(36, 217, 11, 13, 74)
(319, 0, 0, 62, 247)
(152, 319, 37, 0, 123)
(188, 275, 13, 12, 67)
(196, 269, 34, 3, 83)
(0, 59, 16, 15, 200)
(167, 182, 4, 68, 36)
(319, 63, 0, 140, 37)
(60, 109, 9, 14, 220)
(319, 202, 0, 20, 235)
(265, 319, 16, 0, 123)
(319, 122, 0, 132, 0)
(0, 107, 18, 7, 176)
(299, 273, 16, 13, 52)
(319, 206, 0, 19, 225)
(150, 270, 5, 34, 16)
(289, 31, 3, 36, 36)
(139, 277, 3, 33, 72)
(283, 79, 13, 6, 47)
(319, 197, 1, 17, 72)
(224, 43, 7, 53, 51)
(231, 39, 69, 7, 56)
(203, 0, 19, 29, 62)
(231, 245, 7, 13, 27)
(190, 166, 2, 33, 188)
(202, 315, 18, 1, 76)
(89, 125, 5, 26, 79)
(290, 228, 29, 4, 49)
(107, 209, 1, 51, 180)
(95, 273, 1, 27, 186)
(17, 113, 14, 16, 111)
(190, 72, 2, 104, 157)
(280, 277, 21, 6, 55)
(252, 165, 3, 40, 27)
(219, 25, 6, 9, 77)
(198, 304, 2, 14, 60)
(106, 319, 0, 0, 30)
(246, 314, 4, 5, 55)
(290, 221, 25, 7, 64)
(296, 124, 7, 4, 85)
(284, 98, 7, 24, 26)
(122, 241, 11, 25, 104)
(301, 279, 13, 0, 255)
(30, 263, 6, 11, 89)
(319, 190, 0, 46, 44)
(79, 273, 18, 1, 217)
(196, 96, 9, 14, 116)
(182, 98, 2, 73, 245)
(296, 133, 5, 9, 16)
(76, 296, 106, 0, 151)
(135, 270, 4, 35, 86)
(249, 253, 21, 3, 56)
(71, 250, 23, 6, 249)
(297, 205, 3, 27, 36)
(297, 241, 0, 36, 115)
(146, 74, 32, 10, 22)
(271, 178, 2, 22, 118)
(299, 147, 3, 1, 7)
(258, 242, 62, 1, 22)
(8, 134, 27, 3, 221)
(119, 313, 5, 5, 79)
(146, 299, 9, 8, 14)
(224, 39, 3, 32, 39)
(233, 227, 1, 24, 30)
(185, 313, 13, 12, 57)
(20, 303, 28, 0, 46)
(75, 114, 7, 17, 74)
(268, 262, 6, 12, 63)
(28, 235, 23, 4, 206)
(319, 202, 0, 4, 110)
(252, 104, 2, 24, 44)
(158, 124, 1, 68, 21)
(30, 278, 15, 3, 79)
(20, 70, 12, 11, 122)
(313, 209, 5, 7, 2)
(45, 59, 2, 42, 182)
(145, 55, 22, 32, 22)
(111, 274, 9, 12, 108)
(50, 151, 1, 29, 28)
(297, 238, 20, 2, 49)
(287, 102, 10, 4, 60)
(0, 1, 83, 12, 161)
(141, 167, 8, 100, 30)
(28, 241, 4, 8, 148)
(0, 144, 23, 7, 57)
(283, 178, 2, 20, 117)
(283, 204, 0, 91, 206)
(256, 289, 0, 0, 200)
(285, 245, 18, 9, 20)
(138, 319, 181, 0, 27)
(317, 192, 0, 124, 32)
(208, 248, 6, 15, 98)
(45, 195, 6, 10, 123)
(318, 208, 1, 13, 32)
(178, 239, 20, 1, 161)
(223, 283, 0, 21, 14)
(236, 241, 12, 5, 37)
(123, 72, 15, 10, 102)
(291, 212, 5, 9, 46)
(213, 154, 4, 13, 95)
(233, 211, 6, 11, 108)
(305, 19, 0, 92, 231)
(276, 314, 5, 5, 49)
(181, 169, 2, 6, 190)
(245, 126, 1, 25, 28)
(253, 158, 2, 0, 151)
(21, 118, 19, 5, 101)
(97, 7, 6, 21, 149)
(319, 13, 1, 1, 57)
(66, 184, 0, 0, 213)
(51, 204, 8, 15, 34)
(317, 170, 7, 7, 28)
(299, 308, 8, 0, 0)
(313, 216, 5, 5, 43)
(290, 302, 0, 1, 80)
(136, 82, 2, 72, 96)
(298, 130, 21, 3, 88)
(222, 284, 43, 3, 47)
(307, 57, 13, 5, 60)
(270, 285, 11, 3, 52)
(227, 71, 7, 19, 66)
(26, 141, 37, 6, 87)
(65, 199, 21, 2, 124)
(288, 176, 4, 13, 66)
(118, 183, 8, 28, 114)
(175, 182, 16, 10, 214)
(125, 19, 12, 20, 102)
(0, 232, 6, 11, 79)
(319, 12, 0, 190, 46)
(271, 141, 3, 20, 41)
(13, 262, 0, 70, 91)
(287, 283, 0, 0, 80)
(136, 219, 22, 0, 101)
(193, 291, 22, 0, 134)
(49, 239, 17, 6, 51)
(39, 301, 25, 8, 231)
(294, 116, 25, 0, 47)
(219, 319, 46, 0, 206)
(51, 119, 12, 3, 211)
(176, 311, 16, 6, 54)
(295, 94, 0, 58, 88)
(130, 157, 0, 97, 44)
(127, 309, 10, 12, 66)
(277, 53, 4, 23, 10)
(160, 173, 0, 0, 255)
(224, 0, 19, 19, 120)
(296, 262, 23, 4, 52)
(267, 197, 3, 34, 23)
(0, 278, 10, 20, 181)
(142, 259, 0, 9, 249)
(287, 316, 8, 0, 13)
(25, 291, 20, 2, 243)
(112, 129, 13, 23, 107)
(176, 193, 22, 2, 108)
(299, 251, 0, 14, 255)
(290, 109, 0, 108, 229)
(273, 2, 1, 23, 47)
(311, 183, 8, 0, 10)
(294, 192, 0, 58, 220)
(294, 144, 25, 2, 84)
(199, 173, 11, 28, 128)
(54, 234, 16, 2, 116)
(217, 291, 0, 0, 127)
(310, 216, 9, 0, 135)
(32, 318, 178, 0, 152)
(205, 122, 7, 18, 127)
(105, 266, 3, 14, 130)
(317, 219, 1, 14, 40)
(273, 280, 7, 9, 52)
(264, 168, 4, 52, 28)
(97, 253, 9, 10, 228)
(294, 10, 0, 117, 118)
(58, 264, 7, 3, 215)
(312, 31, 3, 5, 30)
(143, 272, 13, 2, 12)
(293, 241, 0, 31, 22)
(180, 298, 16, 4, 46)
(319, 319, 0, 0, 107)
(0, 283, 145, 0, 112)
(117, 299, 11, 7, 65)
(283, 217, 7, 12, 11)
(128, 126, 8, 25, 97)
(319, 269, 0, 0, 50)
(61, 186, 24, 2, 213)
(172, 255, 0, 35, 86)
(263, 43, 11, 10, 63)
(28, 282, 14, 7, 188)
(35, 287, 8, 0, 45)
(318, 268, 0, 31, 88)
(319, 52, 0, 146, 110)
(173, 85, 1, 26, 79)
(165, 307, 21, 1, 44)
(214, 225, 105, 0, 85)
(56, 188, 4, 21, 77)
(319, 7, 0, 174, 7)
(203, 44, 3, 51, 96)
(140, 314, 20, 5, 61)
(145, 297, 0, 0, 30)
(21, 84, 0, 0, 200)
(37, 319, 169, 0, 39)
(296, 259, 0, 24, 30)
(319, 42, 0, 102, 96)
(278, 129, 10, 13, 70)
(15, 239, 13, 12, 33)
(221, 281, 7, 13, 44)
(240, 307, 7, 12, 49)
(319, 297, 0, 4, 51)
(240, 319, 5, 15, 45)
(294, 145, 0, 83, 107)
(68, 319, 3, 4, 119)
(183, 225, 16, 3, 230)
(297, 289, 0, 3, 174)
(286, 180, 0, 0, 65)
(119, 283, 52, 0, 0)
(217, 319, 112, 0, 129)
(291, 72, 16, 5, 63)
(312, 319, 0, 0, 182)
(319, 58, 0, 20, 52)
(186, 68, 4, 66, 164)
(236, 260, 29, 8, 67)
(0, 206, 7, 5, 119)
(268, 153, 1, 24, 113)
(0, 316, 0, 3, 2)
(283, 286, 14, 10, 54)
(0, 319, 140, 0, 204)
(88, 166, 6, 3, 148)
(314, 306, 0, 0, 79)
(220, 273, 4, 4, 67)
(302, 0, 0, 103, 239)
(319, 11, 0, 261, 117)
(255, 152, 6, 30, 126)
(309, 251, 6, 0, 166)
(313, 278, 0, 0, 101)
(3, 305, 43, 0, 79)
(20, 146, 7, 39, 58)
(72, 318, 9, 1, 104)
(51, 172, 2, 17, 207)
(262, 0, 11, 23, 102)
(20, 42, 74, 8, 174)
(234, 31, 19, 9, 74)
(220, 0, 8, 4, 69)
(300, 28, 6, 9, 42)
(248, 28, 14, 3, 80)
(233, 86, 28, 4, 43)
(196, 293, 0, 0, 194)
(250, 314, 12, 3, 54)
(298, 14, 10, 1, 86)
(251, 212, 4, 29, 17)
(278, 159, 8, 11, 49)
(90, 264, 15, 2, 207)
(282, 46, 11, 8, 25)
(71, 211, 36, 12, 231)
(265, 309, 54, 0, 93)
(133, 238, 0, 0, 104)
(319, 299, 0, 0, 80)
(273, 168, 0, 71, 42)
(159, 18, 16, 41, 33)
(300, 185, 17, 6, 21)
(301, 121, 0, 50, 255)
(264, 259, 0, 14, 125)
(16, 253, 18, 1, 172)
(292, 0, 15, 0, 95)
(293, 217, 0, 71, 218)
(52, 263, 6, 11, 185)
(171, 304, 5, 3, 39)
(298, 253, 0, 15, 59)
(225, 319, 18, 0, 2)
(265, 248, 0, 71, 34)
(101, 318, 10, 10, 77)
(268, 259, 44, 2, 58)
(122, 285, 47, 0, 129)
(280, 312, 2, 7, 47)
(318, 60, 0, 216, 75)
(311, 73, 0, 89, 247)
(120, 0, 7, 17, 82)
(311, 288, 7, 5, 54)
(107, 319, 0, 0, 74)
(123, 234, 45, 0, 130)
(311, 309, 8, 2, 52)
(306, 27, 13, 4, 43)
(279, 152, 2, 26, 38)
(283, 31, 16, 3, 44)
(16, 277, 207, 0, 190)
(315, 129, 14, 2, 44)
(46, 147, 1, 28, 168)
(312, 15, 0, 70, 109)
(14, 303, 17, 3, 240)
(213, 319, 24, 0, 50)
(261, 192, 3, 17, 111)
(303, 319, 16, 0, 205)
(255, 132, 4, 11, 81)
(154, 52, 3, 113, 27)
(129, 295, 183, 0, 86)
(65, 319, 113, 0, 83)
(134, 312, 89, 0, 128)
(214, 281, 29, 2, 51)
(39, 61, 9, 25, 183)
(241, 69, 14, 7, 75)
(194, 41, 6, 37, 125)
(71, 178, 173, 0, 187)
(299, 89, 16, 3, 46)
(319, 193, 0, 82, 143)
(306, 152, 7, 2, 81)
(302, 107, 0, 134, 111)
(101, 126, 3, 28, 204)
(282, 285, 23, 0, 4)
(251, 291, 19, 2, 50)
(313, 256, 7, 8, 59)
(302, 170, 10, 9, 45)
(251, 278, 12, 3, 50)
(314, 267, 6, 1, 67)
(298, 319, 0, 0, 81)
(269, 91, 0, 50, 72)
(285, 176, 2, 19, 35)
(290, 269, 0, 45, 126)
(92, 311, 9, 7, 101)
(319, 220, 11, 9, 66)
(164, 279, 97, 0, 83)
(237, 252, 9, 4, 34)
(193, 255, 0, 0, 155)
(213, 12, 6, 14, 78)
(218, 242, 3, 11, 112)
(291, 218, 3, 11, 71)
(271, 55, 0, 20, 165)
(109, 302, 26, 3, 76)
(277, 235, 15, 3, 64)
(87, 319, 0, 0, 153)
(293, 15, 13, 1, 87)
(201, 58, 5, 9, 76)
(196, 264, 7, 8, 93)
(300, 0, 9, 8, 92)
(128, 319, 61, 0, 123)
(203, 39, 12, 12, 31)
(211, 285, 0, 25, 249)
(30, 59, 56, 14, 180)
(310, 319, 27, 0, 43)
(188, 301, 78, 0, 229)
(217, 267, 73, 0, 157)
(223, 182, 9, 25, 26)
(231, 286, 7, 21, 56)
(277, 165, 0, 154, 143)
(315, 272, 0, 49, 57)
(258, 214, 1, 13, 100)
(214, 100, 1, 16, 57)
(319, 156, 0, 128, 104)
(229, 124, 3, 5, 17)
(95, 280, 97, 0, 85)
(27, 5, 0, 215, 61)
(268, 319, 46, 0, 182)
(287, 213, 0, 0, 116)
(291, 229, 0, 84, 237)
(89, 311, 38, 0, 0)
(316, 185, 1, 10, 53)
(231, 57, 0, 63, 16)
(237, 33, 0, 47, 234)
(110, 212, 20, 25, 124)
(228, 219, 0, 20, 145)
(299, 119, 5, 6, 34)
(298, 33, 2, 9, 64)
(319, 143, 0, 24, 72)
(157, 297, 6, 5, 23)
(296, 318, 7, 1, 43)
(86, 282, 8, 9, 243)
(175, 161, 1, 51, 75)
(298, 182, 17, 2, 80)
(95, 246, 0, 0, 29)
(138, 0, 6, 72, 35)
(23, 136, 7, 4, 223)
(219, 209, 3, 30, 35)
(262, 294, 70, 0, 136)
(171, 287, 148, 0, 112)
(319, 319, 0, 0, 223)
(191, 319, 43, 0, 98)
(195, 293, 21, 2, 62)
(13, 27, 66, 8, 169)
(108, 263, 0, 0, 0)
(156, 316, 5, 0, 42)
(2, 319, 192, 0, 215)
(311, 319, 0, 0, 18)
(240, 37, 0, 208, 202)
(28, 178, 13, 28, 71)
(275, 16, 9, 5, 95)
(262, 175, 1, 9, 98)
(64, 131, 14, 23, 45)
(206, 246, 3, 10, 115)
(20, 142, 14, 2, 132)
(296, 168, 0, 141, 74)
(265, 126, 2, 22, 48)
(177, 253, 1, 9, 141)
(253, 145, 50, 0, 62)
(263, 152, 2, 30, 24)
(264, 48, 7, 11, 59)
(15, 319, 46, 0, 242)
(214, 292, 17, 2, 47)
(139, 65, 2, 85, 24)
(300, 318, 19, 0, 145)
(319, 319, 0, 0, 139)
(131, 312, 42, 0, 9)
(74, 317, 18, 2, 101)
(110, 306, 40, 0, 194)
(283, 194, 1, 13, 44)
(284, 304, 21, 1, 53)
(99, 271, 174, 0, 97)
(187, 32, 8, 17, 123)
(200, 66, 10, 8, 106)
(78, 209, 29, 6, 228)
(288, 130, 8, 1, 42)
(260, 0, 12, 16, 107)
(313, 113, 7, 14, 54)
(250, 145, 6, 4, 24)
(295, 105, 0, 149, 86)
(259, 211, 11, 1, 90)
(284, 177, 1, 7, 52)
(149, 242, 3, 22, 20)
(255, 241, 25, 10, 25)
(226, 311, 93, 0, 45)
(319, 0, 0, 154, 0)
(310, 278, 14, 0, 0)
(319, 249, 0, 75, 191)
(230, 256, 58, 0, 19)
(0, 319, 67, 0, 66)
(254, 0, 8, 26, 109)
(140, 319, 0, 0, 50)
(281, 307, 20, 5, 51)
(274, 23, 1, 15, 29)
(177, 260, 1, 4, 17)
(146, 0, 4, 55, 29)
(138, 281, 63, 0, 25)
(158, 263, 7, 20, 27)
(179, 252, 19, 6, 231)
(197, 266, 16, 0, 54)
(319, 187, 0, 63, 182)
(226, 95, 5, 17, 32)
(285, 305, 18, 5, 50)
(209, 293, 0, 0, 161)
(298, 291, 0, 0, 172)
(319, 90, 0, 111, 0)
(319, 273, 0, 46, 26)
(182, 285, 10, 3, 54)
(288, 95, 13, 6, 22)
(145, 308, 27, 1, 45)
(70, 299, 8, 18, 223)
(99, 184, 9, 3, 75)
(46, 209, 7, 12, 40)
(176, 159, 6, 5, 57)
(238, 287, 14, 3, 53)
(200, 173, 0, 50, 255)
(205, 309, 32, 5, 61)
(27, 261, 5, 2, 202)
(319, 265, 0, 9, 146)
(160, 311, 18, 3, 55)
(287, 237, 46, 0, 48)
(293, 0, 0, 22, 73)
(215, 319, 23, 0, 223)
(210, 221, 9, 14, 123)
(48, 250, 27, 0, 66)
(295, 247, 0, 31, 198)
(250, 113, 2, 35, 34)
(309, 31, 3, 9, 61)
(28, 158, 1, 27, 140)
(78, 309, 129, 0, 97)
(290, 18, 29, 8, 58)
(303, 299, 0, 0, 195)
(0, 254, 10, 2, 13)
(238, 80, 32, 6, 54)
(64, 267, 9, 2, 155)
(313, 319, 0, 0, 11)
(303, 212, 4, 4, 5)
(48, 299, 138, 0, 33)
(180, 317, 5, 3, 71)
(210, 205, 8, 5, 117)
(6, 146, 53, 1, 63)
(120, 319, 102, 0, 58)
(319, 210, 0, 87, 243)
(211, 252, 10, 2, 101)
(206, 247, 81, 0, 87)
(249, 215, 1, 13, 41)
(111, 191, 10, 19, 117)
(231, 29, 10, 2, 106)
(319, 44, 0, 178, 42)
(228, 80, 64, 0, 162)
(203, 148, 4, 4, 126)
(259, 271, 0, 8, 215)
(226, 319, 10, 1, 55)
(226, 288, 2, 0, 196)
(271, 50, 14, 2, 49)
(76, 219, 14, 18, 245)
(235, 278, 0, 0, 29)
(12, 157, 63, 0, 215)
(73, 286, 0, 4, 217)
(303, 297, 16, 0, 116)
(308, 145, 0, 47, 35)
(118, 313, 66, 0, 186)
(282, 43, 11, 3, 46)
(302, 266, 0, 8, 56)
(111, 319, 194, 0, 255)
(85, 267, 8, 2, 217)
(205, 205, 94, 0, 9)
(289, 7, 12, 10, 91)
(76, 253, 83, 0, 81)
(183, 302, 83, 0, 62)
(259, 237, 5, 4, 39)
(233, 197, 2, 29, 121)
(270, 188, 1, 18, 131)
(263, 319, 27, 0, 56)
(73, 241, 78, 0, 0)
(3, 182, 3, 18, 71)
(279, 112, 3, 3, 72)
(258, 54, 0, 83, 136)
(289, 319, 30, 0, 7)
(319, 309, 0, 6, 180)
(258, 170, 4, 40, 118)
(177, 238, 21, 1, 182)
(272, 292, 12, 4, 57)
(263, 256, 7, 13, 65)
(269, 296, 3, 0, 72)
(59, 319, 85, 0, 60)
(195, 169, 3, 13, 86)
(319, 217, 0, 49, 143)
(314, 278, 1, 0, 0)
(102, 271, 2, 20, 204)
(38, 226, 3, 0, 207)
(291, 303, 50, 0, 122)
(12, 130, 50, 5, 221)
(91, 235, 14, 15, 242)
(289, 53, 1, 15, 19)
(303, 135, 0, 62, 207)
(311, 244, 8, 0, 17)
(174, 281, 25, 0, 18)
(8, 119, 10, 6, 185)
(319, 1, 0, 125, 195)
(232, 319, 87, 0, 170)
(319, 116, 0, 15, 239)
(319, 184, 0, 61, 255)
(286, 297, 28, 0, 255)
(77, 292, 132, 0, 65)
(319, 291, 0, 0, 213)
(312, 319, 4, 17, 45)
(177, 234, 13, 4, 248)
(90, 72, 4, 34, 147)
(262, 296, 40, 2, 52)
(287, 132, 3, 33, 71)
(280, 254, 31, 0, 75)
(306, 319, 1, 0, 247)
(192, 0, 11, 10, 59)
(143, 275, 5, 28, 28)
(289, 0, 0, 158, 53)
(195, 211, 2, 12, 206)
(240, 112, 3, 14, 56)
(314, 1, 12, 13, 85)
(135, 319, 106, 0, 214)
(115, 241, 11, 23, 108)
(317, 301, 0, 0, 121)
(283, 319, 7, 1, 46)
(213, 282, 95, 0, 26)
(304, 307, 3, 12, 49)
(72, 312, 8, 4, 229)
(176, 0, 5, 43, 36)
(302, 191, 14, 18, 10)
(282, 172, 2, 6, 96)
(221, 301, 17, 0, 202)
(49, 114, 41, 1, 189)
(319, 112, 0, 172, 119)
(299, 267, 4, 10, 58)
(57, 319, 174, 0, 197)
(66, 255, 7, 10, 245)
(161, 319, 130, 0, 6)
(26, 277, 20, 0, 113)
(319, 229, 0, 0, 66)
(117, 304, 8, 2, 57)
(240, 319, 18, 0, 255)
(306, 312, 4, 0, 0)
(212, 300, 5, 2, 49)
(64, 251, 4, 5, 167)
(50, 283, 40, 5, 246)
(232, 319, 54, 0, 152)
(282, 150, 37, 0, 209)
(319, 285, 15, 0, 233)
(0, 220, 11, 5, 32)
(300, 314, 8, 3, 51)
(262, 289, 7, 3, 47)
(182, 38, 17, 1, 107)
(237, 11, 0, 104, 206)
(246, 309, 10, 5, 47)
(32, 0, 62, 13, 162)
(263, 218, 5, 2, 81)
(249, 32, 0, 54, 7)
(240, 295, 22, 0, 25)
(281, 246, 9, 7, 21)
(279, 179, 0, 140, 188)
(177, 314, 120, 0, 156)
(304, 319, 12, 0, 183)
(55, 298, 18, 2, 214)
(276, 223, 12, 2, 20)
(210, 52, 13, 18, 23)
(30, 46, 238, 0, 129)
(2, 168, 1, 7, 116)
(293, 62, 0, 208, 237)
(319, 224, 0, 78, 253)
(164, 54, 9, 9, 31)
(187, 143, 2, 25, 239)
(40, 148, 6, 17, 213)
(244, 249, 15, 2, 26)
(0, 104, 5, 6, 225)
(198, 257, 29, 0, 11)
(319, 311, 8, 0, 219)
(198, 136, 0, 0, 163)
(305, 291, 0, 0, 105)
(260, 138, 0, 1, 242)
(294, 160, 7, 17, 62)
(238, 216, 24, 0, 51)
(220, 6, 13, 6, 122)
(284, 217, 0, 22, 195)
(281, 243, 37, 0, 64)
(319, 164, 0, 42, 216)
(106, 297, 0, 0, 54)
(198, 222, 1, 15, 170)
(295, 216, 6, 5, 16)
(84, 319, 0, 0, 223)
(0, 115, 7, 10, 77)
(103, 104, 5, 33, 132)
(319, 196, 0, 0, 0)
(72, 211, 87, 0, 53)
(0, 312, 22, 2, 234)
(310, 2, 0, 92, 217)
(300, 289, 10, 2, 50)
(306, 313, 0, 2, 126)
(300, 55, 0, 146, 182)
(68, 271, 0, 18, 0)
(305, 163, 5, 5, 22)
(319, 319, 0, 0, 76)
(67, 221, 6, 4, 93)
(288, 49, 7, 9, 40)
(63, 179, 3, 6, 37)
(218, 299, 4, 5, 62)
(162, 319, 8, 33, 55)
(7, 228, 4, 3, 215)
(209, 318, 10, 5, 62)
(165, 305, 39, 0, 169)
(282, 154, 15, 7, 72)
(312, 124, 7, 2, 37)
(129, 124, 1, 14, 105)
(244, 271, 15, 3, 71)
(24, 313, 220, 0, 113)
(249, 176, 31, 0, 64)
(136, 95, 2, 7, 112)
(31, 277, 8, 2, 190)
(185, 319, 48, 0, 170)
(180, 297, 116, 0, 82)
(248, 201, 1, 18, 47)
(319, 206, 0, 30, 37)
(305, 284, 0, 35, 122)
(9, 296, 15, 5, 239)
(72, 170, 29, 11, 210)
(165, 319, 89, 0, 178)
(100, 319, 202, 0, 51)
(240, 231, 0, 16, 22)
(247, 188, 0, 20, 62)
(319, 121, 0, 76, 0)
(319, 167, 0, 81, 19)
(33, 230, 23, 5, 142)
(42, 177, 4, 6, 154)
(309, 187, 0, 0, 56)
(301, 38, 10, 2, 69)
(319, 297, 0, 8, 118)
(319, 210, 0, 99, 231)
(304, 268, 0, 48, 28)
(235, 302, 0, 2, 249)
(123, 249, 70, 0, 92)
(237, 97, 3, 28, 58)
(289, 101, 9, 3, 58)
(53, 319, 165, 0, 55)
(216, 150, 1, 23, 60)
(318, 66, 6, 7, 82)
(299, 162, 0, 17, 238)
(215, 290, 11, 3, 42)
(229, 149, 1, 30, 20)
(53, 239, 12, 2, 91)
(237, 317, 39, 0, 98)
(302, 118, 0, 61, 169)
(315, 132, 0, 72, 140)
(23, 223, 13, 2, 145)
(278, 60, 0, 0, 0)
(309, 319, 0, 0, 225)
(130, 185, 5, 23, 109)
(36, 105, 13, 5, 52)
(211, 319, 23, 0, 147)
(99, 75, 1, 25, 163)
(319, 43, 0, 144, 160)
(308, 312, 11, 0, 169)
(296, 253, 0, 0, 107)
(232, 220, 1, 12, 17)
(288, 119, 8, 5, 22)
(300, 145, 12, 1, 59)
(109, 319, 102, 0, 227)
(177, 228, 5, 7, 252)
(319, 13, 0, 121, 230)
(180, 265, 7, 9, 106)
(162, 319, 22, 0, 62)
(304, 315, 0, 0, 176)
(306, 252, 0, 31, 177)
(245, 145, 0, 124, 32)
(94, 41, 3, 42, 233)
(215, 285, 83, 0, 168)
(319, 186, 0, 98, 133)
(278, 154, 58, 0, 188)
(283, 102, 3, 3, 24)
(283, 292, 0, 0, 147)
(312, 301, 8, 6, 55)
(127, 319, 66, 0, 101)
(206, 319, 5, 0, 0)
(319, 143, 0, 0, 91)
(319, 319, 0, 0, 255)
(233, 105, 6, 6, 83)
(100, 168, 4, 14, 171)
(319, 233, 0, 81, 197)
(254, 255, 0, 0, 184)
(225, 237, 10, 4, 25)
(281, 282, 0, 0, 83)
(219, 308, 9, 2, 66)
(279, 241, 0, 78, 138)
(232, 300, 0, 0, 213)
(0, 299, 10, 3, 244)
(65, 196, 17, 3, 227)
(35, 216, 178, 0, 40)
(154, 8, 7, 23, 46)
(289, 178, 0, 61, 141)
(74, 295, 14, 7, 222)
(229, 285, 90, 0, 117)
(158, 225, 86, 0, 90)
(253, 266, 27, 0, 17)
(309, 54, 11, 2, 29)
(273, 319, 0, 0, 67)
(212, 273, 8, 2, 66)
(177, 145, 4, 13, 173)
(235, 204, 13, 6, 69)
(279, 209, 2, 3, 133)
(263, 61, 3, 6, 10)
(319, 291, 0, 0, 203)
(227, 313, 37, 0, 211)
(235, 305, 2, 5, 55)
(222, 20, 4, 8, 59)
(179, 45, 1, 60, 183)
(120, 35, 10, 5, 112)
(230, 310, 67, 0, 229)
(269, 88, 34, 2, 35)
(284, 303, 0, 0, 59)
(319, 210, 0, 0, 211)
(287, 113, 0, 34, 23)
(250, 85, 38, 1, 48)
(152, 184, 163, 0, 0)
(181, 319, 31, 0, 73)
(227, 241, 3, 13, 37)
(305, 247, 0, 18, 161)
(249, 301, 0, 0, 177)
(309, 129, 0, 53, 143)
(257, 286, 17, 1, 47)
(313, 56, 0, 133, 80)
(258, 32, 22, 1, 68)
(72, 283, 5, 0, 94)
(319, 270, 0, 63, 0)
(319, 28, 0, 124, 190)
(8, 315, 15, 4, 223)
(197, 15, 14, 12, 42)
(319, 24, 0, 175, 107)
(216, 126, 13, 34, 23)
(260, 319, 59, 0, 115)
(108, 197, 1, 59, 133)
(244, 301, 8, 3, 47)
(288, 134, 9, 2, 29)
(245, 247, 10, 2, 28)
(319, 276, 0, 0, 185)
(319, 48, 0, 27, 90)
(319, 178, 0, 0, 227)
(291, 314, 4, 1, 45)
(61, 319, 73, 0, 19)
(173, 229, 0, 40, 237)
(294, 202, 6, 3, 87)
(319, 210, 0, 88, 177)
(119, 274, 5, 11, 99)
(15, 190, 10, 6, 113)
(187, 317, 121, 0, 110)
(319, 298, 0, 0, 237)
(112, 66, 24, 9, 107)
(62, 272, 3, 23, 250)
(284, 22, 10, 1, 74)
(96, 291, 8, 2, 211)
(294, 45, 0, 239, 148)
(304, 174, 4, 3, 79)
(258, 18, 8, 7, 103)
(255, 227, 4, 20, 26)
(272, 257, 0, 0, 0)
(120, 15, 5, 5, 105)
(291, 224, 6, 0, 235)
(273, 196, 1, 32, 36)
(67, 120, 15, 5, 96)
(201, 8, 5, 3, 44)
(306, 128, 0, 42, 255)
(48, 126, 11, 5, 166)
(302, 146, 3, 22, 31)
(122, 319, 27, 5, 61)
(289, 106, 10, 15, 12)
(131, 247, 5, 9, 105)
(162, 0, 10, 11, 66)
(151, 164, 13, 0, 174)
(12, 151, 0, 6, 209)
(305, 227, 10, 0, 160)
(312, 204, 2, 3, 46)
(319, 254, 0, 3, 142)
(72, 210, 4, 8, 223)
(299, 128, 0, 133, 33)
(280, 212, 0, 96, 161)
(299, 291, 5, 6, 51)
(246, 319, 17, 0, 16)
(269, 153, 2, 2, 104)
(109, 208, 174, 0, 156)
(154, 241, 87, 0, 38)
(319, 132, 21, 28, 61)
(62, 281, 230, 0, 128)
(234, 68, 11, 13, 71)
(235, 288, 58, 1, 51)
(127, 314, 12, 4, 69)
(99, 267, 215, 0, 255)
(319, 222, 0, 20, 147)
(276, 163, 1, 14, 83)
(263, 313, 0, 0, 74)
(290, 228, 27, 1, 58)
(19, 259, 3, 15, 150)
(241, 255, 11, 3, 57)
(304, 116, 15, 1, 67)
(303, 209, 0, 110, 105)
(54, 198, 35, 0, 108)
(152, 319, 5, 0, 131)
(175, 252, 2, 11, 33)
(119, 319, 77, 0, 141)
(282, 166, 2, 3, 80)
(223, 318, 96, 0, 247)
(232, 259, 4, 4, 72)
(264, 317, 0, 0, 163)
(282, 319, 2, 0, 125)
(5, 255, 40, 2, 142)
(214, 173, 2, 36, 111)
(313, 181, 0, 69, 223)
(248, 25, 0, 68, 142)
(298, 319, 16, 0, 37)
(110, 266, 149, 0, 12)
(73, 164, 14, 6, 76)
(285, 78, 24, 6, 47)
(294, 301, 15, 0, 21)
(307, 36, 0, 283, 30)
(294, 319, 24, 0, 157)
(282, 280, 4, 7, 57)
(319, 90, 0, 180, 0)
(302, 209, 10, 8, 8)
(16, 62, 7, 9, 141)
(319, 228, 0, 4, 19)
(51, 305, 0, 0, 21)
(175, 182, 1, 10, 133)
(202, 257, 18, 3, 89)
(287, 225, 0, 44, 98)
(273, 189, 1, 11, 83)
(263, 73, 3, 10, 58)
(180, 275, 0, 0, 139)
(65, 220, 2, 2, 98)
(180, 163, 2, 1, 173)
(151, 318, 28, 0, 119)
(267, 240, 0, 5, 235)
(0, 245, 9, 0, 222)
(214, 232, 0, 8, 214)
(159, 273, 23, 3, 25)
(207, 289, 9, 3, 51)
(208, 319, 0, 0, 137)
(258, 264, 17, 3, 64)
(287, 278, 0, 9, 160)
(193, 84, 2, 55, 151)
(197, 302, 11, 1, 76)
(309, 243, 17, 7, 18)
(170, 58, 1, 83, 24)
(231, 70, 0, 233, 0)
(62, 12, 34, 15, 166)
(282, 218, 7, 4, 6)
(218, 25, 0, 247, 178)
(272, 284, 3, 4, 49)
(198, 311, 0, 8, 3)
(273, 166, 0, 128, 100)
(128, 296, 146, 0, 33)
(51, 319, 99, 0, 73)
(29, 307, 12, 5, 232)
(277, 153, 4, 6, 42)
(259, 284, 0, 0, 0)
(72, 319, 131, 0, 0)
(177, 314, 2, 6, 51)
(298, 135, 6, 3, 21)
(20, 231, 5, 4, 113)
(288, 262, 0, 13, 42)
(319, 119, 0, 30, 95)
(68, 186, 28, 1, 220)
(284, 233, 0, 67, 255)
(221, 282, 28, 0, 219)
(145, 258, 53, 0, 43)
(171, 153, 2, 43, 27)
(233, 317, 20, 0, 251)
(319, 153, 0, 0, 28)
(256, 197, 1, 9, 76)
(92, 288, 227, 0, 82)
(27, 207, 13, 10, 95)
(135, 319, 0, 0, 219)
(309, 153, 7, 1, 95)
(240, 293, 28, 0, 203)
(256, 106, 14, 4, 46)
(0, 292, 0, 27, 14)
(281, 319, 0, 0, 161)
(200, 314, 2, 2, 57)
(158, 319, 16, 0, 69)
(306, 50, 2, 7, 46)
(111, 307, 23, 1, 82)
(251, 272, 0, 23, 191)
(231, 319, 0, 0, 121)
(130, 14, 7, 9, 85)
(116, 263, 16, 5, 99)
(0, 319, 203, 0, 59)
(288, 307, 31, 1, 51)
(96, 119, 6, 30, 232)
(294, 46, 0, 122, 71)
(241, 283, 4, 0, 102)
(64, 162, 7, 11, 215)
(121, 319, 64, 0, 36)
(93, 305, 5, 2, 239)
(247, 256, 0, 46, 214)
(291, 180, 1, 18, 78)
(180, 222, 0, 18, 185)
(282, 195, 0, 32, 109)
(52, 122, 7, 2, 86)
(165, 292, 65, 0, 117)
(296, 317, 5, 2, 43)
(93, 169, 0, 140, 234)
(230, 94, 12, 3, 32)
(319, 78, 0, 119, 69)
(296, 0, 0, 40, 94)
(146, 292, 0, 9, 57)
(69, 281, 5, 17, 240)
(312, 36, 9, 2, 65)
(319, 248, 0, 0, 142)
(319, 10, 0, 56, 61)
(275, 319, 18, 0, 135)
(23, 292, 91, 0, 37)
(177, 319, 58, 0, 89)
(276, 167, 0, 41, 133)
(176, 196, 17, 2, 230)
(294, 268, 0, 30, 193)
(96, 158, 0, 27, 111)
(309, 138, 10, 0, 22)
(173, 169, 1, 65, 38)
(306, 285, 13, 0, 143)
(276, 189, 2, 9, 40)
(132, 38, 6, 25, 77)
(298, 319, 0, 0, 151)
(316, 227, 0, 0, 158)
(127, 18, 0, 301, 9)
(104, 0, 10, 3, 113)
(59, 313, 15, 5, 223)
(319, 88, 0, 97, 243)
(234, 319, 30, 0, 253)
(302, 306, 0, 0, 96)
(63, 27, 0, 161, 255)
(297, 147, 4, 9, 40)
(167, 251, 47, 0, 242)
(104, 285, 1, 22, 191)
(301, 266, 0, 0, 233)
(104, 319, 78, 0, 28)
(228, 312, 83, 0, 160)
(319, 278, 0, 16, 83)
(287, 0, 0, 263, 102)
(263, 28, 25, 0, 5)
(298, 244, 0, 29, 82)
(176, 319, 15, 0, 123)
(194, 24, 8, 12, 34)
(294, 212, 0, 103, 255)
(219, 319, 4, 0, 28)
(315, 69, 0, 115, 211)
(291, 236, 27, 1, 60)
(232, 242, 0, 27, 12)
(213, 1, 0, 318, 160)
(190, 279, 30, 1, 63)
(63, 14, 0, 134, 231)
(319, 0, 0, 131, 119)
(164, 271, 7, 23, 24)
(95, 302, 139, 0, 179)
(315, 90, 0, 202, 211)
(276, 255, 17, 3, 62)
(46, 319, 60, 0, 0)
(78, 236, 0, 31, 88)
(123, 232, 52, 0, 67)
(160, 64, 1, 94, 22)
(28, 314, 12, 2, 222)
(172, 80, 1, 16, 17)
(277, 230, 20, 1, 41)
(60, 75, 5, 30, 149)
(291, 291, 0, 0, 139)
(319, 319, 0, 0, 226)
(237, 280, 51, 0, 28)
(310, 103, 22, 3, 47)
(282, 319, 24, 0, 201)
(165, 295, 12, 6, 15)
(117, 294, 0, 25, 255)
(278, 200, 1, 7, 76)
(312, 267, 25, 0, 168)
(263, 278, 0, 2, 0)
(319, 185, 0, 0, 74)
(317, 299, 2, 0, 176)
(230, 40, 11, 2, 84)
(302, 135, 0, 32, 169)
(71, 76, 13, 32, 172)
(0, 207, 34, 2, 118)
(319, 132, 0, 52, 0)
(312, 26, 7, 1, 39)
(62, 230, 165, 0, 87)
(319, 319, 0, 0, 158)
(312, 266, 0, 30, 137)
(212, 319, 71, 0, 150)
(295, 174, 4, 13, 71)
(258, 177, 0, 59, 151)
(168, 270, 10, 0, 163)
(270, 308, 13, 2, 52)
(319, 179, 0, 182, 226)
(189, 30, 0, 177, 247)
(293, 245, 0, 12, 29)
(303, 295, 16, 0, 93)
(280, 278, 8, 1, 51)
(222, 100, 3, 24, 36)
(1, 154, 4, 22, 113)
(227, 223, 0, 46, 78)
(195, 306, 5, 3, 56)
(294, 110, 0, 60, 153)
(105, 31, 3, 22, 120)
(316, 231, 0, 0, 175)
(310, 22, 0, 38, 211)
(319, 248, 0, 0, 105)
(292, 233, 28, 2, 60)
(81, 291, 126, 0, 48)
(189, 319, 49, 0, 196)
(67, 308, 6, 0, 253)
(196, 319, 16, 0, 223)
(19, 319, 0, 3, 196)
(81, 300, 24, 2, 205)
(319, 30, 0, 91, 130)
(232, 191, 16, 11, 81)
(204, 279, 0, 6, 125)
(310, 209, 0, 30, 117)
(96, 83, 3, 20, 215)
(105, 319, 186, 0, 142)
(319, 55, 0, 66, 229)
(308, 160, 4, 2, 60)
(101, 319, 184, 0, 148)
(319, 154, 0, 51, 106)
(71, 263, 43, 0, 241)
(86, 311, 4, 2, 211)
(33, 300, 220, 0, 67)
(305, 220, 14, 0, 0)
(319, 47, 0, 121, 67)
(11, 60, 3, 10, 235)
(83, 251, 22, 2, 250)
(52, 75, 5, 36, 129)
(317, 143, 45, 2, 49)
(288, 165, 1, 29, 50)
(144, 310, 13, 2, 55)
(109, 234, 11, 6, 129)
(304, 156, 14, 1, 45)
(15, 319, 246, 0, 7)
(141, 319, 105, 0, 126)
(292, 198, 0, 85, 106)
(260, 319, 0, 0, 0)
(319, 319, 0, 10, 113)
(292, 58, 0, 104, 112)
(27, 181, 1, 24, 168)
(96, 319, 135, 0, 128)
(276, 319, 0, 7, 50)
(166, 319, 70, 0, 199)
(319, 137, 0, 182, 73)
(318, 283, 0, 29, 230)
(234, 133, 10, 11, 107)
(301, 311, 22, 0, 235)
(25, 260, 1, 5, 171)
(275, 275, 25, 0, 112)
(106, 188, 9, 11, 113)
(296, 287, 0, 0, 70)
(188, 272, 0, 0, 151)
(70, 217, 3, 10, 153)
(154, 219, 84, 0, 222)
(319, 106, 0, 14, 69)
(28, 319, 166, 0, 116)
(290, 148, 0, 121, 241)
(154, 319, 17, 0, 182)
(302, 271, 17, 6, 53)
(285, 206, 6, 5, 29)
(292, 292, 0, 27, 227)
(296, 212, 3, 5, 53)
(266, 55, 0, 258, 98)
(119, 291, 13, 4, 80)
(274, 0, 14, 9, 101)
(23, 270, 51, 0, 71)
(50, 86, 3, 26, 119)
(316, 144, 3, 0, 176)
(257, 319, 45, 0, 166)
(319, 255, 0, 39, 118)
(124, 154, 2, 57, 112)
(247, 241, 0, 78, 17)
(0, 60, 4, 7, 230)
(319, 12, 0, 289, 64)
(283, 112, 8, 6, 26)
(319, 270, 0, 7, 20)
(319, 232, 0, 2, 3)
(154, 250, 125, 0, 228)
(99, 172, 29, 0, 51)
(161, 233, 137, 0, 38)
(65, 161, 0, 49, 109)
(319, 308, 0, 30, 75)
(211, 22, 5, 7, 54)
(287, 36, 0, 0, 4)
(284, 298, 35, 0, 212)
(280, 283, 0, 11, 4)
(11, 319, 176, 0, 248)
(244, 313, 0, 0, 205)
(312, 129, 6, 1, 30)
(0, 319, 19, 1, 222)
(228, 273, 15, 2, 58)
(291, 222, 19, 0, 71)
(319, 195, 0, 0, 136)
(177, 47, 10, 13, 162)
(11, 310, 0, 9, 144)
(302, 319, 0, 0, 89)
(5, 306, 9, 5, 240)
(166, 195, 0, 126, 45)
(311, 138, 0, 107, 168)
(30, 319, 265, 0, 44)
(263, 144, 8, 5, 44)
(88, 308, 220, 0, 185)
(49, 319, 122, 0, 187)
(2, 72, 16, 1, 156)
(106, 209, 1, 51, 199)
(226, 223, 2, 12, 38)
(283, 314, 14, 0, 63)
(202, 263, 31, 3, 83)
(238, 290, 0, 0, 188)
(183, 318, 34, 0, 3)
(246, 303, 17, 0, 14)
(315, 255, 9, 1, 44)
(162, 94, 6, 26, 33)
(220, 68, 68, 0, 109)
(17, 155, 3, 22, 115)
(276, 194, 1, 3, 35)
(85, 16, 11, 0, 45)
(274, 164, 3, 4, 46)
(319, 302, 0, 0, 154)
(319, 241, 0, 15, 0)
(281, 212, 0, 73, 134)
(49, 244, 120, 0, 63)
(316, 265, 0, 7, 45)
(319, 258, 0, 17, 50)
(46, 245, 10, 1, 30)
(228, 257, 10, 1, 35)
(148, 319, 102, 0, 161)
(223, 16, 24, 0, 135)
(121, 12, 16, 3, 71)
(317, 286, 7, 0, 123)
(266, 241, 14, 0, 255)
(311, 137, 17, 4, 50)
(319, 154, 0, 11, 108)
(60, 305, 10, 2, 225)
(283, 57, 0, 100, 62)
(162, 252, 11, 5, 21)
(299, 181, 16, 1, 55)
(304, 113, 0, 0, 70)
(186, 163, 5, 10, 213)
(296, 296, 0, 0, 216)
(243, 127, 0, 12, 44)
(319, 178, 0, 76, 44)
(181, 305, 1, 0, 58)
(305, 310, 14, 0, 132)
(65, 224, 7, 1, 67)
(203, 286, 75, 0, 98)
(229, 130, 1, 12, 65)
(197, 216, 1, 29, 197)
(319, 319, 0, 0, 46)
(297, 179, 22, 1, 55)
(156, 319, 43, 0, 228)
(114, 319, 52, 0, 140)
(283, 277, 0, 6, 231)
(146, 289, 151, 0, 120)
(174, 126, 1, 19, 153)
(209, 96, 5, 11, 101)
(160, 269, 7, 3, 15)
(291, 293, 7, 0, 90)
(221, 294, 35, 0, 138)
(315, 0, 0, 81, 52)
(315, 154, 5, 1, 88)
(63, 262, 7, 2, 227)
(319, 240, 0, 11, 45)
(319, 36, 0, 70, 67)
(87, 286, 0, 47, 216)
(10, 277, 309, 0, 81)
(40, 239, 5, 2, 205)
(193, 296, 3, 4, 55)
(283, 29, 0, 178, 228)
(35, 138, 22, 3, 47)
(183, 187, 0, 50, 54)
(319, 70, 0, 95, 32)
(301, 139, 3, 3, 77)
(108, 236, 141, 0, 151)
(100, 3, 3, 3, 111)
(257, 259, 29, 0, 179)
(319, 173, 0, 126, 2)
(153, 310, 91, 0, 149)
(77, 319, 17, 0, 32)
(237, 243, 55, 0, 128)
(203, 313, 5, 6, 76)
(319, 283, 0, 27, 255)
(23, 262, 1, 11, 55)
(279, 303, 0, 6, 213)
(314, 120, 0, 1, 165)
(313, 185, 1, 1, 11)
(0, 0, 67, 5, 160)
(241, 131, 2, 8, 101)
(319, 297, 0, 21, 158)
(308, 40, 0, 101, 40)
(304, 192, 3, 14, 18)
(273, 314, 3, 4, 51)
(174, 169, 1, 32, 23)
(185, 271, 11, 3, 90)
(319, 217, 0, 33, 254)
(154, 319, 114, 0, 224)
(191, 228, 22, 0, 217)
(283, 149, 0, 6, 49)
(250, 96, 18, 0, 198)
(143, 306, 1, 0, 101)
(243, 47, 18, 4, 75)
(11, 300, 226, 0, 173)
(304, 129, 7, 1, 56)
(240, 317, 53, 0, 82)
(273, 306, 11, 2, 51)
(158, 248, 32, 0, 134)
(181, 80, 1, 62, 236)
(308, 237, 0, 76, 89)
(259, 302, 50, 0, 177)
(243, 319, 0, 0, 179)
(299, 144, 0, 110, 0)
(112, 134, 18, 7, 107)
(39, 204, 11, 6, 95)
(252, 303, 0, 0, 82)
(130, 304, 118, 0, 43)
(235, 46, 2, 4, 33)
(249, 223, 0, 25, 223)
(311, 185, 0, 0, 231)
(319, 215, 0, 30, 198)
(158, 274, 2, 14, 33)
(308, 225, 0, 51, 126)
(287, 297, 5, 3, 49)
(130, 153, 3, 47, 110)
(296, 132, 0, 106, 250)
(319, 304, 0, 0, 187)
(287, 263, 0, 45, 25)
(0, 302, 1, 0, 107)
(253, 289, 0, 0, 214)
(63, 316, 251, 0, 67)
(64, 310, 168, 0, 172)
(291, 68, 28, 3, 85)
(112, 43, 9, 25, 94)
(281, 113, 0, 63, 255)
(291, 136, 5, 5, 37)
(303, 292, 16, 0, 98)
(282, 173, 0, 89, 35)
(196, 280, 0, 39, 180)
(256, 302, 12, 1, 51)
(314, 118, 0, 25, 207)
(279, 319, 17, 0, 255)
(160, 319, 127, 0, 168)
(78, 189, 5, 4, 101)
(112, 290, 48, 0, 84)
(235, 319, 2, 0, 181)
(4, 283, 56, 0, 235)
(70, 319, 207, 0, 86)
(292, 256, 30, 4, 60)
(232, 153, 31, 0, 128)
(291, 319, 6, 0, 41)
(0, 300, 65, 0, 89)
(306, 1, 0, 30, 59)
(192, 182, 1, 9, 156)
(307, 100, 12, 2, 27)
(219, 232, 1, 8, 73)
(170, 318, 0, 1, 71)
(263, 156, 11, 0, 208)
(308, 317, 11, 0, 255)
(81, 162, 0, 12, 188)
(197, 286, 19, 2, 61)
(261, 252, 0, 10, 162)
(308, 248, 0, 0, 147)
(222, 46, 0, 0, 89)
(140, 306, 19, 0, 182)
(64, 319, 10, 0, 253)
(244, 92, 6, 17, 17)
(293, 90, 0, 129, 63)
(319, 154, 0, 104, 82)
(0, 206, 0, 36, 181)
(0, 188, 23, 0, 198)
(13, 156, 2, 11, 105)
(304, 83, 15, 5, 35)
(270, 93, 16, 3, 50)
(280, 216, 0, 0, 107)
(97, 0, 1, 48, 153)
(229, 192, 1, 28, 32)
(271, 252, 49, 1, 21)
(313, 257, 0, 0, 88)
(295, 301, 9, 3, 56)
(0, 275, 161, 0, 70)
(213, 319, 87, 0, 53)
(172, 291, 7, 5, 15)
(298, 264, 21, 0, 47)
(252, 121, 3, 3, 67)
(32, 117, 28, 2, 136)
(311, 319, 10, 0, 89)
(106, 311, 10, 8, 75)
(101, 301, 2, 3, 219)
(319, 170, 0, 10, 134)
(122, 214, 8, 23, 120)
(105, 207, 3, 11, 167)
(319, 272, 27, 0, 19)
(240, 282, 40, 0, 63)
(219, 246, 0, 14, 235)
(248, 288, 54, 0, 40)
(141, 277, 1, 22, 54)
(317, 215, 25, 2, 10)
(304, 96, 0, 66, 4)
(244, 264, 33, 1, 65)
(304, 31, 3, 5, 48)
(34, 55, 41, 0, 16)
(280, 269, 0, 46, 204)
(314, 83, 0, 0, 154)
(225, 319, 13, 0, 72)
(74, 280, 190, 0, 114)
(256, 140, 3, 1, 41)
(102, 209, 2, 22, 245)
(319, 307, 0, 6, 38)
(151, 319, 165, 0, 3)
(66, 148, 0, 133, 148)
(319, 67, 0, 0, 218)
(61, 166, 1, 25, 170)
(272, 221, 4, 3, 77)
(282, 54, 7, 3, 66)
(33, 150, 7, 18, 93)
(217, 319, 14, 0, 35)
(232, 305, 19, 1, 54)
(288, 303, 0, 6, 0)
(319, 302, 0, 18, 175)
(197, 272, 87, 0, 0)
(318, 205, 1, 2, 85)
(315, 187, 0, 72, 123)
(149, 183, 4, 55, 25)
(160, 257, 11, 9, 30)
(319, 242, 0, 71, 131)
(141, 275, 46, 0, 118)
(264, 318, 4, 2, 48)
(199, 307, 0, 0, 174)
(319, 275, 0, 0, 56)
(262, 231, 14, 5, 74)
(191, 296, 28, 0, 163)
(49, 114, 13, 3, 174)
(288, 151, 0, 97, 167)
(0, 307, 4, 1, 223)
(66, 203, 220, 0, 29)
(143, 301, 0, 8, 222)
(305, 240, 0, 49, 230)
(266, 0, 0, 118, 27)
(319, 37, 0, 98, 24)
(303, 177, 13, 2, 29)
(319, 147, 0, 118, 187)
(311, 308, 0, 0, 230)
(142, 282, 52, 0, 236)
(312, 319, 0, 0, 121)
(259, 319, 51, 0, 18)
(60, 197, 1, 21, 208)
(209, 107, 4, 17, 130)
(23, 151, 211, 0, 113)
(260, 98, 0, 80, 170)
(299, 277, 20, 2, 50)
(308, 279, 0, 19, 0)
(314, 230, 0, 54, 196)
(118, 319, 139, 0, 178)
(77, 221, 16, 5, 248)
(296, 164, 6, 4, 57)
(212, 36, 12, 8, 41)
(75, 274, 0, 8, 65)
(293, 222, 0, 38, 1)
(147, 274, 77, 0, 110)
(205, 217, 10, 5, 146)
(88, 289, 65, 0, 121)
(288, 308, 16, 1, 48)
(253, 112, 0, 103, 92)
(289, 318, 0, 0, 98)
(288, 299, 16, 0, 26)
(272, 319, 0, 17, 170)
(51, 310, 213, 0, 37)
(303, 112, 16, 1, 67)
(319, 102, 0, 0, 0)
(236, 295, 0, 24, 152)
(242, 319, 0, 0, 115)
(102, 106, 6, 6, 128)
(111, 272, 5, 20, 110)
(317, 312, 0, 7, 29)
(221, 304, 16, 0, 78)
(46, 319, 172, 0, 0)
(231, 264, 81, 0, 178)
(0, 310, 184, 0, 200)
(192, 319, 2, 26, 66)
(319, 165, 0, 34, 89)
(319, 233, 0, 29, 150)
(206, 4, 5, 15, 55)
(34, 241, 5, 2, 163)
(152, 149, 0, 154, 191)
(235, 291, 0, 0, 29)
(112, 319, 41, 0, 134)
(222, 156, 1, 20, 20)
(296, 270, 23, 0, 218)
(165, 319, 148, 0, 82)
(227, 259, 43, 1, 64)
(291, 208, 3, 2, 58)
(273, 221, 2, 8, 51)
(301, 124, 0, 0, 198)
(319, 207, 0, 51, 35)
(147, 74, 1, 81, 23)
(233, 317, 53, 0, 102)
(178, 319, 0, 0, 32)
(218, 303, 77, 0, 138)
(185, 291, 4, 0, 180)
(319, 5, 0, 165, 217)
(248, 234, 3, 6, 82)
(167, 304, 0, 15, 8)
(255, 40, 53, 1, 58)
(198, 318, 48, 0, 94)
(296, 319, 23, 0, 46)
(319, 0, 0, 5, 202)
(102, 12, 5, 15, 139)
(73, 267, 67, 0, 96)
(196, 300, 123, 0, 120)
(65, 194, 36, 4, 228)
(193, 313, 5, 4, 59)
(297, 229, 4, 3, 25)
(265, 248, 11, 1, 23)
(193, 125, 0, 50, 27)
(294, 281, 4, 4, 58)
(291, 279, 0, 0, 37)
(319, 178, 0, 0, 118)
(153, 274, 2, 18, 21)
(160, 182, 1, 61, 34)
(199, 242, 2, 17, 159)
(257, 313, 18, 0, 42)
(297, 139, 14, 0, 251)
(104, 319, 48, 0, 213)
(122, 28, 54, 0, 151)
(183, 113, 2, 57, 244)
(318, 0, 0, 42, 55)
(319, 296, 0, 12, 220)
(319, 245, 0, 95, 142)
(276, 100, 9, 6, 34)
(298, 316, 16, 0, 159)
(161, 319, 7, 0, 23)
(317, 12, 3, 5, 61)
(299, 254, 0, 0, 170)
(296, 138, 0, 57, 197)
(314, 251, 12, 0, 116)
(319, 280, 0, 10, 45)
(319, 297, 0, 0, 173)
(202, 305, 6, 3, 83)
(236, 296, 0, 23, 90)
(244, 296, 0, 0, 212)
(319, 261, 0, 4, 25)
(287, 317, 0, 0, 247)
(175, 308, 36, 0, 137)
(135, 308, 7, 2, 65)
(155, 261, 0, 53, 14)
(310, 318, 9, 1, 46)
(244, 319, 0, 0, 137)
(317, 207, 1, 9, 1)
(208, 84, 4, 11, 77)
(312, 271, 23, 0, 88)
(266, 319, 15, 0, 187)
(319, 32, 0, 56, 126)
(295, 134, 0, 174, 61)
(187, 257, 0, 30, 0)
(110, 319, 104, 0, 23)
(237, 167, 9, 11, 84)
(272, 319, 0, 17, 64)
(232, 319, 10, 0, 193)
(319, 149, 0, 63, 111)
(307, 143, 3, 2, 88)
(313, 15, 0, 131, 139)
(252, 98, 5, 11, 35)
(319, 51, 0, 178, 33)
(94, 39, 1, 69, 195)
(287, 319, 0, 0, 148)
(85, 73, 7, 35, 164)
(159, 188, 1, 67, 22)
(67, 319, 246, 0, 99)
(179, 260, 3, 4, 233)
(280, 313, 24, 0, 28)
(11, 135, 27, 1, 226)
(306, 319, 14, 0, 6)
(319, 9, 0, 158, 188)
(46, 234, 0, 0, 142)
(319, 30, 0, 264, 234)
(318, 38, 0, 253, 110)
(299, 261, 0, 42, 196)
(0, 319, 87, 0, 50)
(309, 217, 0, 0, 0)
(319, 295, 0, 24, 111)
(236, 266, 28, 0, 117)
(319, 179, 0, 21, 46)
(22, 248, 13, 2, 82)
(299, 100, 0, 177, 173)
(256, 83, 0, 148, 208)
(316, 216, 2, 1, 29)
(318, 294, 0, 36, 156)
(232, 189, 3, 3, 90)
(132, 319, 14, 0, 119)
(268, 260, 30, 1, 56)
(76, 223, 84, 0, 23)
(319, 298, 0, 12, 164)
(185, 293, 126, 0, 115)
(97, 309, 6, 3, 106)
(178, 319, 68, 0, 237)
(291, 298, 28, 0, 126)
(239, 319, 0, 11, 143)
(32, 275, 24, 2, 191)
(316, 261, 6, 4, 56)
(319, 319, 20, 0, 124)
(319, 44, 0, 22, 171)
(287, 2, 0, 183, 120)
(29, 317, 37, 1, 216)
(312, 218, 0, 55, 8)
(242, 319, 2, 0, 143)
(182, 300, 20, 1, 46)
(307, 2, 0, 25, 178)
(319, 38, 0, 0, 230)
(290, 241, 18, 0, 50)
(273, 204, 0, 93, 239)
(319, 171, 0, 35, 110)
(300, 270, 0, 0, 88)
(297, 310, 22, 0, 22)
(319, 283, 0, 36, 245)
(115, 254, 0, 0, 67)
(319, 174, 0, 87, 16)
(117, 302, 152, 0, 245)
(2, 231, 13, 5, 88)
(319, 319, 0, 0, 90)
(319, 314, 0, 0, 251)
(300, 17, 0, 162, 39)
(283, 53, 0, 140, 178)
(202, 49, 4, 10, 100)
(190, 263, 77, 0, 253)
(204, 222, 2, 11, 136)
(204, 141, 12, 6, 101)
(295, 305, 0, 0, 79)
(129, 234, 107, 0, 229)
(266, 251, 0, 67, 5)
(272, 176, 1, 7, 88)
(186, 58, 2, 76, 166)
(312, 144, 0, 7, 178)
(149, 228, 27, 0, 95)
(230, 296, 58, 0, 178)
(228, 260, 20, 2, 73)
(319, 252, 0, 43, 126)
(220, 140, 1, 18, 18)
(309, 0, 0, 181, 129)
(61, 244, 10, 7, 152)
(290, 174, 0, 0, 115)
(280, 64, 8, 8, 14)
(262, 169, 1, 6, 74)
(319, 145, 0, 55, 97)
(244, 319, 0, 0, 160)
(319, 76, 0, 215, 81)
(230, 316, 16, 0, 0)
(319, 86, 0, 0, 159)
(269, 211, 10, 8, 31)
(43, 319, 137, 0, 44)
(57, 309, 20, 0, 112)
(4, 297, 0, 0, 80)
(15, 151, 1, 32, 63)
(284, 192, 1, 13, 123)
(259, 242, 0, 48, 100)
(309, 23, 0, 154, 244)
(247, 43, 9, 5, 61)
(95, 170, 0, 13, 193)
(113, 258, 11, 0, 171)
(277, 183, 0, 0, 158)
(250, 288, 45, 0, 100)
(302, 146, 4, 10, 23)
(96, 288, 37, 0, 163)
(128, 273, 9, 19, 87)
(133, 286, 4, 9, 93)
(199, 313, 10, 0, 153)
(224, 295, 50, 0, 130)
(0, 290, 165, 0, 73)
(297, 257, 0, 22, 220)
(95, 308, 5, 1, 192)
(304, 319, 0, 0, 10)
(147, 280, 171, 0, 41)
(276, 113, 3, 13, 67)
(197, 260, 80, 0, 83)
(82, 125, 7, 27, 73)
(83, 314, 3, 5, 98)
(308, 0, 9, 4, 91)
(263, 238, 9, 3, 52)
(290, 204, 0, 16, 56)
(176, 300, 5, 3, 35)
(72, 107, 20, 1, 190)
(279, 212, 6, 5, 73)
(119, 310, 100, 0, 134)
(286, 243, 0, 20, 133)
(318, 319, 0, 26, 232)
(301, 245, 2, 10, 19)
(229, 314, 3, 5, 59)
(149, 199, 0, 22, 131)
(319, 271, 0, 4, 110)
(200, 22, 6, 2, 63)
(21, 146, 19, 3, 72)
(151, 319, 30, 0, 123)
(237, 319, 20, 0, 22)
(5, 300, 81, 0, 188)
(268, 228, 3, 0, 6)
(304, 269, 0, 0, 131)
(194, 319, 27, 0, 242)
(284, 170, 1, 8, 28)
(282, 227, 2, 1, 59)
(258, 49, 0, 155, 127)
(216, 294, 7, 3, 58)
(207, 282, 45, 0, 255)
(63, 202, 8, 16, 40)
(82, 319, 80, 0, 85)
(199, 54, 3, 7, 91)
(164, 230, 0, 0, 206)
(9, 319, 283, 0, 129)
(319, 68, 0, 166, 31)
(314, 203, 0, 110, 23)
(34, 294, 73, 0, 204)
(302, 217, 0, 25, 205)
(82, 34, 137, 0, 193)
(106, 283, 81, 0, 167)
(284, 200, 0, 45, 101)
(110, 234, 17, 0, 255)
(300, 239, 19, 0, 19)
(284, 100, 0, 32, 0)
(150, 305, 0, 5, 54)
(319, 48, 0, 119, 21)
(235, 301, 6, 0, 247)
(119, 158, 13, 7, 114)
(144, 123, 3, 31, 26)
(313, 245, 0, 0, 150)
(297, 213, 0, 0, 127)
(218, 65, 62, 0, 25)
(301, 126, 3, 4, 38)
(248, 276, 19, 0, 170)
(6, 210, 6, 5, 67)
(238, 151, 0, 124, 25)
(272, 286, 0, 0, 88)
(248, 0, 9, 27, 111)
(215, 319, 6, 0, 25)
(116, 240, 96, 0, 89)
(0, 29, 24, 16, 168)
(319, 97, 0, 98, 171)
(292, 305, 0, 10, 201)
(284, 276, 0, 20, 97)
(291, 170, 0, 141, 72)
(278, 61, 0, 26, 129)
(176, 223, 1, 21, 148)
(290, 147, 0, 27, 29)
(319, 309, 0, 10, 111)
(66, 301, 211, 0, 86)
(311, 319, 5, 0, 156)
(252, 318, 4, 17, 55)
(166, 319, 0, 0, 198)
(269, 263, 0, 28, 89)
(283, 283, 8, 3, 58)
(270, 220, 0, 11, 120)
(310, 111, 0, 31, 44)
(285, 314, 0, 1, 181)
(105, 124, 0, 36, 142)
(319, 305, 0, 3, 41)
(306, 301, 13, 0, 165)
(280, 172, 2, 15, 25)
(196, 121, 11, 14, 135)
(319, 316, 3, 0, 184)
(28, 251, 6, 3, 204)
(202, 311, 0, 0, 100)
(315, 217, 0, 0, 58)
(300, 251, 0, 15, 255)
(202, 319, 117, 0, 62)
(319, 309, 0, 10, 103)
(68, 241, 127, 0, 195)
(285, 85, 0, 0, 19)
(318, 319, 0, 0, 60)
(205, 42, 0, 70, 41)
(246, 80, 10, 3, 63)
(83, 137, 1, 33, 89)
(291, 183, 0, 28, 7)
(288, 265, 5, 3, 61)
(158, 295, 11, 3, 21)
(231, 285, 0, 0, 255)
(9, 299, 263, 0, 157)
(311, 29, 0, 161, 189)
(152, 186, 0, 0, 178)
(319, 249, 0, 25, 168)
(85, 319, 222, 0, 217)
(293, 209, 15, 0, 44)
(259, 166, 0, 4, 235)
(78, 208, 30, 1, 162)
(16, 296, 0, 23, 195)
(267, 54, 52, 1, 40)
(231, 190, 0, 60, 35)
(89, 76, 2, 46, 162)
(317, 181, 9, 2, 36)
(294, 109, 0, 209, 121)
(189, 284, 6, 1, 56)
(306, 211, 0, 0, 126)
(319, 318, 0, 0, 174)
(171, 317, 8, 2, 56)
(14, 218, 188, 0, 190)
(294, 178, 0, 123, 89)
(150, 280, 0, 0, 161)
(0, 77, 13, 15, 141)
(267, 260, 6, 2, 57)
(265, 190, 4, 21, 23)
(289, 319, 15, 0, 181)
(290, 304, 0, 0, 198)
(135, 302, 0, 17, 212)
(161, 127, 2, 128, 28)
(98, 319, 161, 0, 213)
(234, 303, 69, 0, 233)
(228, 319, 8, 0, 95)
(296, 245, 23, 1, 17)
(28, 319, 121, 0, 53)
(278, 292, 41, 0, 193)
(55, 319, 11, 0, 134)
(248, 275, 53, 0, 39)
(25, 319, 220, 0, 225)
(235, 99, 7, 7, 48)
(258, 297, 6, 4, 57)
(231, 267, 65, 0, 240)
(72, 319, 0, 0, 140)
(225, 175, 0, 83, 62)
(319, 319, 11, 0, 50)
(254, 218, 0, 73, 116)
(283, 238, 0, 0, 115)
(290, 193, 0, 0, 58)
(10, 45, 8, 4, 101)
(289, 146, 5, 16, 73)
(315, 271, 0, 9, 236)
(250, 307, 17, 0, 129)
(106, 319, 170, 0, 139)
(158, 319, 83, 0, 0)
(180, 319, 0, 0, 226)
(103, 311, 1, 7, 89)
(249, 281, 9, 2, 57)
(271, 319, 20, 0, 246)
(304, 127, 0, 142, 214)
(272, 63, 0, 0, 157)
(252, 192, 1, 49, 15)
(253, 52, 0, 0, 42)
(308, 159, 9, 1, 49)
(316, 192, 1, 8, 28)
(281, 93, 0, 134, 215)
(58, 245, 14, 5, 151)
(298, 233, 0, 17, 2)
(259, 294, 4, 2, 49)
(0, 12, 48, 9, 163)
(153, 176, 148, 0, 247)
(315, 177, 3, 1, 76)
(287, 181, 0, 161, 169)
(0, 135, 1, 47, 62)
(311, 58, 0, 119, 67)
(94, 283, 0, 43, 1)
(275, 36, 1, 16, 29)
(289, 84, 0, 208, 198)
(319, 172, 0, 95, 109)
(158, 300, 118, 0, 195)
(75, 261, 165, 0, 83)
(164, 185, 7, 57, 36)
(287, 274, 0, 20, 46)
(99, 233, 119, 0, 238)
(202, 319, 100, 0, 255)
(319, 59, 0, 53, 99)
(247, 159, 7, 9, 22)
(106, 302, 218, 0, 12)
(174, 319, 145, 0, 132)
(43, 190, 2, 10, 201)
(235, 238, 13, 2, 68)
(107, 309, 5, 4, 85)
(319, 314, 1, 2, 49)
(78, 319, 241, 0, 147)
(0, 319, 165, 0, 161)
(298, 204, 0, 33, 201)
(294, 319, 6, 0, 147)
(300, 183, 5, 1, 90)
(276, 307, 0, 0, 11)
(271, 209, 0, 15, 172)
(76, 272, 11, 1, 210)
(87, 111, 5, 8, 195)
(309, 211, 0, 5, 216)
(223, 12, 13, 4, 122)
(319, 151, 0, 166, 40)
(30, 318, 11, 1, 215)
(64, 319, 38, 0, 8)
(29, 183, 4, 17, 84)
(319, 28, 0, 275, 48)
(171, 272, 0, 0, 234)
(131, 236, 0, 43, 132)
(30, 271, 2, 11, 89)
(280, 310, 12, 0, 104)
(277, 305, 0, 0, 196)
(294, 237, 18, 1, 54)
(127, 104, 112, 0, 83)
(174, 298, 127, 0, 33)
(209, 190, 0, 85, 37)
(38, 265, 26, 0, 0)
(2, 292, 0, 16, 222)
(152, 228, 0, 0, 124)
(303, 273, 15, 1, 52)
(319, 319, 0, 0, 152)
(56, 276, 246, 0, 187)
(317, 292, 0, 0, 186)
(291, 131, 26, 1, 96)
(239, 0, 4, 19, 117)
(193, 261, 1, 0, 172)
(272, 81, 12, 6, 48)
(306, 23, 11, 3, 71)
(291, 138, 28, 0, 6)
(236, 240, 4, 10, 37)
(263, 185, 0, 83, 155)
(288, 85, 14, 5, 34)
(208, 249, 53, 0, 215)
(319, 73, 0, 97, 207)
(255, 308, 24, 0, 186)
(315, 293, 4, 9, 51)
(164, 319, 120, 0, 147)
(305, 222, 10, 1, 72)
(69, 178, 5, 6, 176)
(115, 319, 146, 0, 107)
(292, 181, 0, 52, 55)
(90, 318, 35, 0, 96)
(319, 19, 0, 106, 0)
(86, 309, 11, 1, 223)
(37, 305, 8, 0, 123)
(319, 319, 2, 0, 95)
(67, 278, 149, 0, 219)
(153, 126, 2, 75, 21)
(25, 0, 22, 0, 51)
(169, 298, 0, 0, 0)
(253, 64, 10, 2, 48)
(285, 91, 11, 0, 209)
(164, 292, 90, 0, 225)
(40, 214, 176, 0, 141)
(216, 299, 0, 0, 197)
(187, 307, 104, 0, 215)
(319, 295, 0, 43, 8)
(17, 65, 11, 7, 137)
(214, 284, 28, 0, 99)
(307, 204, 0, 114, 90)
(319, 101, 0, 55, 171)
(258, 219, 0, 21, 205)
(117, 314, 34, 0, 250)
(319, 86, 0, 27, 8)
(187, 237, 114, 0, 156)
(0, 277, 3, 22, 178)
(238, 263, 31, 0, 71)
(250, 229, 0, 0, 1)
(100, 319, 46, 0, 98)
(276, 319, 5, 0, 106)
(118, 310, 7, 0, 224)
(5, 183, 8, 7, 37)
(234, 233, 2, 4, 117)
(115, 284, 6, 9, 93)
(101, 306, 4, 2, 145)
(71, 210, 2, 11, 185)
(293, 319, 0, 0, 40)
(53, 157, 39, 0, 82)
(294, 174, 0, 72, 242)
(222, 289, 40, 0, 236)
(271, 81, 0, 46, 80)
(314, 296, 0, 6, 38)
(11, 299, 122, 0, 40)
(319, 6, 0, 119, 0)
(195, 259, 3, 2, 155)
(236, 297, 5, 3, 60)
(276, 208, 2, 15, 20)
(316, 249, 0, 70, 184)
(121, 147, 0, 0, 168)
(305, 289, 0, 0, 225)
(109, 292, 4, 5, 103)
(0, 313, 9, 2, 235)
(267, 271, 5, 2, 69)
(155, 288, 0, 31, 85)
(278, 238, 41, 0, 0)
(189, 29, 3, 6, 116)
(4, 238, 24, 4, 37)
(18, 319, 81, 0, 107)
(166, 248, 0, 0, 130)
(272, 233, 27, 0, 245)
(268, 236, 0, 0, 207)
(307, 296, 12, 0, 96)
(319, 318, 0, 1, 86)
(50, 301, 27, 1, 235)
(319, 78, 0, 81, 92)
(222, 249, 5, 10, 25)
(310, 222, 0, 50, 7)
(319, 59, 0, 0, 238)
(319, 27, 0, 23, 79)
(163, 267, 69, 0, 156)
(314, 156, 14, 0, 255)
(284, 17, 8, 2, 92)
(231, 300, 0, 0, 86)
(311, 11, 0, 56, 121)
(319, 129, 0, 97, 239)
(319, 246, 0, 0, 162)
(319, 120, 0, 27, 169)
(290, 242, 0, 59, 226)
(206, 308, 97, 0, 18)
(299, 217, 0, 22, 193)
(52, 290, 5, 4, 219)
(99, 274, 114, 0, 160)
(299, 114, 0, 50, 30)
(176, 293, 3, 0, 252)
(292, 231, 0, 0, 184)
(316, 319, 0, 0, 208)
(319, 200, 0, 0, 178)
(142, 289, 91, 0, 0)
(237, 223, 62, 0, 118)
(184, 261, 5, 1, 240)
(101, 319, 98, 0, 119)
(178, 241, 17, 1, 221)
(238, 319, 60, 0, 206)
(98, 319, 0, 5, 154)
(254, 159, 0, 21, 255)
(171, 33, 8, 15, 31)
(272, 0, 2, 7, 63)
(313, 311, 0, 8, 166)
(34, 202, 48, 0, 42)
(293, 216, 0, 0, 14)
(293, 54, 0, 235, 72)
(189, 304, 42, 0, 38)
(304, 316, 4, 3, 49)
(245, 319, 1, 0, 123)
(216, 170, 0, 75, 99)
(182, 289, 9, 4, 37)
(267, 319, 11, 0, 29)
(319, 0, 0, 205, 6)
(241, 191, 7, 8, 74)
(0, 115, 14, 4, 68)
(281, 151, 16, 2, 71)
(318, 232, 2, 1, 42)
(303, 170, 10, 3, 41)
(208, 319, 13, 0, 187)
(24, 277, 2, 15, 185)
(184, 21, 15, 8, 33)
(157, 313, 0, 0, 0)
(114, 303, 0, 0, 124)
(53, 254, 12, 0, 136)
(299, 286, 0, 0, 181)
(285, 239, 0, 79, 154)
(150, 313, 0, 0, 44)
(157, 269, 5, 4, 19)
(318, 281, 2, 3, 49)
(275, 239, 27, 1, 59)
(0, 319, 49, 0, 56)
(192, 266, 82, 0, 165)
(304, 259, 0, 60, 31)
(312, 282, 6, 2, 50)
(14, 311, 6, 0, 127)
(192, 281, 8, 2, 75)
(263, 19, 0, 43, 0)
(288, 319, 31, 0, 21)
(282, 130, 0, 98, 87)
(76, 293, 111, 0, 56)
(319, 57, 0, 262, 241)
(298, 192, 0, 13, 51)
(267, 307, 0, 0, 77)
(318, 273, 0, 30, 146)
(28, 319, 36, 0, 228)
(295, 52, 0, 0, 151)
(289, 225, 0, 11, 35)
(319, 285, 0, 0, 207)
(305, 15, 9, 4, 62)
(216, 49, 6, 14, 19)
(304, 188, 11, 2, 28)
(64, 209, 7, 1, 120)
(267, 156, 2, 4, 28)
(210, 55, 1, 15, 43)
(319, 152, 0, 52, 253)
(284, 165, 1, 5, 33)
(247, 39, 24, 3, 55)
(313, 235, 6, 0, 94)
(238, 319, 17, 0, 133)
(203, 319, 42, 0, 210)
(319, 203, 0, 8, 39)
(276, 146, 21, 0, 119)
(171, 319, 112, 0, 240)
(217, 304, 102, 0, 33)
(20, 319, 48, 0, 36)
(181, 319, 102, 0, 231)
(168, 319, 35, 0, 63)
(85, 240, 7, 4, 225)
(209, 188, 5, 22, 116)
(166, 224, 27, 0, 127)
(314, 319, 5, 0, 83)
(319, 92, 0, 23, 112)
(261, 152, 1, 8, 80)
(195, 265, 44, 0, 178)
(122, 190, 0, 29, 40)
(286, 319, 0, 6, 19)
(319, 255, 0, 20, 144)
(172, 0, 12, 10, 42)
(239, 206, 0, 7, 203)
(38, 287, 12, 3, 246)
(183, 193, 18, 0, 0)
(270, 319, 49, 0, 147)
(269, 319, 1, 0, 251)
(54, 319, 7, 8, 227)
(319, 310, 0, 0, 198)
(286, 254, 14, 1, 40)
(287, 118, 0, 161, 33)
(235, 202, 13, 2, 80)
(183, 265, 14, 6, 110)
(31, 283, 16, 3, 190)
(293, 319, 5, 0, 70)
(317, 260, 0, 59, 77)
(271, 32, 23, 0, 107)
(300, 319, 12, 0, 10)
(308, 281, 0, 38, 185)
(201, 319, 5, 11, 66)
(257, 290, 0, 0, 168)
(311, 166, 0, 0, 248)
(319, 153, 0, 131, 103)
(31, 290, 7, 4, 245)
(272, 245, 0, 0, 142)
(309, 319, 7, 0, 0)
(282, 319, 0, 0, 50)
(230, 300, 6, 0, 191)
(116, 264, 2, 8, 118)
(319, 202, 0, 11, 7)
(319, 35, 0, 141, 63)
(266, 309, 1, 0, 215)
(318, 259, 0, 0, 78)
(64, 276, 4, 5, 213)
(319, 319, 0, 1, 15)
(319, 33, 0, 34, 115)
(319, 311, 0, 3, 165)
(302, 92, 0, 135, 57)
(242, 289, 12, 0, 72)
(148, 299, 40, 0, 42)
(319, 308, 0, 11, 0)
(123, 41, 4, 7, 93)
(276, 256, 5, 0, 152)
(255, 289, 0, 6, 0)
(235, 78, 0, 0, 35)
(138, 271, 26, 0, 218)
(298, 260, 0, 0, 30)
(319, 208, 22, 3, 57)
(70, 224, 0, 47, 136)
(304, 9, 14, 5, 83)
(102, 185, 63, 0, 96)
(12, 70, 1, 17, 195)
(49, 277, 0, 0, 130)
(258, 285, 0, 24, 20)
(200, 316, 8, 3, 75)
(118, 293, 1, 5, 76)
(138, 72, 1, 24, 48)
(36, 171, 0, 30, 191)
(111, 304, 55, 0, 215)
(33, 144, 13, 2, 125)
(319, 264, 0, 34, 173)
(0, 290, 82, 0, 83)
(163, 155, 52, 0, 18)
(187, 300, 47, 0, 64)
(242, 319, 44, 0, 158)
(116, 319, 42, 0, 93)
(17, 219, 6, 3, 190)
(296, 102, 0, 73, 94)
(27, 297, 6, 2, 224)
(217, 82, 2, 34, 29)
(318, 127, 0, 0, 73)
(254, 284, 36, 0, 42)
(304, 80, 15, 2, 50)
(299, 183, 0, 114, 224)
(122, 280, 11, 2, 94)
(292, 258, 0, 61, 255)
(7, 252, 155, 0, 39)
(297, 240, 23, 1, 53)
(284, 257, 0, 12, 130)
(292, 163, 0, 32, 81)
(283, 103, 3, 7, 21)
(319, 188, 0, 85, 247)
(155, 285, 0, 0, 110)
(319, 261, 0, 28, 45)
(317, 30, 6, 6, 47)
(0, 266, 7, 1, 182)
(289, 33, 0, 125, 120)
(319, 250, 0, 5, 0)
(289, 319, 5, 0, 88)
(288, 217, 0, 0, 237)
(315, 195, 1, 11, 4)
(0, 290, 133, 0, 206)
(0, 307, 273, 0, 102)
(137, 270, 0, 0, 255)
(187, 297, 6, 3, 50)
(0, 291, 13, 5, 184)
(292, 319, 45, 0, 169)
(226, 248, 0, 0, 197)
(241, 263, 27, 0, 140)
(273, 109, 0, 4, 247)
(163, 230, 1, 23, 26)
(203, 319, 0, 0, 0)
(288, 253, 0, 0, 212)
(316, 319, 0, 0, 224)
(117, 319, 87, 0, 186)
(24, 296, 41, 0, 231)
(48, 293, 79, 0, 18)
(270, 319, 2, 0, 120)
(319, 132, 0, 0, 129)
(254, 195, 0, 66, 116)
(161, 313, 72, 0, 112)
(288, 73, 0, 0, 55)
(296, 206, 3, 2, 14)
(182, 62, 2, 24, 176)
(171, 308, 22, 0, 255)
(119, 3, 8, 5, 60)
(175, 128, 24, 0, 255)
(205, 60, 5, 4, 49)
(197, 319, 55, 0, 177)
(279, 168, 0, 104, 230)
(25, 289, 191, 0, 172)
(293, 42, 3, 13, 51)
(282, 271, 0, 0, 65)
(221, 318, 13, 1, 55)
(315, 25, 4, 10, 44)
(183, 319, 0, 0, 183)
(198, 290, 0, 0, 146)
(300, 302, 0, 17, 172)
(319, 132, 0, 167, 110)
(106, 319, 10, 0, 108)
(282, 319, 25, 0, 234)
(169, 81, 1, 63, 28)
(319, 243, 0, 1, 111)
(257, 197, 4, 6, 127)
(126, 319, 0, 0, 20)
(264, 225, 0, 50, 89)
(319, 165, 14, 0, 73)
(225, 12, 37, 0, 0)
(123, 299, 11, 3, 62)
(287, 271, 0, 0, 83)
(302, 218, 0, 4, 101)
(268, 319, 26, 0, 0)
(319, 308, 3, 0, 174)
(229, 311, 10, 0, 117)
(319, 62, 0, 43, 238)
(316, 92, 11, 0, 161)
(295, 258, 29, 0, 147)
(291, 268, 0, 0, 22)
(209, 229, 0, 11, 242)
(170, 203, 24, 0, 138)
(63, 319, 93, 0, 188)
(138, 319, 139, 0, 42)
(140, 232, 0, 22, 34)
(39, 319, 87, 0, 0)
(265, 211, 39, 0, 177)
(292, 287, 0, 4, 0)
(276, 266, 0, 0, 158)
(84, 0, 0, 51, 20)
(30, 203, 0, 13, 172)
(314, 190, 0, 58, 43)
(1, 317, 19, 2, 225)
(287, 313, 27, 0, 146)
(264, 281, 0, 7, 208)
(315, 302, 4, 0, 186)
(122, 282, 125, 0, 23)
(55, 319, 100, 0, 209)
(25, 289, 58, 0, 56)
(58, 286, 0, 4, 130)
(272, 310, 32, 1, 52)
(83, 177, 136, 0, 224)
(319, 66, 0, 86, 0)
(82, 159, 1, 11, 168)
(71, 298, 28, 0, 44)
(224, 268, 45, 1, 68)
(7, 319, 17, 0, 49)
(133, 296, 0, 23, 122)
(247, 226, 0, 10, 201)
(239, 289, 13, 0, 232)
(4, 170, 4, 3, 46)
(273, 256, 42, 0, 42)
(319, 319, 3, 0, 10)
(110, 296, 192, 0, 55)
(172, 319, 162, 0, 3)
(89, 319, 77, 0, 185)
(208, 319, 40, 0, 214)
(318, 185, 0, 97, 105)
(145, 303, 3, 0, 68)
(298, 284, 19, 4, 53)
(319, 111, 0, 136, 13)
(319, 143, 0, 181, 44)
(41, 319, 245, 0, 247)
(319, 235, 0, 0, 119)
(301, 319, 0, 0, 20)
(296, 261, 2, 2, 49)
(204, 304, 11, 2, 64)
(311, 166, 1, 10, 55)
(290, 131, 4, 2, 94)
(308, 143, 0, 31, 48)
(150, 301, 174, 0, 154)
(273, 291, 0, 9, 83)
(308, 113, 11, 0, 110)
(77, 319, 167, 0, 210)
(141, 319, 67, 0, 34)
(0, 319, 56, 0, 0)
(192, 297, 51, 0, 134)
(192, 280, 26, 1, 57)
(222, 91, 4, 11, 55)
(94, 251, 215, 0, 36)
(319, 99, 21, 0, 13)
(268, 307, 24, 0, 193)
(251, 245, 0, 32, 165)
(319, 230, 0, 9, 129)
(178, 312, 59, 0, 0)
(93, 235, 173, 0, 58)
(0, 126, 10, 5, 137)
(309, 154, 0, 47, 200)
(0, 245, 204, 0, 193)
(296, 319, 23, 0, 191)
(302, 181, 0, 109, 0)
(319, 286, 0, 0, 163)
(269, 193, 1, 7, 72)
(259, 286, 0, 11, 34)
(142, 313, 0, 0, 129)
(117, 319, 25, 0, 21)
(74, 171, 3, 16, 234)
(292, 73, 0, 0, 198)
(59, 271, 0, 48, 214)
(311, 48, 0, 168, 81)
(314, 175, 6, 1, 33)
(228, 247, 0, 3, 242)
(238, 283, 42, 0, 24)
(84, 154, 4, 15, 38)
(294, 188, 4, 12, 94)
(85, 319, 10, 26, 97)
(181, 178, 11, 1, 215)
(307, 319, 7, 0, 21)
(319, 220, 0, 23, 189)
(35, 319, 209, 0, 81)
(241, 319, 0, 0, 214)
(156, 69, 17, 14, 21)
(91, 308, 5, 3, 210)
(244, 60, 4, 12, 63)
(317, 186, 2, 1, 76)
(224, 274, 40, 0, 108)
(192, 252, 0, 0, 82)
(62, 40, 29, 10, 175)
(266, 270, 25, 0, 243)
(319, 159, 0, 123, 152)
(42, 319, 95, 0, 24)
(115, 290, 216, 0, 72)
(319, 179, 0, 125, 121)
(307, 319, 24, 0, 0)
(298, 261, 0, 0, 222)
(110, 319, 36, 0, 24)
(192, 307, 6, 0, 200)
(85, 242, 81, 0, 229)
(0, 319, 231, 0, 153)
(25, 319, 48, 0, 231)
(291, 134, 0, 129, 19)
(110, 263, 103, 0, 36)
(57, 288, 86, 0, 204)
(281, 251, 0, 29, 161)
(204, 318, 9, 0, 173)
(189, 297, 110, 0, 124)
(196, 301, 5, 1, 55)
(165, 141, 2, 46, 32)
(293, 23, 0, 28, 121)
(136, 292, 96, 0, 1)
(317, 88, 0, 138, 219)
(209, 319, 0, 0, 9)
(298, 174, 2, 1, 45)
(158, 194, 7, 0, 0)
(137, 288, 50, 0, 0)
(196, 189, 2, 6, 95)
(266, 304, 21, 0, 53)
(266, 300, 0, 38, 126)
(99, 100, 2, 5, 185)
(62, 319, 237, 0, 176)
(302, 141, 0, 100, 0)
(290, 289, 0, 14, 78)
(232, 188, 40, 0, 102)
(2, 319, 66, 0, 208)
(189, 291, 75, 0, 17)
(310, 236, 0, 0, 62)
(319, 303, 4, 0, 247)
(246, 174, 0, 81, 164)
(255, 160, 5, 8, 136)
(319, 177, 0, 142, 24)
(143, 319, 18, 0, 239)
(265, 259, 33, 0, 85)
(276, 287, 0, 17, 136)
(297, 148, 0, 99, 126)
(314, 307, 6, 0, 76)
(300, 132, 0, 35, 45)
(164, 21, 2, 16, 25)
(167, 277, 79, 0, 179)
(12, 319, 220, 0, 11)
(269, 303, 0, 0, 219)
(302, 293, 17, 0, 173)
(199, 319, 116, 0, 0)
(303, 319, 0, 0, 43)
(306, 283, 0, 0, 24)
(224, 319, 41, 0, 125)
(26, 183, 106, 0, 67)
(106, 280, 1, 20, 153)
(319, 128, 0, 6, 180)
(8, 57, 2, 22, 157)
(124, 319, 0, 0, 209)
(319, 0, 0, 149, 32)
(181, 39, 5, 11, 145)
(319, 313, 0, 1, 65)
(185, 210, 25, 0, 61)
(300, 254, 0, 0, 192)
(276, 306, 0, 15, 126)
(297, 0, 0, 56, 229)
(319, 238, 0, 51, 72)
(264, 132, 0, 126, 135)
(305, 79, 0, 160, 17)
(108, 287, 0, 27, 43)
(319, 82, 0, 203, 204)
(319, 22, 0, 170, 184)
(319, 260, 0, 0, 192)
(189, 298, 64, 0, 134)
(249, 290, 0, 29, 255)
(319, 317, 0, 0, 140)
(296, 277, 0, 0, 255)
(220, 319, 0, 0, 2)
(183, 174, 9, 2, 145)
(302, 319, 17, 0, 234)
(218, 284, 101, 0, 247)
(312, 110, 0, 99, 175)
(220, 230, 2, 11, 32)
(314, 221, 0, 10, 224)
(208, 307, 3, 1, 80)
(319, 122, 0, 31, 185)
(305, 232, 5, 0, 72)
(144, 319, 66, 0, 172)
(182, 294, 106, 0, 42)
(208, 284, 10, 0, 184)
(297, 212, 0, 0, 149)
(151, 200, 51, 0, 208)
(87, 319, 94, 0, 250)
(111, 109, 23, 5, 117)
(265, 319, 4, 40, 47)
(221, 285, 43, 0, 78)
(223, 319, 40, 0, 252)
(292, 27, 9, 1, 74)
(275, 295, 44, 0, 140)
(290, 277, 0, 0, 136)
(287, 293, 0, 11, 189)
(0, 274, 169, 0, 160)
(72, 318, 164, 0, 163)
(145, 266, 61, 0, 249)
(213, 290, 68, 0, 9)
(303, 262, 0, 17, 121)
(112, 273, 15, 0, 0)
(44, 256, 1, 12, 66)
(286, 106, 0, 0, 185)
(6, 139, 19, 3, 123)
(272, 158, 1, 12, 29)
(48, 319, 0, 0, 147)
(319, 274, 0, 45, 125)
(191, 319, 0, 0, 203)
(0, 257, 3, 1, 181)
(0, 314, 0, 5, 254)
(263, 275, 0, 44, 237)
(208, 319, 0, 8, 136)
(260, 56, 0, 2, 255)
(252, 195, 59, 0, 59)
(244, 0, 7, 22, 114)
(317, 161, 13, 3, 46)
(235, 312, 8, 2, 54)
(303, 172, 3, 5, 61)
(73, 0, 54, 0, 143)
(300, 141, 0, 146, 59)
(276, 314, 0, 0, 82)
(319, 188, 0, 0, 0)
(269, 319, 41, 0, 129)
(274, 147, 0, 39, 205)
(158, 258, 0, 61, 92)
(319, 289, 0, 19, 46)
(305, 90, 0, 90, 238)
(178, 75, 1, 7, 136)
(52, 319, 183, 0, 198)
(71, 200, 16, 9, 143)
(82, 217, 11, 4, 235)
(148, 319, 135, 0, 152)
(272, 276, 0, 8, 60)
(319, 277, 0, 26, 60)
(319, 159, 0, 46, 221)
(64, 319, 0, 8, 95)
(310, 259, 0, 41, 100)
(269, 3, 0, 154, 195)
(272, 187, 0, 132, 75)
(207, 31, 13, 3, 50)
(173, 319, 64, 0, 190)
(319, 279, 0, 28, 149)
(263, 290, 14, 0, 154)
(131, 201, 1, 7, 116)
(28, 231, 5, 8, 197)
(266, 59, 6, 3, 8)
(59, 319, 182, 0, 0)
(120, 12, 6, 2, 96)
(150, 104, 0, 124, 2)
(46, 247, 8, 1, 161)
(319, 234, 0, 115, 235)
(205, 310, 11, 2, 66)
(277, 76, 4, 2, 33)
(319, 164, 0, 101, 170)
(319, 300, 0, 19, 167)
(271, 159, 1, 12, 99)
(200, 0, 32, 1, 64)
(202, 319, 117, 0, 18)
(242, 289, 46, 0, 71)
(92, 308, 17, 0, 117)
(223, 124, 2, 85, 24)
(312, 319, 14, 0, 218)
(262, 303, 6, 5, 53)
(163, 85, 56, 0, 222)
(138, 293, 149, 0, 180)
(319, 208, 0, 42, 113)
(312, 301, 9, 1, 53)
(212, 240, 2, 11, 121)
(319, 239, 0, 49, 129)
(319, 0, 0, 36, 0)
(268, 195, 0, 60, 0)
(300, 319, 4, 31, 51)
(20, 182, 0, 28, 89)
(31, 290, 56, 0, 150)
(319, 319, 0, 0, 69)
(95, 155, 0, 50, 251)
(192, 319, 83, 0, 27)
(230, 319, 89, 0, 133)
(222, 295, 0, 24, 111)
(319, 240, 0, 45, 134)
(223, 31, 0, 44, 83)
(319, 253, 0, 78, 227)
(148, 300, 49, 0, 249)
(275, 107, 3, 2, 51)
(17, 170, 21, 0, 151)
(278, 251, 25, 1, 23)
(303, 154, 0, 124, 9)
(265, 289, 18, 0, 6)
(288, 45, 0, 19, 73)
(311, 265, 7, 0, 20)
(182, 319, 53, 0, 79)
(135, 303, 6, 3, 86)
(257, 210, 5, 6, 101)
(251, 107, 1, 23, 40)
(291, 49, 11, 3, 28)
(288, 228, 0, 27, 102)
(272, 4, 1, 8, 75)
(275, 34, 18, 1, 46)
(319, 258, 46, 0, 103)
(306, 221, 0, 91, 149)
(304, 284, 15, 1, 52)
(213, 311, 62, 0, 49)
(300, 9, 6, 7, 87)
(290, 65, 0, 0, 18)
(176, 319, 9, 0, 245)
(231, 192, 1, 24, 17)
(232, 307, 1, 0, 171)
(235, 100, 2, 13, 59)
(213, 319, 0, 2, 105)
(272, 141, 0, 111, 136)
(277, 319, 0, 0, 20)
(67, 216, 0, 26, 120)
(168, 313, 0, 6, 202)
(254, 227, 1, 12, 21)
(319, 140, 0, 8, 226)
(315, 39, 4, 4, 49)
(291, 319, 0, 0, 13)
(316, 142, 0, 13, 211)
(299, 319, 9, 0, 80)
(267, 316, 52, 0, 80)
(251, 291, 0, 0, 0)
(318, 203, 1, 4, 76)
(295, 215, 1, 6, 46)
(168, 319, 43, 0, 212)
(289, 205, 21, 0, 101)
(291, 301, 14, 0, 39)
(306, 6, 0, 96, 150)
(164, 316, 41, 0, 150)
(19, 301, 0, 13, 109)
(296, 105, 0, 99, 133)
(265, 254, 16, 1, 64)
(138, 315, 20, 0, 24)
(169, 319, 50, 0, 49)
(174, 274, 49, 0, 53)
(288, 124, 4, 2, 63)
(107, 282, 1, 24, 134)
(266, 262, 8, 0, 169)
(281, 290, 3, 4, 55)
(218, 319, 79, 0, 174)
(283, 319, 11, 0, 223)
(312, 241, 7, 1, 52)
(319, 104, 0, 47, 166)
(277, 313, 46, 0, 122)
(224, 89, 4, 6, 74)
(182, 277, 93, 0, 2)
(267, 319, 13, 0, 51)
(319, 319, 0, 0, 11)
(117, 104, 7, 3, 125)
(261, 319, 35, 0, 208)
(21, 318, 256, 0, 5)
(225, 258, 16, 1, 56)
(179, 156, 3, 2, 96)
(56, 227, 1, 4, 224)
(300, 101, 0, 123, 121)
(319, 109, 0, 106, 129)
(112, 273, 4, 8, 115)
(319, 212, 0, 25, 79)
(68, 310, 242, 0, 250)
(200, 288, 65, 0, 181)
(243, 319, 52, 0, 0)
(218, 71, 0, 25, 50)
(319, 317, 0, 0, 54)
(302, 49, 0, 0, 216)
(319, 0, 0, 279, 176)
(274, 0, 0, 64, 0)
(259, 319, 3, 0, 162)
(296, 306, 0, 13, 224)
(242, 252, 0, 7, 158)
(246, 219, 3, 16, 86)
(296, 89, 0, 223, 67)
(291, 315, 8, 1, 48)
(22, 74, 7, 24, 107)
(291, 171, 3, 0, 55)
(293, 222, 0, 54, 115)
(296, 33, 2, 9, 59)
(288, 239, 0, 80, 235)
(118, 319, 10, 0, 188)
(319, 1, 0, 17, 57)
(182, 287, 76, 0, 18)
(298, 258, 0, 11, 93)
(318, 180, 0, 57, 79)
(319, 185, 15, 6, 47)
(87, 319, 130, 0, 37)
(319, 270, 0, 0, 138)
(169, 236, 30, 0, 56)
(222, 319, 0, 19, 148)
(0, 311, 287, 0, 141)
(169, 319, 69, 0, 46)
(200, 319, 8, 0, 137)
(319, 0, 0, 44, 157)
(275, 85, 0, 78, 187)
(260, 236, 28, 1, 66)
(99, 299, 146, 0, 99)
(129, 254, 0, 17, 163)
(286, 197, 2, 14, 37)
(305, 274, 0, 0, 165)
(147, 66, 7, 14, 18)
(262, 201, 0, 0, 52)
(290, 76, 29, 0, 210)
(218, 278, 0, 0, 160)
(281, 304, 49, 0, 225)
(303, 244, 24, 1, 22)
(300, 99, 2, 2, 40)
(289, 77, 0, 76, 178)
(243, 319, 0, 0, 74)
(311, 208, 0, 54, 45)
(17, 287, 16, 3, 186)
(314, 319, 3, 0, 126)
(67, 126, 8, 26, 44)
(202, 293, 0, 0, 200)
(239, 58, 15, 3, 70)
(301, 127, 0, 78, 105)
(0, 319, 80, 0, 49)
(249, 278, 30, 0, 222)
(280, 195, 0, 0, 76)
(289, 141, 0, 113, 26)
(286, 108, 0, 180, 118)
(138, 278, 22, 0, 74)
(309, 251, 0, 0, 228)
(288, 265, 0, 29, 21)
(289, 0, 0, 50, 55)
(275, 0, 3, 22, 102)
(303, 84, 0, 153, 74)
(221, 282, 3, 3, 54)
(35, 267, 4, 5, 102)
(114, 216, 10, 15, 126)
(194, 263, 0, 26, 255)
(66, 172, 4, 13, 221)
(279, 216, 0, 90, 255)
(110, 110, 0, 78, 210)
(297, 134, 0, 0, 38)
(319, 237, 0, 38, 99)
(307, 319, 0, 0, 124)
(287, 318, 0, 1, 235)
(231, 152, 12, 18, 94)
(300, 319, 0, 0, 231)
(295, 269, 0, 0, 89)
(312, 120, 0, 77, 0)
(226, 319, 29, 0, 24)
(189, 288, 101, 0, 86)
(135, 171, 146, 0, 165)
(223, 317, 17, 0, 5)
(278, 319, 0, 0, 120)
(319, 193, 0, 0, 196)
(294, 78, 0, 202, 255)
(238, 308, 7, 2, 46)
(19, 319, 249, 0, 157)
(65, 319, 101, 0, 245)
(20, 100, 139, 0, 21)
(208, 272, 20, 1, 73)
(319, 196, 0, 37, 16)
(181, 276, 4, 3, 83)
(0, 34, 0, 54, 155)
(267, 49, 0, 44, 0)
(44, 304, 119, 0, 96)
(23, 283, 93, 0, 28)
(35, 308, 148, 0, 91)
(256, 41, 26, 0, 87)
(319, 212, 0, 30, 11)
(319, 319, 0, 0, 207)
(22, 76, 11, 8, 121)
(95, 283, 2, 5, 207)
(286, 74, 0, 67, 157)
(319, 280, 0, 0, 131)
(273, 191, 39, 0, 131)
(319, 64, 0, 200, 36)
(298, 160, 0, 62, 68)
(295, 313, 24, 0, 136)
(319, 204, 0, 60, 62)
(318, 174, 0, 0, 24)
(204, 312, 3, 1, 53)
(52, 295, 84, 0, 255)
(77, 316, 9, 2, 101)
(289, 248, 0, 58, 165)
(281, 306, 0, 0, 194)
(280, 295, 0, 18, 180)
(304, 301, 0, 23, 255)
(285, 304, 33, 0, 22)
(319, 275, 0, 0, 237)
(130, 319, 17, 0, 74)
(219, 319, 0, 0, 125)
(210, 313, 9, 1, 57)
(295, 300, 0, 0, 61)
(319, 242, 0, 75, 1)
(221, 319, 46, 0, 107)
(319, 128, 0, 112, 214)
(100, 271, 6, 1, 150)
(45, 318, 24, 0, 127)
(216, 260, 0, 41, 81)
(89, 319, 37, 0, 201)
(205, 316, 23, 1, 67)
(245, 319, 33, 0, 98)
(208, 319, 107, 0, 246)
(298, 319, 19, 0, 102)
(259, 319, 25, 0, 209)
(8, 263, 12, 7, 149)
(300, 108, 0, 100, 138)
(319, 108, 0, 0, 134)
(154, 265, 24, 0, 117)
(168, 94, 0, 11, 41)
(197, 244, 1, 10, 227)
(294, 249, 0, 6, 0)
(34, 291, 65, 0, 88)
(312, 228, 0, 91, 99)
(216, 261, 0, 21, 129)
(319, 319, 0, 0, 163)
(302, 192, 2, 25, 7)
(29, 136, 4, 5, 150)
(235, 282, 57, 0, 231)
(299, 292, 0, 0, 134)
(291, 248, 10, 0, 171)
(269, 51, 0, 256, 209)
(109, 301, 5, 2, 97)
(138, 274, 2, 17, 81)
(207, 319, 52, 0, 7)
(15, 295, 60, 1, 240)
(209, 319, 37, 0, 10)
(142, 224, 6, 14, 32)
(75, 319, 3, 8, 104)
(103, 307, 0, 0, 141)
(118, 17, 0, 129, 0)
(276, 262, 0, 0, 171)
(319, 173, 0, 102, 124)
(319, 293, 0, 26, 113)
(216, 279, 0, 0, 8)
(286, 306, 0, 0, 245)
(169, 319, 46, 0, 74)
(319, 195, 17, 7, 74)
(261, 87, 0, 54, 33)
(285, 312, 3, 5, 51)
(220, 302, 83, 0, 61)
(251, 319, 35, 0, 187)
(227, 259, 11, 1, 68)
(319, 48, 0, 186, 13)
(303, 3, 0, 36, 29)
(176, 190, 13, 2, 246)
(198, 48, 7, 5, 124)
(260, 127, 1, 14, 28)
(226, 228, 0, 48, 59)
(114, 319, 0, 0, 30)
(221, 41, 0, 0, 21)
(137, 304, 51, 0, 102)
(65, 259, 0, 21, 145)
(97, 287, 0, 7, 65)
(263, 319, 0, 0, 70)
(264, 319, 46, 0, 80)
(293, 319, 25, 0, 255)
(278, 306, 0, 13, 110)
(18, 254, 20, 6, 142)
(290, 119, 0, 73, 35)
(28, 300, 113, 0, 18)
(312, 281, 0, 15, 167)
(31, 295, 10, 5, 230)
(0, 269, 2, 11, 143)
(222, 299, 6, 0, 81)
(101, 257, 37, 0, 69)
(308, 48, 0, 259, 128)
(309, 76, 0, 10, 100)
(98, 251, 132, 0, 135)
(168, 252, 21, 0, 69)
(92, 240, 143, 0, 6)
(25, 319, 189, 0, 193)
(279, 299, 0, 0, 113)
(319, 24, 2, 5, 42)
(0, 0, 0, 0, 0)
