Background: 193
(60, 37, 169, 130, 157)
(0, 151, 96, 39, 103)
(0, 28, 141, 128, 163)
(187, 130, 70, 59, 225)
(80, 167, 88, 38, 158)
(159, 0, 88, 29, 225)
(109, 152, 131, 13, 137)
(0, 82, 216, 29, 136)
(229, 208, 71, 17, 161)
(231, 16, 27, 69, 177)
(90, 108, 48, 20, 207)
(130, 36, 49, 29, 182)
(0, 60, 20, 131, 97)
(134, 137, 21, 28, 219)
(41, 26, 21, 138, 185)
(154, 196, 78, 19, 212)
(251, 0, 49, 18, 170)
(56, 181, 48, 9, 92)
(60, 26, 23, 61, 190)
(137, 163, 12, 37, 101)
(23, 122, 79, 25, 193)
(38, 177, 19, 13, 175)
(248, 163, 53, 14, 224)
(68, 168, 71, 13, 192)
(287, 217, 13, 8, 117)
(186, 101, 57, 29, 137)
(100, 68, 24, 40, 183)
(144, 190, 49, 6, 160)
(141, 98, 17, 28, 102)
(114, 0, 22, 54, 140)
(217, 220, 56, 7, 147)
(236, 135, 26, 28, 203)
(247, 82, 52, 13, 179)
(0, 154, 42, 25, 66)
(5, 49, 60, 12, 137)
(26, 189, 51, 23, 213)
(94, 39, 24, 19, 111)
(10, 5, 70, 35, 201)
(174, 63, 37, 34, 128)
(55, 219, 39, 5, 172)
(45, 192, 54, 4, 218)
(245, 185, 56, 28, 180)
(230, 206, 33, 13, 183)
(171, 152, 6, 23, 228)
(236, 43, 8, 67, 190)
(230, 71, 31, 10, 153)
(261, 202, 25, 11, 164)
(230, 91, 25, 18, 206)
(182, 116, 65, 12, 116)
(177, 35, 22, 6, 205)
(95, 207, 84, 11, 216)
(60, 175, 31, 4, 146)
(80, 160, 51, 7, 91)
(67, 95, 21, 20, 64)
(226, 43, 56, 10, 186)
(47, 0, 70, 22, 207)
(212, 127, 19, 20, 243)
(162, 189, 10, 9, 239)
(46, 207, 13, 12, 223)
(181, 166, 52, 17, 238)
(0, 149, 16, 28, 59)
(264, 106, 38, 33, 206)
(97, 201, 20, 5, 97)
(103, 218, 86, 5, 204)
(105, 155, 7, 8, 240)
(159, 198, 43, 5, 169)
(231, 197, 63, 5, 206)
(197, 130, 5, 20, 145)
(214, 187, 22, 6, 221)
(245, 184, 40, 4, 193)
(156, 164, 5, 19, 96)
(92, 196, 41, 5, 197)
(251, 143, 28, 8, 220)
(160, 196, 23, 10, 173)
(129, 181, 5, 22, 233)
(117, 174, 8, 12, 85)
(278, 13, 8, 119, 193)
(125, 108, 14, 5, 152)
(242, 214, 9, 6, 160)
(120, 200, 21, 17, 208)
(77, 46, 5, 13, 232)
(117, 187, 6, 14, 226)
(263, 107, 18, 14, 215)
(131, 209, 74, 5, 225)
(74, 124, 11, 10, 243)
(0, 116, 8, 14, 176)
(273, 20, 9, 10, 161)
(218, 74, 9, 16, 204)
(295, 183, 25, 32, 164)
(192, 19, 7, 34, 224)
(151, 162, 3, 25, 238)
(279, 72, 17, 34, 172)
(230, 29, 14, 12, 156)
(194, 162, 14, 24, 239)
(200, 58, 19, 7, 193)
(170, 24, 46, 8, 229)
(107, 205, 44, 5, 197)
(105, 135, 38, 4, 106)
(278, 222, 8, 12, 202)
(85, 130, 11, 7, 91)
(177, 158, 12, 7, 62)
(257, 176, 25, 5, 220)
(186, 76, 30, 12, 114)
(284, 153, 17, 8, 174)
(85, 167, 22, 2, 101)
(245, 202, 26, 2, 193)
(223, 217, 20, 3, 166)
(54, 193, 21, 19, 227)
(250, 49, 45, 16, 201)
(205, 146, 7, 13, 205)
(14, 127, 8, 23, 137)
(66, 58, 6, 13, 143)
(19, 142, 11, 12, 126)
(82, 62, 19, 5, 212)
(87, 178, 26, 3, 233)
(163, 134, 12, 23, 129)
(262, 69, 14, 12, 206)
(209, 176, 47, 2, 244)
(280, 161, 19, 5, 213)
(283, 45, 9, 25, 211)
(53, 0, 25, 42, 204)
(257, 197, 20, 1, 177)
(221, 208, 12, 7, 196)
(46, 88, 19, 18, 136)
(295, 135, 4, 22, 197)
(57, 221, 18, 17, 163)
(106, 162, 0, 9, 6)
(271, 46, 7, 14, 178)
(163, 100, 36, 8, 162)
(294, 36, 24, 7, 221)
(97, 204, 0, 0, 0)
(278, 79, 9, 3, 217)
(231, 154, 53, 2, 215)
(38, 142, 86, 5, 208)
(275, 72, 24, 5, 161)
(282, 212, 5, 9, 142)
(62, 143, 16, 25, 152)
(280, 224, 0, 0, 68)
(284, 186, 12, 9, 166)
(226, 152, 36, 2, 219)
(130, 27, 6, 41, 190)
(54, 100, 14, 5, 105)
(225, 107, 12, 4, 181)
(251, 133, 19, 10, 182)
(238, 43, 12, 6, 202)
(294, 96, 8, 8, 217)
(282, 158, 24, 2, 115)
(274, 208, 7, 9, 149)
(268, 201, 26, 1, 180)
(229, 68, 8, 15, 154)
(111, 89, 69, 11, 143)
(139, 0, 5, 23, 149)
(200, 92, 3, 13, 209)
(255, 203, 9, 2, 161)
(204, 186, 4, 20, 233)
(245, 121, 9, 4, 141)
(24, 103, 30, 8, 188)
(287, 87, 9, 5, 147)
(223, 81, 3, 14, 194)
(112, 186, 4, 19, 77)
(42, 178, 12, 13, 191)
(168, 198, 8, 3, 252)
(182, 56, 18, 21, 128)
(296, 150, 3, 1, 143)
(124, 190, 4, 8, 73)
(132, 72, 3, 13, 83)
(123, 180, 5, 9, 225)
(1, 223, 10, 3, 79)
(97, 0, 16, 22, 216)
(0, 178, 5, 5, 178)
(145, 223, 17, 11, 216)
(234, 125, 4, 13, 166)
(178, 180, 21, 2, 213)
(211, 32, 2, 41, 199)
(135, 183, 5, 15, 84)
(135, 102, 14, 7, 80)
(126, 196, 15, 0, 159)
(223, 181, 36, 2, 221)
(98, 26, 3, 17, 197)
(178, 142, 16, 8, 229)
(257, 165, 21, 7, 215)
(37, 120, 5, 9, 141)
(0, 210, 9, 10, 174)
(210, 148, 4, 6, 108)
(293, 142, 0, 32, 144)
(192, 224, 18, 1, 167)
(296, 184, 3, 8, 155)
(101, 129, 6, 12, 103)
(266, 174, 20, 0, 158)
(151, 133, 16, 7, 226)
(0, 192, 26, 7, 206)
(285, 216, 16, 2, 130)
(168, 165, 7, 7, 234)
(89, 212, 28, 5, 224)
(18, 138, 44, 3, 177)
(176, 96, 16, 5, 126)
(264, 42, 9, 10, 154)
(245, 198, 14, 3, 227)
(236, 114, 2, 21, 208)
(19, 91, 7, 10, 78)
(283, 149, 6, 4, 209)
(230, 222, 21, 2, 125)
(148, 193, 9, 4, 238)
(104, 206, 12, 6, 225)
(53, 108, 8, 23, 206)
(285, 167, 14, 3, 235)
(244, 140, 24, 1, 226)
(299, 185, 1, 7, 150)
(137, 130, 11, 5, 121)
(140, 52, 4, 7, 134)
(32, 58, 26, 18, 192)
(19, 24, 27, 11, 175)
(33, 188, 34, 1, 186)
(241, 108, 6, 12, 170)
(177, 170, 10, 6, 238)
(141, 217, 9, 2, 229)
(38, 141, 25, 15, 227)
(132, 191, 2, 6, 125)
(235, 12, 6, 27, 167)
(141, 29, 46, 5, 204)
(210, 45, 11, 5, 137)
(10, 221, 16, 3, 211)
(224, 146, 41, 4, 203)
(286, 67, 0, 107, 231)
(260, 26, 3, 21, 164)
(295, 220, 13, 4, 96)
(207, 221, 10, 2, 171)
(217, 189, 8, 16, 216)
(208, 97, 21, 7, 135)
(252, 194, 0, 4, 45)
(8, 35, 6, 105, 114)
(139, 204, 7, 8, 202)
(253, 105, 14, 5, 213)
(172, 19, 37, 5, 232)
(250, 8, 4, 12, 136)
(299, 206, 1, 5, 182)
(188, 159, 35, 3, 100)
(158, 154, 6, 11, 97)
(238, 189, 23, 8, 178)
(289, 207, 10, 1, 226)
(184, 204, 18, 4, 222)
(184, 171, 0, 0, 150)
(141, 40, 21, 9, 200)
(273, 210, 0, 25, 92)
(268, 54, 17, 2, 170)
(214, 224, 48, 0, 142)
(13, 220, 9, 1, 143)
(245, 160, 26, 2, 164)
(82, 26, 13, 7, 128)
(83, 219, 13, 5, 183)
(160, 120, 3, 24, 119)
(283, 21, 0, 47, 163)
(11, 59, 21, 6, 102)
(188, 63, 7, 9, 100)
(168, 187, 10, 3, 135)
(235, 219, 38, 2, 147)
(174, 223, 34, 1, 179)
(122, 141, 7, 16, 190)
(195, 113, 21, 18, 107)
(269, 96, 23, 4, 208)
(217, 224, 2, 1, 174)
(288, 75, 12, 11, 182)
(172, 209, 30, 0, 18)
(124, 17, 5, 53, 157)
(149, 79, 7, 12, 105)
(103, 152, 7, 9, 240)
(272, 169, 3, 1, 255)
(299, 177, 0, 9, 90)
(88, 224, 171, 0, 255)
(132, 161, 6, 6, 238)
(210, 183, 17, 4, 236)
(152, 106, 33, 6, 161)
(129, 144, 2, 26, 88)
(100, 92, 14, 16, 201)
(225, 38, 0, 16, 235)
(266, 27, 6, 10, 218)
(296, 58, 6, 12, 211)
(285, 109, 5, 17, 182)
(299, 139, 0, 64, 141)
(36, 181, 5, 8, 164)
(131, 147, 4, 5, 102)
(260, 0, 2, 2, 122)
(168, 131, 19, 7, 135)
(267, 180, 19, 7, 199)
(115, 155, 9, 9, 51)
(78, 24, 12, 2, 143)
(0, 224, 31, 0, 16)
(251, 183, 8, 9, 191)
(53, 179, 15, 3, 159)
(101, 22, 2, 28, 179)
(299, 52, 0, 66, 187)
(82, 159, 17, 3, 72)
(37, 199, 11, 20, 206)
(159, 193, 5, 5, 78)
(103, 185, 3, 13, 196)
(227, 38, 4, 10, 211)
(276, 114, 16, 4, 197)
(10, 223, 121, 0, 70)
(24, 40, 8, 13, 190)
(162, 224, 39, 0, 239)
(81, 190, 31, 2, 121)
(37, 167, 20, 8, 66)
(106, 124, 18, 7, 188)
(155, 0, 12, 40, 212)
(167, 194, 5, 4, 245)
(86, 192, 74, 0, 245)
(72, 69, 38, 5, 166)
(191, 185, 4, 6, 241)
(236, 212, 36, 1, 182)
(203, 123, 3, 16, 141)
(228, 105, 21, 2, 183)
(204, 134, 0, 0, 47)
(294, 179, 0, 41, 61)
(0, 90, 7, 10, 169)
(141, 213, 7, 6, 252)
(232, 158, 7, 3, 231)
(245, 175, 14, 7, 234)
(111, 65, 1, 15, 220)
(293, 218, 6, 3, 110)
(117, 205, 9, 4, 158)
(248, 30, 3, 7, 236)
(72, 170, 26, 4, 233)
(0, 0, 19, 11, 187)
(253, 214, 11, 3, 211)
(273, 185, 4, 17, 181)
(42, 159, 17, 6, 153)
(237, 137, 6, 6, 152)
(261, 214, 32, 1, 157)
(272, 121, 12, 8, 175)
(299, 141, 0, 51, 123)
(177, 214, 44, 3, 202)
(266, 115, 3, 15, 225)
(0, 212, 109, 0, 218)
(30, 83, 12, 20, 123)
(287, 222, 7, 32, 130)
(216, 163, 25, 3, 155)
(238, 188, 6, 3, 206)
(105, 138, 21, 4, 104)
(168, 218, 10, 1, 234)
(266, 141, 11, 2, 147)
(281, 29, 15, 5, 154)
(51, 134, 35, 4, 153)
(246, 186, 53, 0, 0)
(183, 154, 0, 0, 0)
(299, 133, 0, 0, 4)
(151, 80, 54, 3, 126)
(274, 175, 18, 2, 234)
(299, 67, 0, 78, 141)
(141, 166, 5, 20, 73)
(296, 97, 0, 50, 13)
(291, 18, 1, 16, 184)
(281, 61, 25, 0, 120)
(195, 224, 36, 0, 226)
(16, 151, 10, 15, 80)
(260, 50, 6, 23, 216)
(0, 70, 10, 8, 67)
(297, 166, 2, 0, 166)
(262, 153, 7, 3, 175)
(202, 197, 15, 9, 226)
(114, 135, 13, 1, 173)
(18, 105, 5, 15, 86)
(78, 18, 3, 6, 137)
(216, 33, 5, 12, 144)
(299, 179, 0, 0, 146)
(269, 204, 6, 1, 190)
(143, 63, 7, 31, 145)
(185, 125, 9, 15, 239)
(257, 209, 0, 0, 231)
(278, 3, 17, 11, 161)
(212, 216, 0, 8, 93)
(152, 154, 8, 9, 150)
(219, 77, 9, 0, 47)
(115, 97, 34, 4, 103)
(132, 155, 11, 7, 229)
(267, 104, 6, 4, 237)
(265, 46, 0, 92, 11)
(77, 206, 12, 8, 207)
(265, 136, 0, 0, 192)
(69, 24, 2, 32, 225)
(297, 87, 8, 30, 218)
(298, 211, 0, 8, 25)
(269, 68, 18, 3, 210)
(28, 224, 174, 0, 189)
(269, 132, 22, 6, 213)
(260, 208, 11, 2, 147)
(161, 181, 11, 6, 131)
(251, 223, 3, 3, 215)
(196, 173, 79, 2, 228)
(294, 91, 5, 3, 154)
(299, 166, 0, 0, 88)
(166, 72, 25, 5, 139)
(104, 36, 5, 16, 88)
(174, 148, 6, 9, 239)
(217, 156, 13, 4, 92)
(299, 151, 0, 0, 84)
(98, 148, 13, 3, 119)
(100, 221, 23, 3, 198)
(299, 86, 0, 0, 120)
(200, 138, 0, 0, 13)
(299, 205, 0, 0, 205)
(17, 217, 17, 4, 176)
(99, 84, 12, 4, 230)
(213, 136, 21, 1, 226)
(99, 190, 11, 4, 164)
(258, 8, 6, 6, 150)
(233, 206, 20, 8, 186)
(195, 202, 25, 2, 224)
(280, 133, 4, 16, 212)
(274, 35, 7, 11, 204)
(68, 168, 4, 3, 107)
(196, 88, 21, 5, 120)
(115, 35, 5, 12, 162)
(287, 220, 2, 5, 133)
(100, 84, 4, 21, 172)
(293, 157, 7, 1, 130)
(299, 112, 0, 3, 160)
(193, 21, 0, 0, 0)
(246, 173, 15, 1, 201)
(32, 206, 166, 0, 211)
(252, 152, 47, 0, 134)
(163, 141, 5, 10, 96)
(270, 101, 2, 9, 207)
(254, 107, 0, 17, 125)
(62, 22, 15, 9, 221)
(149, 0, 0, 166, 193)
(241, 41, 1, 10, 168)
(281, 224, 0, 0, 142)
(218, 87, 4, 40, 147)
(67, 153, 14, 13, 126)
(77, 194, 71, 0, 103)
(212, 125, 8, 2, 184)
(161, 221, 37, 2, 200)
(210, 92, 5, 7, 172)
(77, 196, 14, 4, 120)
(0, 129, 5, 3, 175)
(20, 177, 8, 8, 84)
(225, 94, 6, 3, 180)
(210, 119, 1, 4, 189)
(73, 191, 12, 4, 218)
(171, 77, 20, 6, 115)
(299, 24, 0, 57, 235)
(223, 175, 0, 9, 73)
(199, 155, 57, 0, 51)
(256, 168, 9, 2, 182)
(299, 23, 0, 95, 68)
(133, 116, 9, 13, 202)
(254, 121, 3, 16, 168)
(299, 142, 0, 56, 133)
(291, 215, 3, 2, 151)
(265, 134, 4, 3, 112)
(178, 15, 55, 11, 229)
(162, 202, 6, 2, 102)
(140, 204, 5, 1, 241)
(272, 221, 6, 2, 181)
(200, 193, 5, 5, 155)
(294, 209, 1, 3, 165)
(270, 205, 12, 4, 172)
(298, 222, 3, 5, 92)
(30, 153, 10, 4, 155)
(299, 100, 0, 40, 64)
(135, 207, 11, 3, 177)
(285, 0, 0, 141, 92)
(155, 88, 7, 10, 173)
(298, 215, 2, 2, 127)
(166, 152, 5, 7, 161)
(273, 124, 2, 13, 204)
(198, 142, 3, 14, 100)
(214, 224, 4, 0, 119)
(274, 48, 0, 121, 182)
(208, 159, 3, 1, 229)
(199, 128, 5, 12, 169)
(299, 49, 2, 8, 154)
(149, 188, 9, 4, 105)
(81, 181, 26, 1, 130)
(295, 223, 3, 10, 104)
(257, 55, 5, 7, 233)
(26, 211, 8, 8, 185)
(282, 136, 4, 6, 164)
(255, 8, 3, 13, 201)
(70, 71, 24, 6, 176)
(161, 113, 39, 0, 158)
(150, 208, 7, 5, 255)
(263, 76, 7, 23, 187)
(299, 203, 0, 22, 182)
(116, 211, 15, 8, 208)
(290, 145, 5, 12, 191)
(288, 88, 0, 81, 109)
(296, 69, 0, 66, 45)
(245, 145, 10, 1, 243)
(299, 224, 0, 0, 209)
(287, 140, 1, 7, 131)
(200, 174, 0, 16, 209)
(288, 159, 0, 40, 0)
(152, 125, 5, 14, 243)
(224, 159, 3, 5, 206)
(267, 210, 17, 1, 145)
(12, 214, 16, 3, 183)
(132, 8, 77, 0, 158)
(154, 146, 2, 4, 230)
(287, 108, 12, 1, 183)
(281, 202, 0, 0, 37)
(242, 130, 10, 7, 241)
(179, 194, 13, 2, 121)
(114, 8, 11, 8, 113)
(107, 196, 0, 0, 89)
(243, 149, 4, 16, 199)
(299, 176, 0, 8, 198)
(108, 222, 175, 0, 108)
(135, 224, 73, 0, 0)
(158, 188, 6, 3, 229)
(198, 174, 72, 0, 194)
(208, 132, 10, 8, 247)
(116, 74, 13, 6, 190)
(284, 160, 3, 6, 220)
(284, 140, 1, 7, 176)
(295, 210, 7, 3, 154)
(111, 213, 0, 0, 7)
(218, 121, 2, 9, 220)
(290, 41, 2, 1, 152)
(235, 60, 14, 0, 63)
(299, 41, 0, 114, 175)
(254, 80, 7, 4, 193)
(289, 124, 6, 7, 221)
(291, 83, 6, 3, 219)
(280, 166, 4, 1, 188)
(63, 87, 4, 28, 102)
(296, 218, 3, 1, 115)
(247, 88, 9, 12, 188)
(298, 193, 0, 31, 57)
(299, 146, 0, 0, 44)
(87, 166, 8, 1, 154)
(166, 206, 16, 4, 227)
(16, 191, 29, 2, 219)
(266, 86, 2, 5, 150)
(227, 119, 3, 1, 197)
(259, 207, 9, 1, 144)
(279, 120, 20, 4, 195)
(259, 114, 2, 8, 160)
(239, 224, 6, 10, 153)
(261, 224, 4, 0, 65)
(299, 222, 0, 1, 253)
(238, 209, 78, 0, 136)
(40, 155, 2, 6, 120)
(95, 163, 170, 0, 79)
(152, 215, 11, 8, 206)
(40, 22, 6, 14, 146)
(181, 46, 15, 4, 148)
(284, 179, 9, 1, 177)
(230, 122, 5, 7, 97)
(41, 145, 32, 1, 199)
(0, 143, 13, 2, 83)
(279, 16, 0, 99, 92)
(299, 98, 0, 100, 72)
(146, 204, 10, 2, 136)
(156, 65, 20, 7, 173)
(103, 41, 3, 33, 107)
(186, 219, 29, 0, 181)
(0, 203, 6, 8, 182)
(223, 65, 26, 4, 186)
(147, 212, 8, 3, 246)
(11, 176, 0, 63, 4)
(299, 220, 11, 1, 113)
(151, 50, 13, 6, 161)
(198, 111, 7, 4, 157)
(179, 123, 6, 15, 109)
(252, 216, 4, 4, 173)
(158, 121, 9, 5, 107)
(46, 0, 22, 9, 197)
(31, 35, 39, 5, 191)
(178, 31, 0, 75, 255)
(227, 201, 21, 3, 205)
(187, 205, 6, 4, 234)
(289, 207, 3, 3, 241)
(204, 152, 5, 5, 242)
(200, 38, 7, 14, 132)
(280, 181, 4, 8, 212)
(219, 59, 3, 3, 223)
(173, 201, 7, 3, 210)
(299, 8, 0, 110, 171)
(236, 137, 17, 2, 160)
(162, 213, 10, 1, 189)
(153, 11, 51, 0, 46)
(161, 86, 27, 2, 151)
(285, 224, 0, 0, 51)
(159, 118, 1, 38, 166)
(44, 224, 116, 0, 150)
(299, 185, 0, 0, 222)
(170, 224, 18, 2, 184)
(122, 61, 2, 23, 121)
(254, 138, 5, 1, 217)
(232, 61, 1, 24, 134)
(203, 98, 3, 6, 231)
(262, 169, 6, 2, 170)
(299, 109, 0, 23, 188)
(299, 151, 0, 1, 255)
(299, 86, 0, 103, 96)
(34, 3, 77, 0, 123)
(131, 0, 0, 121, 180)
(162, 194, 1, 10, 88)
(56, 185, 19, 2, 105)
(292, 200, 0, 18, 187)
(263, 96, 6, 1, 198)
(282, 84, 0, 16, 41)
(274, 156, 2, 5, 136)
(220, 162, 4, 2, 164)
(285, 155, 0, 0, 115)
(187, 41, 6, 18, 155)
(154, 173, 2, 16, 212)
(287, 183, 12, 2, 179)
(250, 69, 14, 2, 166)
(209, 59, 2, 14, 195)
(289, 31, 2, 9, 211)
(209, 74, 39, 0, 177)
(289, 201, 3, 0, 51)
(169, 64, 18, 1, 123)
(235, 152, 4, 4, 133)
(253, 24, 2, 43, 191)
(275, 55, 4, 3, 161)
(295, 13, 0, 196, 29)
(130, 224, 0, 0, 158)
(276, 196, 16, 1, 196)
(167, 132, 9, 18, 132)
(178, 153, 20, 5, 98)
(245, 172, 27, 1, 198)
(278, 172, 3, 4, 235)
(158, 191, 79, 0, 42)
(99, 202, 176, 0, 178)
(268, 0, 1, 14, 196)
(73, 39, 2, 20, 157)
(46, 34, 9, 19, 174)
(138, 118, 6, 4, 162)
(274, 79, 8, 7, 208)
(254, 119, 0, 83, 152)
(148, 134, 2, 35, 222)
(204, 113, 17, 6, 104)
(291, 99, 0, 15, 188)
(255, 200, 3, 2, 182)
(169, 56, 51, 0, 102)
(154, 129, 18, 2, 154)
(217, 203, 0, 7, 106)
(265, 200, 0, 14, 85)
(240, 87, 2, 12, 229)
(209, 158, 48, 0, 4)
(287, 206, 2, 8, 181)
(263, 144, 7, 2, 249)
(96, 68, 0, 54, 173)
(164, 212, 15, 1, 244)
(23, 103, 7, 23, 168)
(148, 206, 24, 1, 167)
(235, 0, 11, 9, 233)
(193, 148, 6, 4, 195)
(0, 115, 2, 7, 128)
(95, 156, 0, 21, 22)
(256, 65, 2, 14, 169)
(36, 142, 0, 0, 0)
(294, 38, 0, 0, 167)
(245, 148, 4, 4, 153)
(215, 195, 48, 0, 0)
(228, 157, 22, 0, 80)
(274, 185, 5, 2, 181)
(274, 86, 15, 6, 160)
(219, 215, 9, 6, 180)
(229, 79, 3, 7, 126)
(245, 63, 5, 12, 170)
(192, 147, 3, 10, 161)
(118, 209, 94, 0, 174)
(204, 129, 41, 0, 155)
(55, 212, 244, 0, 50)
(291, 176, 0, 91, 134)
(229, 106, 3, 11, 174)
(237, 122, 1, 5, 137)
(48, 196, 136, 0, 243)
(206, 2, 0, 8, 77)
(292, 79, 0, 84, 145)
(132, 6, 3, 5, 78)
(296, 193, 3, 10, 170)
(244, 223, 1, 8, 154)
(60, 218, 27, 1, 179)
(125, 224, 113, 0, 179)
(294, 15, 5, 4, 147)
(50, 209, 5, 10, 226)
(299, 135, 58, 3, 170)
(187, 106, 10, 1, 222)
(256, 162, 0, 66, 154)
(79, 92, 14, 6, 84)
(187, 124, 1, 6, 166)
(260, 140, 39, 0, 10)
(231, 169, 68, 0, 162)
(281, 209, 8, 1, 152)
(129, 22, 3, 21, 142)
(150, 224, 2, 0, 111)
(237, 195, 11, 0, 110)
(299, 208, 0, 11, 205)
(207, 162, 1, 35, 232)
(94, 195, 5, 8, 196)
(280, 88, 5, 3, 191)
(234, 174, 12, 0, 212)
(208, 196, 9, 1, 180)
(190, 210, 0, 0, 0)
(29, 15, 8, 21, 206)
(271, 207, 0, 0, 116)
(71, 148, 2, 3, 209)
(228, 55, 18, 4, 201)
(171, 179, 7, 5, 209)
(190, 127, 101, 0, 54)
(161, 203, 2, 2, 230)
(272, 160, 0, 22, 47)
(259, 222, 1, 2, 106)
(146, 201, 114, 0, 48)
(235, 224, 20, 0, 255)
(230, 11, 0, 181, 202)
(75, 127, 15, 4, 249)
(25, 224, 41, 0, 29)
(65, 128, 8, 5, 144)
(26, 55, 2, 52, 100)
(148, 95, 2, 30, 82)
(85, 199, 1, 6, 72)
(225, 222, 69, 0, 20)
(211, 212, 7, 0, 0)
(98, 173, 22, 3, 215)
(218, 141, 17, 5, 252)
(127, 82, 3, 31, 161)
(246, 193, 34, 1, 172)
(291, 141, 8, 1, 220)
(255, 96, 5, 10, 212)
(296, 102, 2, 3, 159)
(236, 196, 3, 7, 194)
(105, 143, 23, 5, 192)
(139, 153, 138, 0, 238)
(181, 188, 2, 4, 212)
(245, 224, 0, 0, 0)
(283, 120, 5, 4, 165)
(253, 178, 0, 0, 0)
(162, 224, 42, 0, 81)
(169, 213, 11, 0, 97)
(299, 180, 0, 22, 57)
(40, 14, 0, 0, 250)
(23, 223, 3, 7, 136)
(272, 76, 0, 55, 167)
(241, 173, 0, 0, 75)
(236, 187, 5, 3, 211)
(11, 110, 11, 4, 71)
(217, 81, 0, 124, 231)
(176, 202, 81, 0, 44)
(273, 129, 3, 6, 180)
(229, 115, 1, 13, 120)
(286, 197, 3, 6, 220)
(178, 190, 3, 8, 117)
(299, 40, 0, 11, 66)
(6, 47, 3, 13, 187)
(208, 161, 11, 3, 96)
(188, 182, 111, 0, 180)
(221, 224, 4, 2, 126)
(299, 113, 0, 36, 152)
(263, 124, 0, 58, 117)
(209, 200, 0, 0, 251)
(24, 147, 3, 7, 77)
(124, 217, 112, 0, 165)
(299, 20, 0, 168, 139)
(273, 101, 4, 9, 191)
(287, 215, 2, 2, 129)
(262, 18, 0, 196, 12)
(41, 185, 106, 0, 137)
(141, 218, 11, 1, 231)
(186, 108, 12, 10, 114)
(287, 42, 3, 5, 163)
(17, 224, 156, 0, 87)
(205, 224, 0, 0, 2)
(214, 152, 3, 3, 224)
(248, 224, 0, 0, 74)
(207, 139, 1, 12, 149)
(266, 109, 2, 2, 168)
(181, 110, 3, 9, 178)
(40, 154, 31, 1, 181)
(15, 75, 21, 2, 195)
(277, 201, 0, 0, 56)
(162, 173, 9, 8, 145)
(26, 200, 25, 11, 207)
(16, 188, 12, 3, 111)
(252, 139, 6, 1, 214)
(75, 224, 0, 0, 191)
(12, 193, 6, 6, 196)
(198, 182, 3, 4, 167)
(188, 31, 11, 6, 235)
(299, 38, 0, 105, 160)
(299, 55, 0, 4, 0)
(299, 224, 0, 0, 0)
(234, 211, 14, 0, 125)
(99, 56, 4, 6, 111)
(139, 199, 14, 3, 114)
(95, 108, 6, 5, 159)
(0, 224, 4, 0, 43)
(283, 93, 5, 3, 217)
(92, 206, 7, 2, 151)
(167, 139, 3, 10, 104)
(252, 208, 27, 0, 178)
(221, 196, 14, 4, 220)
(35, 224, 91, 0, 79)
(165, 224, 19, 0, 47)
(147, 135, 5, 4, 247)
(0, 45, 9, 4, 60)
(74, 119, 44, 7, 202)
(140, 205, 6, 1, 244)
(273, 180, 1, 9, 191)
(250, 14, 0, 143, 53)
(274, 117, 0, 87, 21)
(122, 208, 167, 0, 240)
(212, 72, 3, 6, 192)
(136, 34, 13, 4, 136)
(271, 224, 5, 16, 139)
(265, 192, 0, 0, 162)
(274, 204, 24, 0, 24)
(277, 128, 2, 6, 216)
(28, 216, 267, 0, 149)
(236, 181, 7, 6, 232)
(158, 110, 2, 24, 118)
(105, 119, 2, 15, 166)
(73, 89, 2, 13, 95)
(299, 116, 0, 27, 169)
(287, 197, 1, 9, 209)
(268, 116, 0, 0, 95)
(135, 222, 2, 1, 181)
(293, 102, 0, 0, 17)
(299, 204, 0, 9, 113)
(106, 208, 16, 3, 223)
(286, 128, 0, 78, 69)
(291, 96, 4, 12, 184)
(138, 224, 0, 0, 51)
(89, 215, 5, 4, 202)
(109, 142, 52, 1, 209)
(286, 126, 3, 2, 237)
(174, 224, 49, 0, 77)
(140, 223, 25, 14, 214)
(82, 200, 185, 0, 234)
(295, 205, 3, 0, 34)
(136, 224, 18, 0, 255)
(292, 65, 12, 3, 204)
(282, 74, 1, 4, 230)
(244, 66, 3, 2, 235)
(126, 208, 117, 0, 81)
(38, 184, 206, 0, 131)
(180, 26, 5, 14, 192)
(159, 114, 9, 0, 183)
(164, 0, 1, 65, 213)
(48, 56, 7, 32, 197)
(224, 146, 17, 1, 224)
(257, 199, 7, 2, 227)
(299, 91, 5, 2, 174)
(150, 13, 11, 5, 200)
(294, 156, 5, 0, 45)
(299, 20, 2, 4, 96)
(240, 15, 17, 1, 198)
(287, 67, 0, 83, 202)
(253, 133, 0, 0, 102)
(268, 146, 1, 9, 221)
(291, 142, 2, 18, 180)
(209, 147, 3, 7, 119)
(149, 192, 2, 4, 232)
(273, 187, 0, 18, 126)
(252, 220, 1, 3, 184)
(17, 70, 8, 13, 164)
(197, 224, 95, 0, 223)
(299, 205, 0, 0, 153)
(45, 220, 10, 3, 181)
(299, 40, 0, 0, 236)
(256, 202, 5, 1, 156)
(93, 92, 3, 19, 173)
(289, 41, 4, 4, 132)
(299, 131, 0, 40, 163)
(138, 149, 1, 22, 207)
(12, 100, 9, 4, 140)
(247, 2, 3, 7, 147)
(93, 116, 38, 6, 217)
(171, 187, 2, 6, 102)
(115, 55, 1, 34, 130)
(299, 47, 0, 13, 197)
(284, 211, 7, 0, 42)
(98, 221, 16, 1, 203)
(55, 177, 6, 11, 126)
(275, 216, 15, 0, 168)
(81, 88, 16, 4, 100)
(14, 156, 0, 0, 22)
(180, 184, 4, 3, 102)
(142, 87, 4, 16, 97)
(113, 151, 2, 12, 55)
(269, 20, 2, 11, 212)
(299, 36, 0, 91, 111)
(42, 208, 4, 6, 198)
(299, 98, 0, 69, 149)
(198, 218, 28, 0, 244)
(226, 224, 27, 0, 177)
(221, 168, 66, 0, 33)
(239, 220, 19, 1, 150)
(150, 29, 20, 17, 205)
(239, 208, 0, 4, 222)
(217, 150, 0, 50, 236)
(19, 133, 11, 7, 220)
(268, 83, 7, 4, 162)
(273, 97, 0, 54, 80)
(193, 64, 29, 0, 75)
(148, 54, 4, 7, 136)
(268, 135, 16, 2, 214)
(94, 190, 84, 0, 114)
(249, 215, 3, 0, 115)
(124, 142, 6, 4, 103)
(234, 161, 43, 0, 108)
(141, 159, 23, 0, 73)
(106, 149, 7, 4, 47)
(276, 16, 16, 2, 200)
(215, 72, 41, 0, 34)
(247, 155, 8, 2, 174)
(244, 106, 0, 51, 175)
(185, 224, 57, 0, 197)
(159, 116, 3, 8, 167)
(277, 218, 0, 6, 86)
(299, 213, 0, 0, 0)
(0, 35, 15, 8, 125)
(239, 186, 0, 0, 124)
(25, 77, 1, 8, 105)
(91, 224, 35, 0, 198)
(290, 34, 6, 5, 220)
(218, 224, 39, 0, 115)
(169, 79, 4, 27, 129)
(249, 160, 30, 1, 143)
(8, 183, 20, 2, 93)
(296, 75, 2, 9, 162)
(249, 92, 8, 2, 203)
(299, 187, 0, 0, 33)
(255, 223, 5, 1, 105)
(286, 50, 1, 4, 155)
(260, 224, 21, 0, 94)
(299, 18, 0, 0, 113)
(290, 123, 1, 1, 142)
(243, 79, 0, 145, 12)
(201, 144, 5, 10, 229)
(31, 97, 7, 13, 185)
(241, 144, 4, 4, 146)
(74, 219, 0, 0, 217)
(219, 209, 7, 7, 199)
(278, 149, 3, 0, 90)
(54, 91, 8, 6, 174)
(291, 140, 0, 10, 9)
(262, 0, 0, 51, 162)
(280, 124, 10, 1, 121)
(253, 196, 19, 0, 147)
(278, 0, 5, 14, 168)
(62, 211, 36, 2, 207)
(160, 204, 5, 1, 224)
(173, 125, 7, 2, 179)
(144, 211, 0, 0, 88)
(268, 199, 16, 1, 219)
(286, 96, 3, 3, 174)
(120, 144, 5, 10, 195)
(297, 129, 2, 4, 193)
(64, 211, 15, 4, 199)
(179, 224, 14, 0, 16)
(74, 120, 3, 8, 221)
(45, 201, 124, 0, 32)
(195, 99, 12, 3, 205)
(110, 109, 14, 6, 226)
(58, 222, 82, 0, 15)
(124, 31, 3, 10, 183)
(299, 106, 0, 38, 77)
(299, 84, 0, 137, 53)
(157, 144, 2, 12, 83)
(61, 224, 87, 0, 72)
(258, 122, 8, 9, 205)
(194, 220, 0, 0, 42)
(188, 26, 0, 49, 49)
(276, 150, 9, 1, 104)
(106, 148, 39, 0, 154)
(145, 189, 2, 7, 214)
(123, 201, 17, 5, 220)
(198, 48, 3, 11, 125)
(175, 61, 4, 6, 124)
(272, 195, 25, 0, 72)
(17, 224, 8, 0, 146)
(244, 119, 0, 0, 0)
(290, 153, 9, 1, 211)
(155, 224, 118, 0, 136)
(132, 45, 6, 5, 146)
(26, 188, 134, 0, 26)
(257, 120, 5, 3, 153)
(291, 183, 0, 51, 47)
(98, 205, 142, 0, 252)
(150, 149, 5, 9, 202)
(255, 165, 5, 0, 252)
(299, 141, 0, 6, 16)
(119, 224, 173, 0, 170)
(298, 28, 1, 10, 176)
(90, 15, 9, 10, 227)
(289, 147, 3, 4, 129)
(293, 209, 5, 4, 159)
(210, 156, 0, 40, 14)
(23, 177, 3, 0, 215)
(153, 196, 6, 4, 242)
(128, 194, 4, 27, 212)
(225, 198, 8, 1, 208)
(256, 130, 2, 9, 199)
(205, 215, 7, 4, 196)
(265, 170, 0, 57, 79)
(299, 191, 0, 0, 96)
(96, 219, 60, 0, 97)
(163, 193, 1, 9, 129)
(76, 139, 13, 2, 242)
(225, 40, 0, 35, 28)
(93, 200, 3, 5, 197)
(53, 194, 0, 13, 18)
(87, 203, 92, 0, 224)
(278, 194, 19, 1, 163)
(0, 220, 142, 0, 45)
(231, 208, 68, 0, 169)
(141, 31, 82, 0, 255)
(63, 116, 2, 32, 201)
(160, 195, 2, 6, 75)
(299, 199, 0, 24, 81)
(299, 212, 0, 12, 186)
(283, 135, 0, 51, 9)
(115, 214, 26, 2, 204)
(299, 53, 0, 13, 214)
(201, 184, 1, 3, 175)
(145, 224, 18, 4, 220)
(281, 201, 18, 0, 171)
(299, 0, 0, 15, 116)
(270, 124, 2, 6, 160)
(68, 136, 5, 6, 230)
(101, 0, 26, 0, 175)
(260, 0, 39, 0, 102)
(99, 124, 11, 4, 185)
(0, 99, 21, 1, 115)
(66, 93, 11, 5, 132)
(268, 129, 2, 6, 112)
(182, 17, 0, 21, 178)
(113, 19, 2, 23, 126)
(62, 148, 3, 5, 134)
(275, 150, 0, 0, 43)
(299, 224, 0, 0, 151)
(259, 118, 0, 27, 23)
(271, 82, 0, 14, 224)
(178, 210, 21, 4, 221)
(155, 172, 1, 5, 148)
(289, 188, 6, 4, 162)
(230, 215, 28, 0, 230)
(288, 200, 3, 5, 199)
(182, 46, 6, 34, 133)
(299, 185, 9, 0, 71)
(61, 211, 129, 0, 34)
(230, 113, 47, 0, 48)
(179, 224, 0, 0, 96)
(292, 187, 1, 2, 144)
(213, 117, 3, 2, 211)
(246, 121, 6, 4, 114)
(149, 197, 3, 8, 112)
(299, 224, 14, 0, 84)
(228, 164, 0, 0, 29)
(299, 134, 0, 54, 235)
(207, 120, 0, 104, 135)
(180, 151, 9, 2, 88)
(242, 191, 32, 1, 189)
(127, 173, 4, 12, 236)
(284, 64, 0, 12, 174)
(150, 224, 15, 0, 202)
(299, 220, 0, 0, 235)
(82, 21, 7, 3, 155)
(180, 55, 6, 4, 119)
(265, 176, 6, 4, 208)
(121, 193, 3, 5, 173)
(39, 197, 225, 0, 79)
(259, 48, 0, 141, 28)
(70, 219, 116, 0, 183)
(299, 194, 0, 0, 187)
(292, 112, 0, 3, 163)
(159, 183, 7, 4, 108)
(5, 204, 54, 0, 124)
(155, 224, 76, 0, 216)
(202, 104, 7, 4, 110)
(267, 49, 0, 60, 86)
(218, 55, 1, 18, 181)
(134, 224, 10, 0, 232)
(291, 41, 0, 169, 201)
(232, 166, 0, 47, 67)
(211, 118, 2, 8, 158)
(182, 180, 12, 0, 88)
(227, 101, 0, 0, 206)
(275, 211, 24, 0, 101)
(292, 190, 7, 0, 132)
(181, 62, 43, 0, 59)
(1, 169, 18, 7, 54)
(121, 158, 111, 0, 152)
(298, 80, 1, 8, 200)
(296, 164, 7, 2, 205)
(299, 181, 0, 0, 255)
(129, 223, 170, 0, 94)
(86, 112, 7, 8, 177)
(77, 198, 3, 2, 165)
(297, 32, 2, 6, 150)
(247, 101, 5, 4, 216)
(28, 90, 14, 4, 117)
(83, 73, 5, 18, 142)
(293, 105, 3, 1, 141)
(284, 116, 6, 1, 223)
(204, 103, 5, 2, 106)
(278, 34, 0, 82, 111)
(231, 28, 3, 19, 148)
(237, 53, 5, 13, 191)
(143, 112, 5, 5, 161)
(176, 176, 2, 3, 134)
(222, 48, 18, 2, 195)
(54, 132, 20, 2, 144)
(143, 159, 3, 9, 100)
(76, 222, 121, 0, 227)
(60, 198, 5, 5, 243)
(298, 106, 1, 5, 196)
(204, 195, 5, 4, 212)
(289, 129, 0, 0, 251)
(299, 131, 0, 10, 228)
(295, 6, 5, 6, 183)
(160, 151, 0, 27, 24)
(245, 224, 5, 15, 125)
(262, 137, 5, 1, 114)
(270, 172, 0, 1, 214)
(134, 140, 4, 2, 123)
(206, 205, 14, 10, 210)
(181, 129, 59, 0, 212)
(293, 93, 2, 6, 147)
(258, 157, 4, 2, 215)
(235, 222, 2, 2, 158)
(280, 41, 0, 178, 201)
(171, 112, 4, 10, 142)
(11, 127, 16, 2, 144)
(216, 76, 9, 6, 222)
(201, 189, 95, 0, 130)
(253, 151, 4, 1, 113)
(273, 32, 1, 8, 233)
(59, 193, 125, 0, 182)
(259, 107, 4, 7, 197)
(183, 198, 7, 1, 221)
(133, 15, 5, 7, 111)
(19, 224, 127, 0, 92)
(203, 172, 8, 1, 198)
(173, 40, 4, 5, 128)
(27, 8, 0, 28, 114)
(87, 32, 4, 5, 197)
(277, 81, 1, 1, 184)
(285, 5, 0, 143, 153)
(299, 175, 0, 0, 33)
(47, 181, 4, 7, 186)
(33, 58, 18, 1, 148)
(195, 78, 6, 3, 83)
(230, 162, 10, 3, 113)
(185, 200, 14, 2, 142)
(299, 65, 0, 43, 126)
(241, 82, 0, 0, 210)
(267, 67, 0, 59, 106)
(100, 174, 115, 0, 169)
(0, 136, 33, 0, 181)
(102, 121, 8, 1, 136)
(268, 193, 0, 0, 5)
(248, 85, 0, 75, 100)
(266, 174, 21, 0, 162)
(198, 222, 0, 0, 9)
(297, 48, 2, 5, 185)
(270, 166, 19, 0, 29)
(263, 215, 31, 0, 249)
(139, 224, 98, 0, 234)
(151, 99, 0, 106, 23)
(122, 224, 141, 0, 184)
(263, 44, 3, 3, 130)
(136, 45, 2, 14, 154)
(289, 215, 0, 0, 132)
(195, 165, 8, 4, 254)
(285, 81, 4, 11, 154)
(108, 180, 6, 9, 219)
(232, 224, 0, 0, 255)
(259, 215, 4, 1, 238)
(299, 29, 3, 10, 186)
(174, 207, 21, 0, 132)
(131, 204, 3, 2, 189)
(86, 51, 3, 25, 184)
(298, 0, 7, 4, 149)
(281, 19, 15, 1, 178)
(37, 207, 174, 0, 198)
(211, 6, 0, 133, 114)
(187, 209, 28, 0, 155)
(217, 224, 44, 0, 78)
(294, 199, 3, 1, 151)
(205, 172, 26, 0, 174)
(245, 0, 0, 0, 224)
(291, 224, 0, 0, 213)
(211, 166, 4, 1, 165)
(30, 224, 0, 0, 16)
(118, 8, 7, 11, 114)
(29, 216, 0, 0, 66)
(188, 224, 0, 6, 8)
(257, 64, 0, 0, 215)
(295, 224, 0, 0, 115)
(64, 128, 3, 5, 106)
(299, 224, 0, 0, 198)
(252, 212, 15, 2, 177)
(78, 205, 202, 0, 3)
(127, 167, 1, 6, 100)
(255, 206, 2, 1, 213)
(263, 59, 0, 46, 174)
(72, 167, 6, 1, 251)
(293, 134, 22, 1, 225)
(273, 152, 0, 0, 1)
(26, 195, 289, 0, 168)
(229, 61, 2, 17, 169)
(299, 138, 0, 0, 233)
(170, 119, 6, 14, 166)
(193, 121, 2, 8, 105)
(299, 43, 0, 154, 253)
(272, 91, 0, 1, 251)
(199, 213, 14, 0, 214)
(128, 169, 27, 0, 86)
(175, 191, 82, 0, 232)
(271, 149, 2, 3, 154)
(299, 183, 0, 37, 87)
(225, 196, 17, 0, 36)
(253, 207, 15, 0, 95)
(236, 207, 67, 0, 3)
(299, 224, 0, 0, 176)
(265, 224, 0, 0, 255)
(272, 162, 0, 0, 12)
(115, 206, 118, 0, 91)
(299, 81, 1, 4, 207)
(299, 60, 0, 58, 121)
(183, 139, 2, 3, 236)
(255, 186, 8, 3, 180)
(158, 212, 0, 0, 207)
(225, 202, 103, 0, 153)
(99, 196, 6, 5, 224)
(254, 164, 1, 11, 217)
(293, 20, 6, 1, 172)
(276, 149, 2, 4, 210)
(190, 183, 7, 3, 249)
(291, 44, 7, 1, 177)
(274, 121, 25, 0, 29)
(254, 23, 0, 85, 200)
(142, 70, 17, 2, 121)
(112, 144, 45, 0, 147)
(130, 142, 0, 14, 187)
(22, 132, 3, 7, 193)
(299, 205, 0, 29, 130)
(299, 76, 0, 148, 198)
(94, 128, 14, 2, 160)
(284, 224, 0, 0, 217)
(105, 93, 10, 2, 234)
(286, 161, 4, 7, 229)
(276, 224, 0, 0, 0)
(114, 147, 15, 5, 200)
(251, 0, 2, 2, 201)
(298, 189, 0, 0, 176)
(287, 109, 3, 5, 158)
(124, 0, 5, 7, 118)
(299, 224, 0, 0, 19)
(287, 146, 0, 13, 227)
(232, 182, 3, 3, 206)
(299, 53, 0, 70, 255)
(221, 116, 1, 6, 209)
(212, 219, 2, 0, 57)
(44, 223, 45, 0, 103)
(19, 224, 147, 0, 37)
(286, 208, 3, 2, 164)
(164, 224, 122, 0, 177)
(225, 123, 7, 2, 124)
(97, 224, 154, 0, 22)
(299, 21, 0, 82, 35)
(171, 186, 5, 1, 112)
(289, 156, 2, 4, 112)
(196, 126, 3, 11, 108)
(108, 224, 118, 0, 44)
(263, 165, 7, 3, 226)
(136, 121, 0, 90, 236)
(165, 192, 64, 0, 169)
(271, 161, 0, 20, 255)
(273, 170, 5, 4, 232)
(285, 157, 0, 60, 96)
(299, 134, 0, 10, 230)
(147, 145, 2, 3, 81)
(299, 223, 11, 0, 62)
(187, 83, 26, 2, 106)
(234, 192, 32, 1, 174)
(118, 193, 28, 0, 132)
(285, 62, 5, 4, 224)
(132, 153, 53, 0, 9)
(215, 111, 0, 0, 23)
(173, 85, 17, 1, 145)
(270, 224, 0, 0, 241)
(45, 126, 4, 10, 164)
(202, 178, 28, 1, 242)
(227, 68, 24, 1, 189)
(249, 87, 0, 10, 186)
(230, 161, 3, 1, 84)
(278, 41, 6, 2, 210)
(175, 88, 31, 0, 255)
(39, 224, 253, 0, 189)
(86, 42, 9, 5, 139)
(106, 81, 4, 29, 224)
(13, 63, 0, 70, 8)
(142, 187, 101, 0, 6)
(93, 165, 13, 5, 120)
(293, 216, 6, 0, 249)
(154, 192, 9, 1, 95)
(57, 174, 35, 1, 169)
(4, 224, 64, 0, 140)
(292, 132, 0, 13, 157)
(128, 56, 1, 13, 108)
(28, 87, 3, 22, 117)
(299, 197, 1, 4, 151)
(53, 56, 2, 7, 173)
(254, 202, 7, 1, 160)
(284, 120, 0, 57, 109)
(196, 224, 23, 0, 18)
(254, 13, 14, 2, 178)
(284, 53, 2, 1, 125)
(20, 195, 9, 6, 208)
(139, 115, 105, 0, 240)
(299, 186, 0, 0, 113)
(197, 42, 6, 3, 155)
(72, 203, 15, 2, 186)
(108, 0, 4, 26, 219)
(198, 87, 0, 15, 155)
(264, 224, 14, 0, 63)
(291, 21, 8, 2, 180)
(156, 125, 9, 4, 109)
(69, 224, 14, 0, 94)
(89, 223, 0, 0, 48)
(146, 151, 34, 0, 79)
(222, 220, 34, 0, 175)
(195, 224, 0, 0, 50)
(10, 121, 16, 2, 147)
(59, 85, 28, 3, 168)
(246, 108, 4, 12, 189)
(254, 37, 1, 0, 139)
(272, 86, 8, 1, 193)
(145, 27, 0, 67, 255)
(196, 190, 1, 5, 118)
(30, 224, 36, 0, 8)
(270, 139, 3, 5, 158)
(292, 0, 3, 6, 158)
(106, 163, 109, 0, 108)
(279, 224, 0, 0, 100)
(293, 70, 6, 0, 87)
(299, 25, 0, 29, 59)
(264, 224, 0, 0, 245)
(229, 84, 6, 2, 164)
(270, 218, 29, 0, 53)
(10, 220, 193, 0, 0)
(265, 172, 0, 13, 129)
(246, 6, 2, 20, 215)
(144, 94, 6, 16, 85)
(19, 209, 4, 0, 160)
(282, 106, 3, 5, 162)
(56, 224, 230, 0, 165)
(228, 153, 2, 2, 160)
(86, 223, 83, 0, 25)
(287, 122, 3, 2, 220)
(191, 135, 5, 7, 252)
(234, 161, 4, 2, 199)
(41, 79, 25, 4, 208)
(112, 63, 3, 29, 162)
(155, 187, 6, 2, 200)
(267, 99, 0, 63, 157)
(176, 185, 3, 2, 235)
(73, 159, 139, 0, 217)
(171, 215, 2, 2, 204)
(299, 40, 0, 108, 53)
(83, 224, 22, 0, 163)
(274, 4, 4, 18, 179)
(108, 208, 113, 0, 56)
(273, 117, 0, 65, 42)
(0, 138, 7, 1, 48)
(158, 157, 110, 0, 224)
(264, 224, 2, 16, 124)
(130, 97, 16, 8, 99)
(271, 129, 2, 4, 238)
(299, 64, 0, 145, 31)
(90, 199, 4, 2, 182)
(230, 158, 6, 1, 211)
(299, 84, 0, 58, 90)
(107, 223, 38, 0, 75)
(239, 181, 1, 3, 209)
(299, 148, 0, 55, 49)
(155, 76, 4, 9, 118)
(28, 43, 4, 3, 134)
(293, 201, 1, 3, 134)
(93, 67, 3, 4, 217)
(241, 99, 0, 39, 128)
(238, 117, 0, 0, 13)
(298, 184, 1, 7, 152)
(220, 204, 21, 0, 141)
(110, 197, 27, 0, 255)
(261, 145, 1, 20, 216)
(230, 56, 0, 4, 217)
(86, 222, 110, 0, 183)
(29, 224, 196, 0, 152)
(276, 208, 5, 1, 162)
(299, 224, 0, 0, 20)
(299, 0, 0, 44, 193)
(231, 218, 58, 0, 220)
(216, 26, 14, 7, 185)
(104, 136, 18, 2, 71)
(162, 0, 49, 8, 222)
(299, 80, 0, 70, 117)
(257, 0, 1, 27, 206)
(0, 134, 3, 4, 60)
(68, 114, 17, 3, 108)
(197, 224, 22, 0, 60)
(290, 183, 0, 37, 255)
(21, 224, 127, 0, 115)
(281, 198, 0, 23, 234)
(264, 65, 2, 3, 174)
(297, 207, 2, 1, 199)
(180, 167, 2, 8, 222)
(286, 218, 1, 2, 122)
(294, 214, 18, 0, 149)
(299, 205, 0, 19, 239)
(274, 103, 2, 3, 138)
(299, 113, 0, 0, 125)
(234, 221, 4, 2, 142)
(142, 209, 1, 5, 186)
(228, 162, 2, 3, 192)
(38, 146, 17, 3, 243)
(299, 97, 0, 19, 78)
(118, 112, 0, 0, 23)
(294, 171, 7, 2, 211)
(128, 224, 0, 0, 191)
(150, 0, 4, 14, 174)
(297, 188, 0, 21, 220)
(271, 224, 4, 0, 221)
(292, 224, 0, 0, 54)
(110, 167, 5, 3, 235)
(274, 167, 0, 14, 107)
(223, 54, 2, 9, 117)
(275, 126, 0, 58, 101)
(291, 203, 5, 1, 195)
(263, 224, 23, 0, 225)
(122, 85, 2, 11, 213)
(132, 155, 0, 22, 108)
(10, 16, 103, 0, 117)
(154, 163, 4, 3, 117)
(193, 200, 26, 0, 116)
(203, 129, 16, 2, 149)
(293, 68, 6, 0, 205)
(164, 224, 125, 0, 52)
(286, 212, 13, 2, 171)
(250, 47, 18, 1, 190)
(172, 79, 0, 0, 134)
(246, 143, 1, 2, 133)
(66, 159, 6, 2, 170)
(87, 207, 12, 2, 195)
(158, 0, 0, 50, 36)
(1, 76, 0, 12, 199)
(65, 219, 5, 1, 192)
(213, 36, 1, 8, 210)
(236, 213, 39, 0, 147)
(208, 89, 0, 145, 99)
(287, 13, 0, 0, 51)
(286, 104, 0, 112, 255)
(299, 36, 0, 46, 185)
(194, 71, 10, 4, 114)
(290, 145, 10, 2, 202)
(38, 90, 7, 7, 150)
(288, 51, 3, 23, 207)
(163, 107, 2, 19, 117)
(288, 62, 0, 41, 160)
(197, 209, 63, 0, 90)
(127, 82, 6, 12, 163)
(191, 204, 31, 0, 30)
(57, 188, 57, 0, 193)
(260, 132, 0, 82, 38)
(299, 179, 0, 0, 0)
(291, 192, 0, 5, 86)
(294, 158, 0, 28, 73)
(282, 183, 0, 41, 173)
(69, 150, 11, 0, 119)
(214, 189, 0, 29, 0)
(220, 117, 45, 0, 115)
(272, 220, 8, 2, 166)
(249, 170, 0, 0, 16)
(224, 70, 13, 4, 133)
(290, 219, 2, 5, 121)
(170, 16, 14, 6, 232)
(238, 160, 2, 5, 119)
(178, 171, 26, 0, 22)
(55, 0, 0, 68, 188)
(14, 223, 190, 0, 67)
(291, 36, 0, 83, 134)
(206, 45, 0, 9, 96)
(203, 224, 18, 0, 241)
(164, 205, 0, 19, 29)
(108, 144, 2, 5, 71)
(137, 216, 38, 0, 67)
(278, 6, 1, 6, 191)
(226, 148, 7, 2, 148)
(251, 141, 5, 1, 125)
(186, 196, 37, 0, 26)
(141, 211, 56, 0, 148)
(277, 170, 0, 39, 0)
(274, 132, 0, 59, 99)
(132, 149, 84, 0, 180)
(244, 90, 2, 17, 216)
(282, 148, 0, 42, 212)
(276, 224, 22, 0, 145)
(110, 224, 7, 0, 230)
(299, 122, 0, 0, 26)
(65, 179, 20, 2, 214)
(244, 218, 4, 1, 148)
(22, 34, 3, 14, 203)
(154, 90, 0, 33, 68)
(200, 210, 7, 0, 129)
(210, 48, 1, 19, 163)
(131, 69, 1, 17, 114)
(299, 159, 0, 45, 191)
(266, 74, 33, 0, 176)
(54, 50, 10, 1, 130)
(249, 162, 0, 54, 232)
(147, 63, 2, 11, 99)
(2, 179, 11, 3, 191)
(252, 221, 29, 0, 176)
(0, 224, 57, 0, 144)
(194, 196, 0, 0, 81)
(80, 176, 10, 3, 154)
(173, 209, 16, 1, 215)
(251, 171, 21, 2, 196)
(3, 224, 42, 0, 8)
(49, 158, 4, 9, 97)
(299, 207, 0, 4, 0)
(47, 224, 4, 1, 212)
(188, 173, 0, 15, 129)
(129, 96, 0, 37, 137)
(140, 133, 0, 16, 56)
(299, 153, 5, 0, 35)
(129, 180, 7, 2, 186)
(193, 194, 3, 3, 246)
(231, 174, 20, 1, 220)
(22, 224, 196, 0, 54)
(279, 143, 0, 40, 61)
(259, 62, 22, 1, 193)
(294, 80, 5, 1, 207)
(239, 159, 23, 0, 75)
(247, 186, 5, 5, 192)
(269, 162, 9, 4, 229)
(289, 84, 2, 1, 235)
(0, 214, 37, 0, 85)
(297, 167, 0, 50, 145)
(298, 139, 1, 9, 211)
(299, 39, 0, 55, 59)
(123, 170, 4, 5, 88)
(296, 53, 3, 5, 187)
(265, 224, 15, 0, 128)
(299, 143, 16, 6, 211)
(183, 206, 4, 4, 198)
(228, 208, 11, 1, 184)
(87, 156, 0, 59, 135)
(198, 87, 0, 104, 190)
(107, 199, 6, 2, 133)
(6, 182, 16, 3, 80)
(299, 120, 0, 64, 76)
(132, 180, 2, 12, 192)
(257, 94, 0, 0, 197)
(289, 164, 0, 25, 108)
(165, 197, 103, 0, 72)
(299, 210, 0, 0, 66)
(272, 63, 8, 5, 182)
(0, 202, 25, 0, 31)
(5, 205, 6, 0, 79)
(293, 224, 6, 0, 166)
(278, 120, 0, 0, 107)
(33, 30, 3, 36, 171)
(127, 143, 10, 0, 141)
(264, 203, 0, 3, 169)
(160, 174, 9, 2, 138)
(295, 206, 3, 1, 190)
(203, 114, 3, 10, 88)
(111, 18, 2, 5, 166)
(245, 145, 3, 4, 228)
(208, 220, 21, 1, 175)
(298, 45, 8, 2, 227)
(164, 140, 2, 4, 189)
(237, 224, 31, 0, 220)
(106, 152, 2, 10, 248)
(88, 91, 4, 19, 95)
(156, 166, 0, 0, 161)
(225, 218, 10, 2, 169)
(166, 53, 1, 6, 150)
(149, 208, 2, 2, 177)
(196, 222, 11, 2, 177)
(113, 84, 1, 4, 89)
(245, 166, 0, 6, 0)
(224, 80, 1, 4, 122)
(249, 98, 1, 14, 212)
(41, 187, 16, 4, 189)
(294, 145, 5, 1, 145)
(21, 193, 9, 9, 214)
(9, 224, 75, 0, 119)
(235, 59, 29, 0, 79)
(287, 21, 2, 4, 227)
(206, 147, 50, 0, 220)
(299, 32, 17, 2, 140)
(299, 67, 0, 44, 116)
(23, 113, 25, 6, 156)
(162, 99, 1, 11, 114)
(255, 100, 0, 63, 231)
(121, 193, 1, 4, 216)
(299, 153, 0, 8, 99)
(236, 172, 0, 0, 90)
(299, 158, 0, 0, 51)
(180, 201, 10, 2, 168)
(100, 28, 10, 5, 186)
(252, 131, 0, 7, 153)
(277, 216, 6, 1, 146)
(299, 73, 0, 120, 10)
(212, 195, 3, 1, 135)
(299, 4, 0, 62, 28)
(42, 114, 1, 15, 153)
(12, 224, 13, 0, 72)
(287, 188, 12, 0, 84)
(215, 173, 13, 0, 221)
(287, 0, 1, 14, 150)
(167, 204, 7, 2, 129)
(82, 45, 146, 0, 127)
(272, 170, 1, 2, 226)
(299, 115, 0, 27, 129)
(264, 11, 7, 3, 199)
(299, 68, 0, 69, 243)
(167, 167, 4, 5, 232)
(268, 102, 31, 0, 176)
(276, 15, 0, 27, 155)
(45, 211, 82, 0, 167)
(149, 224, 0, 0, 141)
(3, 224, 205, 0, 215)
(285, 224, 0, 0, 90)
(105, 224, 169, 0, 112)
(193, 224, 77, 0, 200)
(9, 6, 17, 8, 193)
(4, 113, 16, 0, 231)
(250, 224, 22, 0, 237)
(244, 60, 3, 5, 143)
(299, 50, 0, 0, 38)
(90, 224, 82, 0, 180)
(293, 78, 6, 2, 158)
(268, 143, 15, 1, 184)
(241, 150, 2, 6, 241)
(220, 224, 78, 0, 30)
(258, 214, 7, 1, 175)
(15, 211, 59, 0, 94)
(288, 142, 1, 7, 173)
(295, 128, 0, 27, 0)
(91, 109, 3, 4, 207)
(292, 102, 0, 66, 72)
(30, 176, 3, 14, 101)
(61, 188, 152, 0, 145)
(299, 224, 0, 0, 98)
(243, 91, 0, 133, 135)
(290, 46, 2, 3, 231)
(9, 201, 38, 0, 168)
(270, 83, 0, 62, 141)
(239, 114, 21, 1, 174)
(288, 157, 11, 0, 255)
(259, 63, 2, 4, 168)
(238, 153, 4, 3, 242)
(244, 146, 1, 5, 231)
(299, 179, 11, 0, 96)
(264, 143, 0, 13, 152)
(242, 194, 0, 12, 42)
(211, 152, 88, 0, 228)
(198, 120, 1, 21, 104)
(21, 206, 113, 0, 82)
(149, 148, 2, 4, 98)
(290, 126, 0, 0, 124)
(191, 85, 2, 8, 135)
(16, 224, 54, 0, 51)
(98, 135, 3, 16, 216)
(295, 219, 1, 5, 105)
(290, 192, 0, 0, 167)
(294, 29, 0, 38, 244)
(289, 135, 2, 1, 184)
(258, 111, 0, 8, 0)
(118, 224, 14, 4, 192)
(136, 213, 3, 2, 230)
(299, 199, 0, 23, 0)
(115, 169, 7, 5, 240)
(190, 93, 17, 0, 159)
(297, 48, 1, 1, 239)
(12, 218, 241, 0, 161)
(138, 196, 5, 5, 138)
(272, 200, 0, 13, 26)
(196, 192, 5, 3, 144)
(244, 183, 3, 1, 198)
(248, 22, 33, 0, 125)
(247, 149, 0, 94, 166)
(253, 95, 1, 27, 214)
(240, 194, 20, 1, 175)
(216, 103, 3, 4, 180)
(0, 187, 36, 1, 133)
(299, 202, 0, 0, 97)
(215, 40, 2, 13, 124)
(88, 50, 9, 9, 144)
(140, 214, 96, 0, 107)
(248, 20, 6, 3, 212)
(200, 192, 0, 0, 100)
(29, 145, 7, 8, 155)
(254, 217, 13, 1, 186)
(299, 186, 0, 0, 88)
(299, 58, 0, 145, 113)
(264, 170, 30, 0, 245)
(234, 15, 2, 6, 127)
(277, 146, 22, 0, 136)
(272, 153, 5, 2, 175)
(105, 136, 53, 0, 160)
(244, 205, 8, 1, 173)
(284, 181, 12, 1, 205)
(232, 86, 2, 11, 229)
(79, 161, 7, 7, 114)
(228, 204, 68, 0, 50)
(259, 188, 0, 14, 161)
(92, 211, 0, 0, 128)
(281, 57, 0, 196, 35)
(129, 0, 7, 5, 175)
(289, 175, 0, 0, 233)
(243, 154, 6, 2, 221)
(286, 59, 0, 88, 57)
(21, 224, 228, 0, 135)
(80, 210, 78, 0, 142)
(160, 0, 29, 3, 219)
(226, 211, 8, 0, 78)
(269, 214, 0, 0, 209)
(31, 43, 13, 6, 158)
(272, 76, 3, 7, 226)
(102, 208, 0, 8, 34)
(152, 209, 119, 0, 31)
(51, 221, 114, 0, 204)
(71, 224, 91, 0, 157)
(276, 224, 16, 0, 209)
(77, 212, 18, 0, 147)
(191, 122, 18, 0, 107)
(293, 218, 6, 0, 126)
(6, 116, 18, 2, 124)
(23, 141, 6, 3, 157)
(296, 203, 0, 11, 166)
(138, 207, 5, 1, 212)
(84, 224, 12, 2, 181)
(209, 221, 44, 0, 39)
(285, 11, 0, 36, 162)
(285, 154, 0, 35, 167)
(286, 210, 4, 3, 211)
(287, 175, 7, 0, 239)
(225, 0, 0, 65, 93)
(186, 162, 56, 0, 10)
(265, 224, 18, 0, 251)
(253, 129, 46, 0, 48)
(299, 177, 0, 15, 72)
(228, 69, 0, 110, 236)
(223, 202, 98, 0, 152)
(254, 204, 0, 0, 72)
(188, 189, 6, 1, 246)
(292, 111, 2, 2, 237)
(0, 188, 16, 3, 107)
(47, 224, 47, 0, 172)
(249, 112, 3, 4, 157)
(224, 220, 0, 0, 0)
(266, 177, 0, 8, 90)
(299, 224, 0, 0, 50)
(299, 204, 0, 41, 134)
(298, 99, 0, 50, 58)
(299, 134, 0, 16, 4)
(281, 29, 0, 62, 225)
(133, 224, 21, 0, 28)
(276, 29, 7, 2, 188)
(2, 220, 0, 0, 140)
(162, 210, 0, 14, 29)
(131, 143, 5, 2, 226)
(299, 71, 0, 135, 195)
(296, 165, 0, 3, 163)
(94, 61, 0, 16, 255)
(200, 192, 5, 1, 172)
(127, 200, 5, 4, 174)
(146, 197, 3, 7, 108)
(299, 119, 28, 9, 213)
(168, 224, 0, 0, 91)
(273, 224, 9, 0, 202)
(293, 212, 0, 0, 125)
(299, 209, 0, 0, 39)
(230, 224, 34, 0, 123)
(283, 166, 2, 2, 195)
(228, 187, 0, 18, 186)
(253, 90, 0, 25, 91)
(128, 136, 16, 4, 109)
(222, 224, 24, 0, 54)
(299, 150, 0, 13, 80)
(135, 216, 4, 7, 187)
(108, 162, 4, 1, 141)
(299, 198, 0, 0, 232)
(71, 200, 4, 5, 209)
(299, 130, 0, 48, 102)
(246, 178, 0, 10, 48)
(126, 224, 14, 2, 183)
(283, 210, 16, 0, 1)
(58, 202, 11, 4, 236)
(230, 178, 0, 40, 24)
(273, 69, 0, 155, 224)
(110, 48, 2, 16, 100)
(276, 168, 2, 2, 186)
(163, 223, 7, 1, 200)
(269, 86, 4, 6, 202)
(284, 55, 2, 16, 219)
(247, 96, 2, 3, 146)
(250, 121, 3, 1, 158)
(278, 111, 0, 53, 111)
(34, 220, 15, 2, 193)
(65, 224, 178, 0, 79)
(134, 224, 34, 0, 79)
(299, 89, 0, 135, 70)
(143, 22, 6, 8, 207)
(234, 224, 2, 3, 204)
(216, 195, 3, 6, 205)
(217, 206, 1, 10, 211)
(190, 36, 0, 41, 79)
(200, 159, 5, 3, 150)
(104, 138, 13, 1, 66)
(0, 212, 0, 0, 0)
(298, 224, 1, 7, 97)
(277, 70, 5, 6, 153)
(229, 145, 13, 1, 226)
(172, 221, 5, 3, 194)
(218, 0, 27, 4, 231)
(292, 212, 0, 0, 199)
(288, 107, 0, 8, 57)
(118, 213, 43, 0, 229)
(299, 224, 0, 13, 0)
(299, 189, 0, 14, 211)
(112, 204, 9, 1, 147)
(31, 41, 5, 17, 172)
(48, 23, 4, 5, 196)
(243, 224, 0, 0, 192)
(186, 120, 1, 9, 138)
(288, 193, 11, 1, 176)
(277, 145, 0, 23, 50)
(142, 97, 3, 16, 93)
(252, 103, 0, 121, 170)
(123, 192, 1, 4, 76)
(289, 205, 8, 0, 251)
(298, 196, 1, 6, 165)
(250, 223, 1, 1, 195)
(169, 128, 1, 21, 113)
(42, 68, 21, 12, 192)
(259, 145, 0, 54, 0)
(299, 87, 0, 2, 173)
(171, 44, 7, 4, 165)
(153, 200, 19, 0, 255)
(114, 49, 5, 5, 69)
(299, 31, 0, 105, 63)
(61, 224, 15, 2, 172)
(296, 51, 1, 3, 174)
(298, 66, 0, 90, 162)
(227, 67, 3, 6, 132)
(224, 17, 2, 12, 232)
(243, 184, 0, 22, 216)
(145, 218, 110, 0, 147)
(201, 191, 3, 3, 210)
(216, 116, 2, 5, 109)
(26, 114, 185, 0, 195)
(20, 178, 0, 0, 78)
(192, 44, 2, 4, 207)
(58, 152, 12, 1, 154)
(299, 184, 0, 0, 0)
(287, 121, 0, 31, 84)
(5, 148, 9, 4, 72)
(223, 160, 1, 5, 189)
(78, 120, 3, 5, 115)
(224, 139, 13, 2, 232)
(112, 224, 90, 0, 201)
(283, 84, 0, 0, 21)
(79, 224, 58, 0, 208)
(266, 110, 0, 32, 116)
(217, 68, 0, 0, 144)
(6, 213, 222, 0, 244)
(105, 216, 7, 3, 221)
(199, 102, 1, 4, 195)
(65, 224, 22, 0, 130)
(269, 130, 0, 104, 228)
(150, 92, 2, 6, 195)
(299, 97, 0, 42, 230)
(299, 177, 0, 0, 70)
(194, 189, 3, 3, 198)
(164, 37, 5, 16, 196)
(105, 55, 8, 1, 167)
(280, 224, 0, 0, 164)
(254, 143, 11, 2, 238)
(299, 157, 0, 58, 16)
(296, 117, 3, 1, 158)
(43, 137, 21, 3, 160)
(229, 203, 8, 0, 145)
(299, 44, 0, 25, 16)
(212, 31, 1, 12, 225)
(28, 220, 0, 4, 255)
(299, 224, 0, 0, 86)
(106, 183, 5, 4, 188)
(0, 90, 12, 1, 93)
(176, 178, 2, 3, 127)
(174, 223, 17, 0, 61)
(56, 163, 13, 5, 146)
(128, 220, 12, 1, 194)
(272, 83, 0, 115, 67)
(117, 207, 4, 1, 186)
(0, 27, 3, 6, 189)
(99, 39, 2, 14, 161)
(290, 224, 9, 0, 0)
(161, 224, 0, 0, 27)
(229, 213, 0, 0, 214)
(280, 134, 0, 0, 42)
(260, 96, 0, 28, 98)
(174, 176, 1, 9, 230)
(289, 191, 0, 6, 240)
(250, 110, 0, 94, 176)
(299, 118, 0, 21, 0)
(59, 221, 20, 2, 158)
(283, 0, 0, 17, 147)
(36, 211, 0, 0, 60)
(299, 143, 0, 30, 181)
(122, 44, 2, 4, 190)
(268, 177, 6, 1, 192)
(262, 41, 4, 4, 152)
(180, 63, 4, 10, 137)
(278, 137, 0, 91, 179)
(0, 223, 4, 1, 148)
(294, 183, 0, 26, 188)
(0, 224, 186, 0, 165)
(282, 223, 0, 0, 227)
(178, 224, 0, 0, 146)
(20, 154, 4, 3, 101)
(168, 185, 91, 0, 36)
(165, 207, 0, 0, 147)
(205, 206, 0, 18, 16)
(255, 171, 0, 0, 0)
(24, 220, 10, 1, 166)
(122, 146, 2, 11, 187)
(299, 212, 0, 4, 75)
(213, 177, 17, 4, 244)
(36, 224, 68, 0, 231)
(263, 224, 13, 0, 106)
(217, 154, 7, 3, 115)
(255, 52, 0, 166, 108)
(277, 3, 13, 2, 158)
(0, 224, 139, 0, 218)
(90, 148, 4, 6, 85)
(247, 149, 0, 26, 112)
(299, 44, 0, 83, 87)
(124, 223, 66, 0, 95)
(297, 215, 2, 3, 131)
(106, 202, 74, 0, 106)
(299, 217, 0, 0, 73)
(269, 184, 0, 22, 227)
(219, 102, 2, 1, 195)
(76, 165, 10, 2, 61)
(299, 65, 0, 0, 230)
(101, 222, 79, 0, 74)
(121, 224, 0, 0, 141)
(19, 202, 0, 0, 212)
(212, 0, 8, 4, 223)
(271, 58, 0, 148, 69)
(89, 224, 63, 0, 93)
(193, 54, 3, 8, 146)
(213, 212, 9, 0, 254)
(94, 213, 7, 4, 238)
(129, 183, 148, 0, 161)
(91, 220, 1, 4, 182)
(299, 224, 0, 0, 73)
(141, 221, 15, 1, 217)
(282, 113, 0, 25, 157)
(110, 31, 13, 3, 126)
(299, 220, 0, 0, 208)
(290, 196, 0, 36, 252)
(269, 112, 14, 1, 234)
(299, 159, 0, 44, 42)
(169, 176, 1, 14, 119)
(118, 114, 0, 0, 155)
(130, 224, 12, 0, 137)
(29, 224, 0, 0, 114)
(287, 67, 2, 5, 180)
(209, 224, 0, 0, 176)
(150, 185, 2, 7, 100)
(138, 224, 57, 0, 85)
(245, 200, 6, 3, 224)
(17, 224, 193, 0, 228)
(206, 136, 78, 0, 174)
(235, 147, 2, 5, 222)
(209, 100, 3, 3, 116)
(18, 87, 3, 1, 218)
(299, 134, 0, 12, 237)
(5, 190, 0, 2, 208)
(270, 131, 29, 0, 124)
(248, 176, 7, 1, 241)
(286, 140, 0, 45, 149)
(60, 179, 8, 1, 178)
(299, 174, 0, 14, 163)
(11, 150, 5, 16, 69)
(247, 206, 0, 0, 196)
(143, 216, 30, 0, 87)
(172, 224, 0, 0, 8)
(297, 115, 0, 15, 72)
(162, 128, 1, 9, 193)
(299, 15, 0, 143, 3)
(293, 219, 6, 2, 107)
(32, 195, 30, 3, 211)
(283, 10, 0, 12, 92)
(117, 216, 133, 0, 177)
(10, 224, 64, 0, 5)
(299, 51, 0, 45, 131)
(237, 220, 2, 5, 133)
(173, 224, 59, 0, 62)
(184, 213, 30, 0, 155)
(299, 30, 0, 108, 26)
(43, 224, 6, 0, 112)
(288, 0, 0, 90, 14)
(35, 224, 136, 0, 31)
(70, 186, 77, 0, 196)
(292, 65, 0, 112, 79)
(34, 55, 0, 145, 109)
(248, 157, 0, 30, 36)
(142, 195, 25, 0, 132)
(250, 159, 5, 2, 144)
(272, 195, 0, 0, 185)
(24, 39, 23, 2, 196)
(20, 168, 8, 0, 239)
(196, 207, 30, 2, 212)
(128, 224, 0, 0, 158)
(195, 191, 3, 0, 42)
(57, 220, 136, 0, 0)
(164, 180, 1, 6, 107)
(299, 53, 0, 41, 194)
(249, 145, 0, 32, 238)
(123, 224, 176, 0, 42)
(0, 224, 157, 0, 255)
(54, 176, 0, 3, 205)
(156, 39, 3, 4, 195)
(299, 180, 0, 17, 231)
(147, 142, 1, 23, 205)
(119, 5, 3, 5, 198)
(58, 93, 83, 0, 67)
(76, 88, 3, 4, 183)
(248, 197, 0, 0, 46)
(173, 163, 0, 10, 92)
(246, 117, 2, 3, 218)
(284, 149, 4, 2, 211)
(282, 16, 0, 114, 207)
(92, 94, 0, 21, 155)
(275, 160, 0, 22, 120)
(262, 139, 4, 2, 213)
(299, 29, 0, 121, 228)
(141, 80, 1, 7, 190)
(294, 163, 0, 48, 229)
(299, 166, 0, 0, 74)
(298, 16, 1, 13, 188)
(235, 224, 13, 0, 113)
(106, 192, 1, 7, 209)
(260, 94, 0, 28, 64)
(201, 224, 98, 0, 139)
(261, 216, 2, 2, 220)
(295, 118, 1, 2, 175)
(195, 224, 82, 0, 98)
(28, 224, 259, 0, 82)
(116, 201, 16, 1, 203)
(299, 135, 0, 38, 17)
(276, 77, 2, 1, 155)
(274, 117, 4, 2, 179)
(219, 89, 3, 3, 187)
(21, 221, 4, 3, 219)
(192, 53, 6, 1, 195)
(40, 152, 6, 4, 206)
(273, 180, 0, 6, 38)
(250, 136, 0, 16, 116)
(100, 65, 9, 3, 171)
(111, 204, 0, 5, 119)
(299, 206, 0, 18, 127)
(85, 224, 14, 0, 216)
(274, 194, 0, 0, 63)
(186, 210, 91, 0, 139)
(219, 224, 12, 0, 92)
(191, 151, 2, 4, 204)
(202, 172, 4, 2, 189)
(217, 224, 40, 0, 62)
(162, 224, 111, 0, 122)
(138, 198, 37, 0, 108)
(138, 224, 39, 0, 208)
(272, 205, 26, 0, 123)
(49, 174, 130, 0, 28)
(202, 224, 54, 0, 122)
(160, 142, 1, 16, 188)
(299, 223, 0, 1, 207)
(34, 191, 132, 0, 224)
(299, 224, 0, 0, 203)
(252, 80, 0, 30, 160)
(275, 197, 2, 4, 185)
(285, 166, 14, 3, 232)
(215, 68, 4, 6, 193)
(91, 151, 156, 0, 220)
(281, 122, 3, 1, 231)
(24, 182, 6, 2, 165)
(280, 149, 19, 0, 192)
(261, 145, 1, 9, 228)
(43, 42, 7, 7, 205)
(295, 178, 5, 4, 201)
(292, 208, 5, 1, 202)
(178, 198, 121, 0, 29)
(277, 68, 0, 11, 163)
(261, 224, 2, 0, 14)
(280, 224, 19, 0, 43)
(53, 155, 5, 7, 208)
(176, 207, 100, 0, 203)
(286, 224, 28, 0, 57)
(38, 224, 64, 0, 157)
(101, 213, 0, 10, 162)
(132, 224, 48, 0, 174)
(111, 200, 19, 0, 39)
(6, 197, 183, 0, 97)
(133, 103, 0, 0, 78)
(125, 121, 1, 17, 198)
(299, 76, 0, 41, 181)
(299, 128, 0, 15, 151)
(140, 163, 54, 0, 255)
(260, 121, 0, 21, 170)
(202, 57, 41, 0, 255)
(263, 219, 7, 2, 140)
(283, 122, 0, 65, 255)
(275, 126, 5, 1, 127)
(212, 222, 27, 0, 161)
(299, 38, 0, 0, 160)
(63, 224, 9, 0, 130)
(68, 224, 210, 0, 135)
(59, 160, 7, 3, 200)
(80, 57, 5, 5, 142)
(270, 98, 10, 3, 219)
(99, 180, 10, 1, 183)
(233, 209, 39, 0, 255)
(44, 224, 260, 0, 19)
(134, 191, 1, 5, 216)
(288, 54, 10, 2, 198)
(165, 205, 1, 2, 210)
(135, 1, 1, 14, 178)
(110, 224, 104, 0, 132)
(183, 167, 20, 6, 248)
(57, 64, 6, 11, 192)
(151, 130, 5, 3, 217)
(156, 182, 14, 0, 86)
(138, 184, 4, 1, 58)
(70, 187, 229, 0, 122)
(229, 178, 7, 0, 175)
(294, 146, 0, 34, 178)
(165, 158, 2, 16, 173)
(215, 200, 0, 0, 26)
(299, 224, 0, 0, 191)
(292, 62, 1, 6, 219)
(42, 183, 4, 2, 210)
(293, 94, 0, 0, 224)
(264, 150, 0, 0, 124)
(207, 61, 44, 0, 111)
(234, 158, 0, 36, 0)
(196, 56, 0, 75, 218)
(231, 82, 0, 11, 185)
(299, 99, 0, 37, 43)
(154, 204, 3, 1, 198)
(208, 207, 9, 7, 208)
(76, 160, 97, 0, 102)
(154, 92, 1, 3, 87)
(115, 215, 42, 0, 186)
(163, 224, 19, 0, 8)
(251, 224, 0, 1, 130)
(134, 219, 9, 1, 205)
(279, 97, 0, 44, 100)
(54, 224, 224, 0, 136)
(261, 224, 17, 0, 225)
(220, 200, 0, 0, 16)
(102, 188, 4, 2, 199)
(10, 224, 0, 0, 51)
(203, 30, 2, 9, 195)
(116, 4, 4, 3, 201)
(211, 59, 2, 5, 153)
(216, 79, 0, 0, 134)
(262, 131, 26, 0, 110)
(278, 100, 21, 0, 205)
(13, 84, 6, 3, 62)
(299, 208, 0, 16, 132)
(299, 131, 0, 89, 113)
(83, 21, 1, 18, 117)
(282, 104, 1, 6, 193)
(241, 188, 20, 0, 154)
(260, 136, 0, 41, 7)
(11, 35, 96, 0, 25)
(299, 150, 11, 2, 153)
(110, 127, 11, 3, 217)
(55, 212, 20, 1, 206)
(244, 224, 7, 0, 68)
(106, 55, 13, 5, 142)
(102, 224, 29, 0, 91)
(206, 47, 1, 30, 177)
(109, 48, 3, 5, 57)
(252, 224, 47, 0, 0)
(200, 224, 1, 0, 24)
(299, 161, 0, 60, 160)
(231, 223, 4, 1, 101)
(299, 25, 0, 68, 132)
(280, 199, 0, 7, 8)
(282, 13, 5, 15, 205)
(139, 214, 1, 5, 163)
(275, 197, 0, 0, 137)
(252, 205, 25, 0, 141)
(299, 68, 0, 142, 170)
(254, 171, 6, 2, 220)
(250, 174, 37, 0, 77)
(276, 221, 0, 9, 49)
(53, 199, 65, 0, 255)
(299, 28, 0, 33, 174)
(0, 224, 17, 0, 61)
(290, 66, 0, 77, 147)
(286, 180, 1, 0, 57)
(195, 221, 10, 1, 198)
(299, 148, 0, 59, 139)
(103, 185, 196, 0, 200)
(254, 224, 2, 1, 160)
(263, 215, 34, 0, 186)
(201, 149, 45, 0, 206)
(160, 214, 12, 1, 205)
(299, 127, 0, 40, 42)
(242, 154, 4, 10, 206)
(245, 164, 12, 1, 217)
(188, 212, 14, 0, 102)
(168, 117, 5, 6, 193)
(172, 141, 8, 6, 140)
(170, 136, 0, 0, 117)
(122, 184, 3, 7, 234)
(299, 175, 0, 0, 52)
(13, 73, 6, 3, 213)
(271, 18, 0, 139, 36)
(28, 212, 26, 0, 233)
(81, 192, 22, 1, 206)
(139, 224, 122, 0, 138)
(60, 116, 6, 6, 201)
(50, 76, 3, 1, 105)
(105, 64, 109, 0, 197)
(97, 208, 110, 0, 163)
(208, 189, 0, 7, 172)
(141, 22, 0, 192, 168)
(163, 193, 0, 7, 50)
(25, 145, 0, 0, 171)
(299, 201, 0, 23, 196)
(204, 156, 1, 4, 94)
(276, 51, 9, 0, 255)
(298, 224, 0, 0, 169)
(229, 114, 0, 0, 181)
(65, 195, 11, 4, 237)
(14, 219, 17, 2, 161)
(299, 123, 0, 58, 128)
(203, 188, 0, 0, 53)
(299, 224, 0, 0, 160)
(288, 164, 0, 0, 138)
(247, 91, 0, 41, 142)
(286, 169, 0, 0, 223)
(251, 39, 3, 3, 214)
(253, 115, 0, 19, 21)
(275, 149, 0, 50, 70)
(299, 111, 0, 53, 236)
(299, 196, 0, 0, 0)
(204, 224, 82, 0, 18)
(195, 145, 0, 39, 149)
(263, 94, 0, 105, 77)
(23, 139, 103, 0, 222)
(8, 184, 52, 0, 33)
(299, 13, 0, 29, 22)
(292, 95, 0, 38, 230)
(219, 219, 82, 0, 38)
(264, 220, 4, 0, 178)
(287, 113, 0, 0, 154)
(148, 167, 0, 15, 138)
(237, 202, 0, 0, 220)
(87, 40, 15, 1, 142)
(50, 186, 3, 4, 207)
(134, 204, 1, 3, 160)
(299, 0, 0, 55, 2)
(203, 140, 2, 15, 241)
(155, 203, 6, 1, 229)
(111, 207, 173, 0, 141)
(293, 20, 0, 183, 133)
(299, 218, 0, 0, 98)
(206, 136, 1, 6, 101)
(229, 224, 16, 0, 241)
(174, 68, 0, 156, 184)
(135, 100, 3, 10, 73)
(178, 218, 0, 0, 211)
(125, 210, 5, 3, 154)
(177, 140, 0, 22, 184)
(155, 168, 3, 6, 87)
(195, 182, 7, 1, 198)
(270, 224, 0, 0, 181)
(287, 145, 0, 23, 77)
(261, 40, 0, 37, 184)
(273, 178, 10, 0, 5)
(158, 222, 84, 0, 84)
(217, 177, 5, 0, 92)
(23, 203, 276, 0, 14)
(0, 154, 19, 3, 58)
(297, 136, 0, 45, 225)
(273, 63, 0, 43, 41)
(51, 224, 248, 0, 72)
(85, 60, 14, 2, 208)
(241, 222, 2, 1, 105)
(266, 203, 4, 1, 212)
(103, 219, 0, 20, 161)
(299, 69, 0, 81, 120)
(278, 0, 0, 4, 58)
(299, 32, 0, 42, 2)
(299, 200, 0, 2, 37)
(78, 216, 82, 0, 251)
(235, 19, 10, 4, 145)
(271, 121, 0, 51, 120)
(186, 0, 0, 104, 153)
(84, 208, 113, 0, 47)
(285, 218, 14, 0, 173)
(124, 212, 5, 1, 200)
(70, 182, 35, 3, 82)
(299, 192, 0, 32, 37)
(296, 66, 0, 81, 11)
(225, 224, 0, 0, 79)
(261, 179, 7, 2, 233)
(108, 194, 30, 0, 34)
(284, 136, 3, 1, 182)
(99, 132, 6, 2, 132)
(160, 213, 8, 1, 121)
(174, 59, 77, 0, 75)
(267, 51, 0, 70, 15)
(65, 207, 34, 0, 188)
(272, 180, 4, 3, 186)
(287, 194, 0, 17, 22)
(285, 133, 1, 2, 229)
(123, 196, 4, 4, 132)
(268, 191, 0, 26, 147)
(296, 207, 0, 17, 244)
(87, 56, 3, 5, 166)
(228, 69, 0, 22, 194)
(226, 104, 1, 0, 149)
(189, 192, 3, 6, 127)
(291, 165, 23, 1, 189)
(231, 178, 10, 3, 232)
(56, 209, 132, 0, 117)
(17, 219, 76, 0, 22)
(272, 208, 0, 16, 0)
(299, 207, 0, 9, 86)
(86, 224, 138, 0, 157)
(179, 181, 7, 1, 240)
(250, 224, 0, 0, 41)
(225, 224, 54, 0, 132)
(215, 82, 2, 2, 210)
(121, 90, 1, 5, 81)
(217, 115, 0, 99, 64)
(275, 222, 6, 2, 191)
(295, 135, 4, 2, 183)
(299, 60, 0, 66, 165)
(172, 191, 31, 0, 134)
(144, 24, 0, 19, 137)
(297, 43, 0, 40, 255)
(258, 176, 7, 0, 237)
(254, 72, 0, 12, 234)
(199, 123, 5, 7, 133)
(211, 112, 10, 4, 105)
(199, 105, 0, 10, 228)
(109, 0, 7, 6, 223)
(278, 194, 0, 0, 144)
(240, 36, 2, 4, 187)
(268, 144, 5, 0, 56)
(231, 53, 1, 9, 207)
(171, 173, 21, 1, 242)
(62, 36, 7, 3, 169)
(290, 211, 2, 1, 152)
(274, 201, 1, 2, 147)
(299, 54, 0, 0, 36)
(209, 196, 6, 0, 166)
(72, 189, 23, 1, 97)
(229, 94, 1, 6, 112)
(0, 191, 13, 1, 168)
(220, 129, 5, 1, 164)
(178, 181, 1, 1, 152)
(221, 185, 2, 0, 25)
(238, 100, 5, 2, 185)
(155, 140, 2, 3, 240)
(131, 33, 4, 3, 202)
(80, 220, 100, 0, 64)
(7, 182, 243, 0, 44)
(296, 224, 0, 0, 0)
(229, 167, 83, 0, 127)
(291, 107, 8, 1, 175)
(95, 31, 2, 21, 100)
(299, 84, 0, 9, 151)
(127, 185, 1, 5, 149)
(267, 224, 10, 0, 164)
(173, 30, 1, 6, 134)
(168, 211, 72, 0, 142)
(213, 158, 0, 13, 0)
(242, 221, 2, 1, 177)
(18, 220, 225, 0, 231)
(0, 0, 8, 7, 178)
(204, 81, 16, 0, 124)
(280, 48, 0, 37, 156)
(73, 64, 87, 0, 109)
(245, 161, 4, 3, 181)
(289, 171, 0, 34, 57)
(0, 224, 24, 0, 212)
(22, 224, 3, 13, 101)
(290, 70, 0, 25, 149)
(292, 2, 7, 2, 158)
(166, 154, 53, 0, 204)
(48, 32, 5, 11, 174)
(267, 179, 0, 6, 56)
(172, 152, 8, 2, 216)
(299, 22, 0, 151, 144)
(271, 168, 2, 4, 242)
(123, 170, 1, 2, 220)
(293, 186, 0, 24, 115)
(210, 221, 0, 0, 255)
(252, 174, 15, 2, 237)
(276, 56, 0, 82, 36)
(195, 160, 4, 1, 68)
(69, 5, 84, 0, 239)
(284, 224, 13, 0, 128)
(279, 224, 5, 24, 209)
(299, 137, 0, 41, 168)
(101, 36, 4, 3, 141)
(180, 204, 56, 0, 26)
(159, 223, 65, 0, 129)
(159, 29, 15, 2, 212)
(7, 134, 2, 4, 173)
(299, 57, 0, 20, 32)
(299, 214, 0, 0, 98)
(102, 200, 197, 0, 63)
(260, 201, 2, 1, 232)
(276, 0, 0, 76, 210)
(131, 63, 44, 0, 179)
(132, 224, 105, 0, 81)
(297, 152, 0, 61, 218)
(10, 224, 289, 0, 169)
(283, 174, 0, 21, 35)
(278, 0, 1, 5, 141)
(94, 60, 0, 113, 255)
(287, 209, 0, 12, 75)
(34, 110, 2, 0, 115)
(79, 219, 164, 0, 46)
(78, 169, 9, 2, 249)
(106, 224, 4, 7, 169)
(275, 208, 24, 0, 43)
(299, 143, 0, 42, 103)
(257, 224, 42, 0, 130)
(35, 224, 66, 0, 167)
(297, 149, 2, 2, 167)
(234, 42, 0, 17, 102)
(81, 157, 17, 2, 87)
(183, 217, 69, 0, 93)
(58, 207, 23, 3, 227)
(224, 108, 25, 0, 46)
(287, 202, 0, 22, 141)
(272, 134, 2, 3, 188)
(272, 33, 2, 6, 213)
(97, 162, 24, 0, 77)
(74, 206, 66, 0, 92)
(288, 138, 0, 1, 216)
(113, 224, 79, 0, 26)
(238, 203, 33, 0, 239)
(46, 207, 144, 0, 115)
(20, 125, 4, 4, 111)
(174, 176, 0, 0, 209)
(119, 99, 3, 4, 167)
(171, 224, 72, 0, 195)
(227, 15, 54, 0, 77)
(91, 142, 5, 2, 163)
(296, 65, 15, 2, 181)
(76, 155, 10, 3, 162)
(165, 174, 1, 10, 141)
(105, 183, 64, 0, 16)
(140, 55, 107, 0, 194)
(299, 32, 0, 0, 32)
(135, 173, 108, 0, 50)
(194, 151, 2, 3, 87)
(153, 224, 88, 0, 244)
(297, 211, 3, 1, 146)
(178, 224, 45, 0, 117)
(183, 224, 3, 4, 158)
(150, 190, 30, 0, 229)
(299, 40, 0, 126, 245)
(299, 123, 0, 46, 210)
(162, 224, 15, 0, 71)
(295, 66, 0, 33, 137)
(259, 107, 0, 62, 255)
(270, 224, 26, 0, 14)
(135, 174, 90, 0, 242)
(299, 54, 0, 43, 229)
(232, 203, 0, 0, 145)
(246, 92, 0, 78, 46)
(299, 201, 0, 0, 48)
(180, 201, 0, 21, 84)
(262, 224, 22, 0, 179)
(274, 206, 25, 0, 103)
(277, 73, 0, 117, 101)
(11, 80, 2, 4, 175)
(149, 216, 21, 0, 211)
(299, 197, 0, 12, 144)
(22, 224, 163, 0, 131)
(101, 212, 14, 3, 230)
(270, 204, 6, 0, 92)
(128, 162, 111, 0, 147)
(286, 224, 13, 0, 25)
(240, 113, 6, 3, 198)
(299, 50, 0, 106, 134)
(0, 224, 272, 0, 122)
(147, 224, 88, 0, 165)
(235, 23, 3, 3, 214)
(272, 167, 0, 55, 72)
(64, 197, 65, 0, 178)
(217, 76, 0, 35, 42)
(284, 194, 0, 18, 255)
(265, 145, 0, 0, 199)
(235, 191, 1, 14, 199)
(258, 200, 11, 1, 216)
(103, 171, 204, 0, 23)
(237, 108, 0, 62, 236)
(299, 58, 0, 52, 0)
(246, 88, 0, 17, 130)
(299, 13, 0, 35, 90)
(219, 141, 5, 8, 247)
(249, 208, 4, 0, 248)
(299, 0, 0, 0, 255)
(88, 209, 178, 0, 250)
(64, 215, 95, 0, 45)
(296, 0, 0, 35, 105)
(214, 125, 2, 5, 113)
(36, 224, 151, 0, 110)
(247, 206, 6, 6, 194)
(174, 131, 125, 0, 153)
(175, 182, 0, 18, 91)
(246, 162, 0, 46, 114)
(262, 200, 22, 0, 164)
(294, 223, 2, 3, 122)
(270, 194, 0, 32, 193)
(299, 134, 0, 57, 0)
(261, 175, 0, 0, 72)
(299, 175, 0, 3, 35)
(104, 158, 10, 1, 183)
(37, 95, 2, 5, 69)
(271, 32, 3, 3, 237)
(276, 224, 23, 0, 64)
(114, 72, 8, 5, 176)
(37, 136, 3, 7, 211)
(249, 168, 0, 0, 57)
(299, 224, 0, 0, 93)
(0, 185, 19, 0, 166)
(218, 24, 44, 0, 218)
(163, 205, 22, 0, 96)
(96, 65, 2, 15, 148)
(155, 195, 0, 25, 68)
(4, 224, 110, 0, 149)
(189, 64, 0, 160, 15)
(65, 45, 4, 12, 225)
(224, 35, 2, 6, 182)
(75, 224, 0, 0, 165)
(249, 212, 2, 1, 209)
(111, 183, 4, 2, 238)
(245, 172, 0, 0, 229)
(78, 93, 8, 19, 56)
(32, 222, 153, 0, 255)
(219, 224, 0, 0, 120)
(299, 220, 0, 0, 80)
(163, 151, 1, 5, 74)
(299, 121, 0, 81, 183)
(266, 110, 0, 22, 228)
(81, 200, 8, 1, 70)
(196, 111, 16, 1, 164)
(0, 190, 100, 0, 255)
(15, 224, 3, 0, 96)
(284, 65, 0, 92, 218)
(295, 196, 0, 0, 84)
(99, 203, 198, 0, 93)
(231, 81, 0, 105, 37)
(239, 111, 3, 3, 105)
(288, 224, 7, 0, 71)
(290, 150, 3, 1, 95)
(93, 193, 141, 0, 129)
(170, 182, 0, 15, 8)
(299, 3, 0, 0, 143)
(264, 194, 9, 1, 192)
(249, 224, 0, 0, 255)
(244, 108, 1, 15, 148)
(272, 133, 0, 5, 69)
(151, 181, 82, 0, 134)
(205, 118, 41, 0, 16)
(259, 62, 22, 0, 212)
(68, 206, 1, 1, 255)
(97, 150, 0, 0, 146)
(299, 12, 0, 103, 101)
(278, 204, 0, 46, 2)
(50, 223, 128, 0, 188)
(293, 34, 0, 165, 50)
(177, 206, 1, 1, 122)
(158, 209, 5, 2, 214)
(144, 204, 62, 0, 90)
(299, 96, 0, 40, 243)
(237, 191, 79, 0, 44)
(111, 54, 2, 7, 184)
(257, 142, 0, 72, 201)
(278, 223, 6, 1, 194)
(65, 205, 85, 0, 252)
(151, 224, 92, 0, 13)
(299, 28, 0, 107, 194)
(0, 124, 226, 0, 189)
(189, 169, 7, 2, 204)
(258, 18, 0, 97, 111)
(91, 188, 10, 4, 88)
(199, 221, 32, 0, 126)
(285, 134, 0, 5, 44)
(277, 172, 0, 34, 126)
(276, 134, 0, 38, 236)
(24, 132, 235, 0, 178)
(184, 224, 0, 0, 36)
(299, 70, 2, 4, 164)
(248, 216, 1, 1, 131)
(26, 224, 25, 0, 0)
(16, 123, 16, 1, 155)
(214, 152, 5, 1, 195)
(239, 205, 7, 4, 183)
(0, 25, 0, 122, 225)
(171, 224, 0, 0, 24)
(292, 224, 0, 0, 44)
(85, 66, 2, 2, 93)
(235, 171, 5, 1, 192)
(259, 142, 5, 1, 248)
(51, 191, 93, 0, 130)
(273, 48, 5, 3, 195)
(299, 112, 0, 64, 0)
(168, 123, 80, 0, 241)
(114, 25, 16, 5, 113)
(172, 144, 0, 31, 242)
(260, 214, 0, 0, 91)
(260, 32, 0, 151, 181)
(166, 114, 2, 3, 217)
(86, 211, 12, 3, 215)
(299, 138, 0, 18, 100)
(224, 102, 0, 94, 159)
(46, 203, 107, 0, 35)
(269, 133, 2, 3, 206)
(262, 224, 33, 0, 163)
(161, 43, 2, 36, 172)
(208, 189, 1, 4, 178)
(201, 192, 2, 1, 185)
(219, 212, 5, 0, 81)
(131, 221, 63, 0, 200)
(222, 218, 4, 1, 157)
(275, 98, 5, 2, 240)
(182, 185, 42, 0, 33)
(286, 96, 0, 29, 147)
(176, 106, 3, 11, 191)
(277, 187, 22, 0, 103)
(33, 111, 4, 11, 128)
(200, 94, 5, 2, 187)
(288, 199, 0, 22, 41)
(279, 131, 0, 37, 68)
(146, 204, 59, 0, 251)
(166, 213, 0, 0, 35)
(299, 168, 0, 31, 106)
(47, 218, 1, 3, 231)
(76, 123, 41, 0, 73)
(187, 130, 1, 17, 212)
(299, 138, 0, 0, 145)
(299, 66, 0, 99, 161)
(251, 169, 0, 23, 36)
(130, 95, 11, 4, 157)
(299, 117, 0, 48, 32)
(285, 104, 5, 1, 143)
(72, 107, 6, 4, 39)
(167, 224, 19, 0, 20)
(276, 206, 4, 1, 190)
(260, 157, 0, 17, 27)
(56, 10, 0, 27, 188)
(249, 148, 4, 0, 176)
(213, 189, 4, 3, 234)
(250, 205, 4, 0, 192)
(293, 135, 4, 1, 223)
(299, 49, 0, 70, 153)
(166, 150, 9, 4, 151)
(299, 67, 0, 53, 95)
(269, 0, 0, 0, 115)
(299, 17, 0, 125, 133)
(227, 224, 25, 0, 5)
(299, 110, 0, 42, 89)
(85, 78, 206, 0, 53)
(207, 151, 59, 0, 236)
(102, 195, 74, 0, 14)
(299, 189, 0, 0, 147)
(111, 190, 1, 10, 111)
(111, 199, 153, 0, 15)
(263, 2, 3, 5, 149)
(242, 224, 4, 0, 167)
(289, 224, 0, 2, 166)
(15, 209, 54, 0, 54)
(84, 0, 21, 6, 208)
(50, 141, 0, 37, 189)
(215, 224, 0, 0, 197)
(239, 224, 29, 0, 169)
(204, 216, 26, 0, 91)
(299, 5, 0, 0, 0)
(219, 180, 21, 0, 51)
(259, 164, 0, 20, 173)
(280, 85, 0, 3, 132)
(273, 202, 0, 13, 144)
(192, 162, 0, 52, 204)
(285, 1, 0, 47, 255)
(284, 120, 4, 6, 156)
(278, 219, 0, 0, 34)
(270, 158, 0, 5, 134)
(297, 161, 0, 25, 204)
(289, 55, 5, 2, 197)
(249, 119, 21, 0, 162)
(16, 219, 202, 0, 141)
(165, 224, 7, 5, 204)
(114, 159, 183, 0, 216)
(299, 197, 0, 15, 134)
(189, 163, 2, 2, 90)
(197, 223, 9, 1, 169)
(200, 224, 0, 0, 78)
(32, 189, 199, 0, 96)
(271, 204, 0, 0, 33)
(101, 224, 58, 0, 121)
(180, 194, 69, 0, 204)
(270, 57, 0, 60, 91)
(30, 203, 22, 0, 109)
(299, 0, 0, 61, 143)
(252, 146, 4, 2, 176)
(237, 190, 5, 0, 217)
(81, 203, 17, 0, 234)
(104, 224, 211, 0, 89)
(286, 41, 0, 164, 255)
(205, 178, 4, 6, 233)
(148, 223, 0, 0, 161)
(101, 101, 123, 0, 43)
(224, 221, 2, 3, 160)
(259, 194, 0, 14, 141)
(276, 192, 0, 13, 116)
(299, 73, 0, 11, 20)
(231, 156, 0, 0, 138)
(183, 192, 21, 0, 204)
(299, 179, 27, 4, 195)
(291, 202, 0, 22, 30)
(0, 204, 0, 17, 44)
(152, 224, 94, 0, 172)
(288, 11, 7, 4, 147)
(140, 34, 4, 6, 150)
(299, 125, 0, 43, 106)
(166, 189, 0, 19, 183)
(299, 93, 0, 70, 31)
(239, 213, 0, 3, 195)
(4, 224, 44, 0, 216)
(100, 195, 7, 5, 209)
(16, 134, 4, 4, 200)
(235, 153, 6, 0, 72)
(289, 120, 7, 2, 211)
(5, 76, 113, 0, 227)
(118, 127, 1, 9, 136)
(283, 183, 0, 9, 198)
(270, 207, 1, 3, 154)
(281, 184, 0, 12, 35)
(92, 107, 0, 0, 41)
(235, 208, 2, 9, 182)
(26, 151, 105, 0, 143)
(128, 152, 35, 0, 0)
(154, 106, 1, 5, 105)
(176, 224, 19, 0, 228)
(134, 168, 3, 9, 209)
(299, 18, 0, 111, 200)
(54, 106, 10, 1, 81)
(289, 138, 0, 82, 104)
(267, 127, 2, 3, 231)
(290, 6, 0, 62, 246)
(223, 82, 0, 17, 59)
(0, 224, 50, 0, 202)
(50, 208, 205, 0, 185)
(283, 187, 5, 5, 171)
(299, 40, 0, 172, 249)
(70, 216, 48, 0, 255)
(137, 87, 0, 0, 51)
(299, 151, 0, 32, 183)
(201, 30, 6, 2, 200)
(281, 196, 9, 0, 120)
(281, 155, 18, 1, 188)
(274, 154, 0, 72, 89)
(299, 189, 0, 0, 64)
(85, 224, 0, 0, 238)
(98, 201, 2, 1, 200)
(194, 180, 4, 2, 197)
(299, 71, 0, 31, 213)
(119, 219, 19, 0, 216)
(298, 128, 1, 0, 145)
(161, 174, 0, 0, 141)
(299, 91, 0, 7, 0)
(216, 151, 18, 1, 200)
(128, 0, 0, 143, 33)
(213, 183, 0, 24, 228)
(17, 224, 177, 0, 18)
(61, 224, 21, 0, 93)
(290, 204, 0, 0, 200)
(299, 185, 0, 0, 116)
(291, 224, 0, 0, 221)
(299, 220, 26, 0, 231)
(240, 210, 0, 0, 179)
(242, 202, 8, 0, 189)
(184, 216, 8, 4, 193)
(169, 50, 6, 12, 190)
(175, 101, 58, 0, 125)
(166, 68, 0, 0, 66)
(241, 133, 12, 2, 227)
(38, 169, 51, 0, 226)
(296, 94, 0, 41, 255)
(77, 224, 6, 3, 211)
(223, 168, 23, 1, 241)
(290, 204, 0, 2, 235)
(269, 178, 0, 35, 8)
(166, 178, 6, 0, 126)
(226, 224, 65, 0, 2)
(299, 168, 0, 2, 169)
(158, 139, 9, 0, 117)
(76, 146, 15, 1, 178)
(149, 224, 4, 0, 97)
(66, 160, 174, 0, 195)
(20, 156, 91, 0, 97)
(256, 224, 1, 0, 65)
(299, 224, 0, 0, 72)
(105, 224, 29, 0, 250)
(58, 163, 0, 0, 216)
(258, 170, 0, 43, 58)
(256, 205, 7, 1, 175)
(230, 31, 4, 5, 136)
(51, 161, 95, 0, 144)
(253, 178, 0, 46, 8)
(164, 217, 124, 0, 110)
(284, 172, 0, 52, 36)
(126, 9, 3, 13, 177)
(131, 220, 85, 0, 206)
(35, 221, 20, 0, 94)
(284, 152, 0, 20, 0)
(231, 160, 2, 1, 83)
(299, 188, 0, 12, 49)
(263, 223, 1, 1, 123)
(299, 2, 0, 154, 73)
(38, 98, 4, 7, 66)
(295, 89, 0, 22, 209)
(299, 224, 0, 0, 91)
(27, 96, 75, 0, 99)
(251, 1, 0, 147, 255)
(285, 85, 1, 3, 88)
(290, 166, 3, 5, 236)
(255, 217, 44, 0, 39)
(236, 8, 0, 27, 129)
(77, 222, 14, 2, 181)
(209, 169, 13, 2, 236)
(28, 71, 8, 2, 115)
(124, 159, 4, 6, 65)
(239, 90, 8, 7, 224)
(53, 209, 118, 0, 82)
(299, 64, 0, 114, 203)
(102, 206, 99, 0, 165)
(251, 221, 0, 3, 43)
(253, 0, 3, 2, 152)
(141, 213, 1, 1, 89)
(234, 165, 31, 0, 131)
(36, 117, 4, 2, 207)
(287, 139, 5, 2, 171)
(142, 121, 142, 0, 226)
(13, 224, 6, 2, 208)
(135, 153, 0, 40, 220)
(249, 209, 8, 0, 71)
(280, 111, 1, 5, 179)
(207, 182, 6, 7, 228)
(295, 206, 0, 18, 140)
(299, 129, 0, 71, 0)
(156, 79, 0, 58, 22)
(268, 123, 3, 3, 219)
(278, 198, 6, 2, 235)
(73, 222, 226, 0, 28)
(299, 190, 0, 0, 96)
(179, 203, 5, 2, 144)
(299, 168, 0, 12, 185)
(265, 211, 2, 3, 179)
(279, 218, 0, 0, 19)
(227, 190, 8, 1, 226)
(41, 224, 1, 0, 22)
(239, 138, 8, 0, 88)
(60, 172, 12, 0, 255)
(267, 191, 0, 2, 9)
(223, 215, 57, 0, 15)
(286, 28, 0, 0, 56)
(299, 32, 11, 3, 168)
(95, 224, 42, 0, 135)
(189, 110, 0, 0, 51)
(264, 196, 0, 0, 143)
(66, 112, 3, 4, 65)
(72, 61, 4, 6, 220)
(7, 224, 136, 0, 13)
(299, 114, 0, 98, 202)
(149, 224, 94, 0, 119)
(175, 151, 0, 1, 42)
(164, 224, 132, 0, 200)
(186, 58, 3, 2, 186)
(299, 47, 0, 0, 100)
(286, 95, 0, 61, 205)
(291, 101, 0, 22, 174)
(299, 93, 0, 43, 161)
(132, 37, 8, 3, 158)
(0, 224, 136, 0, 40)
(193, 211, 11, 2, 233)
(297, 158, 2, 1, 71)
(188, 102, 0, 42, 19)
(77, 221, 33, 0, 83)
(103, 195, 0, 6, 255)
(255, 217, 0, 0, 202)
(238, 141, 1, 8, 201)
(239, 167, 0, 0, 61)
(237, 0, 0, 57, 48)
(299, 136, 0, 88, 0)
(299, 224, 0, 0, 126)
(116, 215, 125, 0, 51)
(145, 150, 5, 10, 228)
(146, 220, 8, 2, 219)
(243, 188, 1, 2, 191)
(233, 126, 2, 9, 128)
(54, 196, 0, 0, 193)
(299, 201, 0, 2, 165)
(222, 224, 0, 0, 175)
(48, 93, 0, 79, 77)
(299, 83, 0, 0, 150)
(296, 167, 9, 4, 231)
(231, 162, 0, 8, 99)
(271, 176, 0, 0, 19)
(122, 192, 5, 5, 67)
(125, 165, 2, 4, 182)
(86, 143, 120, 0, 108)
(134, 208, 13, 0, 196)
(281, 28, 0, 29, 68)
(252, 19, 0, 156, 61)
(281, 194, 19, 0, 89)
(299, 127, 0, 0, 76)
(235, 147, 13, 0, 11)
(249, 187, 0, 21, 48)
(21, 200, 65, 0, 103)
(245, 122, 5, 0, 151)
(201, 208, 26, 0, 221)
(82, 204, 181, 0, 80)
(286, 224, 0, 0, 1)
(186, 47, 0, 19, 160)
(299, 80, 0, 144, 70)
(188, 115, 0, 84, 255)
(47, 224, 0, 0, 17)
(146, 143, 1, 1, 107)
(36, 109, 0, 37, 170)
(299, 31, 0, 0, 105)
(223, 224, 0, 0, 146)
(135, 214, 112, 0, 110)
(299, 145, 0, 0, 103)
(95, 219, 182, 0, 122)
(209, 190, 2, 3, 156)
(26, 210, 211, 0, 0)
(275, 142, 0, 33, 6)
(299, 179, 0, 12, 173)
(273, 191, 26, 0, 34)
(81, 26, 4, 4, 94)
(85, 224, 0, 0, 208)
(299, 198, 0, 15, 45)
(0, 127, 108, 0, 148)
(96, 224, 172, 0, 7)
(259, 208, 10, 0, 51)
(299, 179, 0, 25, 174)
(62, 175, 35, 2, 149)
(150, 193, 0, 16, 157)
(263, 59, 3, 1, 194)
(248, 224, 6, 0, 255)
(1, 43, 12, 2, 97)
(285, 24, 0, 0, 111)
(167, 94, 4, 4, 97)
(272, 150, 0, 74, 205)
(299, 211, 0, 4, 0)
(282, 161, 0, 26, 0)
(91, 0, 0, 165, 50)
(110, 217, 83, 0, 133)
(299, 80, 0, 80, 20)
(249, 138, 2, 0, 231)
(210, 0, 0, 130, 166)
(273, 171, 0, 18, 221)
(78, 175, 13, 1, 107)
(297, 224, 0, 0, 245)
(218, 202, 0, 12, 1)
(274, 142, 25, 0, 94)
(194, 215, 105, 0, 32)
(23, 168, 100, 0, 194)
(214, 217, 16, 0, 35)
(230, 111, 0, 0, 63)
(259, 186, 0, 15, 85)
(299, 210, 0, 8, 83)
(18, 212, 33, 0, 161)
(239, 167, 41, 0, 44)
(189, 196, 1, 4, 215)
(22, 213, 134, 0, 123)
(34, 223, 206, 0, 226)
(299, 195, 1, 0, 214)
(250, 31, 0, 14, 157)
(66, 74, 40, 0, 93)
(245, 223, 1, 7, 146)
(132, 192, 0, 18, 89)
(267, 224, 0, 7, 137)
(299, 105, 0, 0, 188)
(264, 94, 15, 2, 201)
(250, 5, 10, 1, 173)
(95, 175, 22, 3, 181)
(183, 224, 66, 0, 66)
(32, 199, 17, 6, 208)
(145, 16, 14, 4, 199)
(75, 199, 150, 0, 89)
(240, 142, 0, 60, 194)
(296, 170, 0, 28, 232)
(61, 210, 0, 0, 121)
(216, 224, 83, 0, 34)
(246, 166, 0, 37, 255)
(105, 205, 101, 0, 58)
(220, 90, 1, 7, 117)
(145, 110, 1, 7, 194)
(55, 224, 167, 0, 193)
(297, 96, 3, 5, 226)
(251, 145, 0, 8, 118)
(273, 224, 0, 0, 0)
(299, 202, 0, 5, 185)
(244, 213, 46, 0, 107)
(90, 191, 174, 0, 64)
(49, 224, 87, 0, 163)
(160, 210, 135, 0, 120)
(188, 180, 14, 0, 78)
(154, 224, 157, 0, 202)
(299, 0, 0, 18, 134)
(283, 145, 0, 20, 64)
(47, 206, 3, 0, 53)
(0, 221, 18, 1, 189)
(140, 125, 4, 5, 165)
(285, 207, 4, 0, 46)
(280, 47, 0, 177, 124)
(196, 205, 13, 0, 0)
(299, 174, 0, 51, 246)
(62, 193, 89, 0, 109)
(136, 187, 95, 0, 244)
(262, 6, 2, 3, 191)
(253, 182, 2, 1, 202)
(226, 47, 13, 3, 209)
(145, 207, 73, 0, 139)
(67, 192, 24, 3, 216)
(152, 195, 113, 0, 134)
(262, 24, 1, 7, 189)
(209, 224, 20, 0, 44)
(189, 93, 0, 88, 152)
(153, 199, 144, 0, 132)
(79, 224, 90, 0, 61)
(299, 160, 0, 23, 59)
(299, 161, 0, 49, 226)
(16, 224, 146, 0, 106)
(299, 117, 0, 17, 162)
(52, 201, 0, 0, 229)
(298, 134, 0, 56, 146)
(49, 224, 153, 0, 234)
(286, 83, 0, 34, 225)
(227, 202, 11, 0, 152)
(91, 168, 9, 0, 181)
(181, 224, 0, 0, 142)
(266, 46, 4, 1, 186)
(92, 220, 0, 2, 183)
(229, 4, 0, 145, 247)
(299, 171, 0, 0, 6)
(284, 183, 0, 41, 142)
(281, 48, 0, 68, 14)
(24, 219, 148, 0, 181)
(121, 223, 17, 1, 191)
(192, 115, 5, 2, 151)
(284, 207, 3, 3, 175)
(274, 205, 0, 0, 186)
(123, 224, 64, 0, 234)
(279, 169, 0, 34, 152)
(91, 213, 97, 0, 199)
(255, 56, 15, 0, 147)
(30, 198, 173, 0, 162)
(153, 61, 3, 7, 150)
(284, 31, 0, 72, 192)
(282, 176, 2, 3, 214)
(153, 224, 58, 0, 179)
(36, 184, 1, 1, 114)
(299, 176, 0, 0, 126)
(207, 196, 3, 1, 156)
(110, 224, 22, 0, 130)
(277, 162, 8, 2, 208)
(170, 215, 75, 0, 171)
(275, 10, 1, 2, 200)
(277, 38, 3, 4, 225)
(243, 20, 53, 0, 161)
(283, 93, 2, 1, 162)
(172, 209, 88, 0, 17)
(236, 184, 21, 0, 137)
(163, 224, 19, 0, 54)
(100, 92, 3, 4, 114)
(191, 70, 1, 3, 188)
(250, 202, 0, 24, 244)
(0, 213, 98, 0, 215)
(93, 224, 62, 0, 86)
(299, 78, 0, 20, 134)
(49, 189, 184, 0, 196)
(34, 224, 47, 0, 85)
(220, 222, 0, 0, 189)
(270, 73, 6, 1, 162)
(227, 211, 23, 0, 0)
(299, 195, 0, 32, 79)
(280, 122, 1, 1, 251)
(205, 1, 0, 126, 133)
(115, 183, 5, 5, 72)
(288, 224, 7, 0, 0)
(285, 191, 0, 34, 162)
(293, 157, 1, 3, 140)
(215, 42, 4, 8, 124)
(129, 144, 3, 14, 107)
(183, 142, 1, 4, 242)
(290, 37, 0, 118, 177)
(299, 53, 0, 0, 185)
(240, 179, 74, 0, 63)
(299, 195, 0, 0, 186)
(299, 115, 0, 10, 101)
(170, 114, 6, 4, 132)
(253, 211, 20, 0, 16)
(43, 9, 109, 0, 178)
(239, 193, 21, 3, 172)
(241, 224, 28, 0, 249)
(64, 165, 81, 0, 112)
(16, 39, 6, 11, 170)
(231, 131, 0, 57, 130)
(107, 197, 140, 0, 70)
(111, 183, 1, 1, 129)
(290, 110, 5, 4, 227)
(196, 162, 5, 1, 183)
(184, 224, 21, 0, 192)
(224, 115, 0, 53, 0)
(299, 171, 0, 4, 160)
(242, 203, 0, 13, 1)
(228, 191, 0, 10, 248)
(197, 174, 0, 15, 207)
(238, 220, 0, 4, 91)
(269, 206, 26, 0, 229)
(299, 123, 0, 0, 14)
(184, 184, 5, 1, 154)
(298, 79, 0, 29, 244)
(70, 218, 18, 0, 81)
(242, 77, 2, 6, 201)
(273, 15, 0, 6, 67)
(299, 147, 0, 0, 99)
(238, 224, 5, 0, 0)
(135, 158, 6, 2, 241)
(110, 67, 1, 13, 214)
(200, 95, 14, 1, 142)
(245, 224, 10, 0, 250)
(0, 180, 2, 1, 97)
(105, 224, 16, 0, 84)
(275, 142, 1, 9, 227)
(58, 151, 5, 2, 155)
(18, 89, 9, 2, 193)
(191, 195, 108, 0, 58)
(87, 224, 131, 0, 72)
(299, 0, 0, 0, 218)
(232, 62, 0, 84, 164)
(135, 194, 35, 0, 86)
(299, 224, 0, 17, 153)
(98, 63, 4, 19, 192)
(299, 113, 0, 44, 28)
(271, 151, 3, 2, 145)
(252, 108, 0, 30, 68)
(266, 103, 0, 0, 117)
(161, 224, 6, 0, 235)
(299, 191, 0, 1, 27)
(264, 39, 0, 34, 37)
(29, 213, 204, 0, 185)
(26, 224, 8, 2, 184)
(177, 165, 5, 1, 107)
(239, 216, 24, 0, 138)
(45, 202, 34, 0, 213)
(69, 131, 12, 1, 253)
(299, 22, 0, 1, 17)
(163, 224, 112, 0, 71)
(292, 204, 4, 2, 169)
(208, 209, 0, 64, 34)
(151, 224, 133, 0, 134)
(204, 49, 29, 0, 255)
(283, 193, 0, 26, 118)
(299, 93, 0, 0, 0)
(290, 74, 0, 54, 135)
(260, 100, 0, 16, 55)
(228, 10, 0, 111, 2)
(299, 26, 0, 43, 29)
(294, 184, 1, 15, 172)
(273, 45, 7, 4, 177)
(253, 168, 4, 0, 204)
(276, 81, 1, 1, 140)
(195, 58, 3, 7, 115)
(299, 19, 0, 28, 118)
(267, 172, 15, 0, 59)
(245, 192, 0, 23, 239)
(80, 184, 24, 2, 84)
(299, 175, 0, 14, 76)
(298, 224, 1, 0, 0)
(206, 65, 4, 4, 136)
(168, 202, 30, 0, 13)
(228, 224, 0, 0, 255)
(236, 212, 59, 0, 108)
(267, 208, 0, 0, 198)
(139, 102, 0, 59, 135)
(190, 177, 3, 5, 217)
(292, 205, 0, 14, 213)
(299, 207, 0, 0, 65)
(75, 198, 101, 0, 23)
(246, 74, 0, 91, 114)
(299, 203, 0, 21, 48)
(294, 126, 0, 80, 0)
(299, 196, 0, 24, 214)
(274, 169, 17, 0, 159)
(274, 170, 0, 70, 124)
(96, 132, 2, 12, 232)
(178, 187, 3, 2, 244)
(299, 214, 20, 0, 69)
(16, 224, 0, 0, 29)
(270, 57, 3, 2, 215)
(233, 199, 0, 8, 148)
(277, 201, 0, 23, 178)
(299, 20, 0, 77, 205)
(166, 224, 1, 0, 53)
(51, 224, 236, 0, 227)
(113, 103, 4, 10, 218)
(279, 74, 2, 1, 114)
(65, 201, 101, 0, 99)
(71, 63, 15, 2, 220)
(48, 98, 2, 6, 183)
(231, 221, 3, 1, 128)
(189, 224, 37, 0, 0)
(283, 5, 0, 126, 255)
(253, 98, 2, 2, 125)
(167, 206, 18, 0, 209)
(237, 149, 3, 3, 143)
(251, 205, 0, 1, 133)
(201, 130, 2, 9, 183)
(298, 211, 0, 5, 58)
(298, 118, 0, 20, 46)
(287, 32, 0, 87, 241)
(295, 60, 0, 37, 124)
(298, 184, 0, 20, 136)
(242, 56, 3, 7, 211)
(261, 164, 0, 45, 204)
(209, 202, 7, 4, 217)
(152, 161, 0, 0, 218)
(91, 34, 3, 2, 206)
(285, 35, 0, 48, 157)
(283, 101, 2, 10, 157)
(116, 95, 3, 9, 100)
(145, 208, 3, 4, 184)
(284, 116, 2, 3, 224)
(232, 38, 0, 136, 39)
(12, 193, 0, 0, 104)
(164, 176, 29, 0, 40)
(278, 106, 0, 31, 194)
(7, 216, 95, 0, 242)
(262, 224, 2, 0, 116)
(247, 124, 2, 2, 203)
(299, 184, 0, 36, 131)
(230, 207, 32, 0, 7)
(252, 145, 0, 35, 242)
(271, 13, 0, 58, 65)
(128, 152, 1, 19, 111)
(267, 193, 0, 0, 255)
(205, 165, 0, 0, 101)
(259, 206, 11, 0, 92)
(171, 134, 2, 1, 173)
(299, 224, 0, 0, 198)
(255, 224, 29, 0, 170)
(284, 204, 0, 13, 126)
(245, 216, 0, 0, 131)
(242, 214, 3, 3, 166)
(101, 199, 140, 0, 245)
(205, 198, 105, 0, 112)
(276, 13, 1, 3, 159)
(215, 222, 4, 2, 160)
(187, 203, 22, 0, 249)
(299, 161, 10, 0, 132)
(10, 192, 4, 16, 199)
(89, 136, 6, 3, 155)
(223, 109, 0, 35, 172)
(295, 2, 0, 4, 0)
(67, 224, 92, 0, 116)
(299, 95, 0, 0, 96)
(299, 78, 0, 26, 147)
(272, 113, 0, 23, 243)
(299, 76, 0, 28, 149)
(236, 217, 30, 0, 17)
(199, 137, 1, 5, 115)
(208, 209, 26, 0, 74)
(231, 224, 0, 0, 245)
(278, 144, 0, 19, 44)
(221, 224, 8, 0, 221)
(153, 149, 2, 2, 157)
(199, 159, 27, 0, 152)
(299, 201, 0, 28, 63)
(267, 64, 0, 70, 39)
(299, 64, 0, 132, 137)
(270, 117, 0, 36, 255)
(244, 32, 1, 17, 168)
(284, 159, 2, 1, 187)
(137, 167, 2, 13, 172)
(224, 203, 0, 0, 100)
(130, 210, 7, 3, 234)
(75, 202, 104, 0, 210)
(235, 189, 15, 0, 149)
(230, 98, 3, 5, 192)
(189, 207, 0, 0, 134)
(299, 51, 0, 131, 235)
(70, 182, 94, 0, 0)
(188, 82, 111, 0, 233)
(299, 111, 0, 127, 227)
(257, 224, 29, 0, 150)
(277, 224, 0, 0, 24)
(137, 140, 12, 1, 234)
(299, 91, 0, 79, 169)
(28, 224, 241, 0, 89)
(217, 203, 0, 31, 0)
(243, 60, 5, 3, 161)
(299, 140, 4, 1, 150)
(239, 168, 43, 0, 242)
(256, 93, 3, 3, 133)
(105, 224, 0, 0, 46)
(161, 224, 124, 0, 174)
(1, 207, 246, 0, 53)
(299, 114, 0, 70, 2)
(282, 0, 0, 150, 58)
(64, 224, 216, 0, 77)
(272, 8, 0, 100, 123)
(253, 166, 0, 0, 73)
(299, 169, 0, 0, 238)
(299, 113, 0, 66, 43)
(192, 151, 0, 51, 89)
(179, 144, 1, 10, 251)
(196, 168, 81, 0, 97)
(271, 191, 0, 33, 212)
(226, 34, 1, 14, 171)
(289, 224, 0, 0, 0)
(253, 222, 19, 0, 183)
(276, 204, 15, 0, 79)
(192, 117, 4, 9, 101)
(299, 175, 0, 0, 129)
(98, 119, 33, 1, 233)
(260, 179, 39, 0, 136)
(118, 195, 1, 4, 208)
(157, 75, 40, 0, 160)
(175, 120, 0, 7, 229)
(231, 220, 6, 0, 117)
(299, 109, 0, 21, 238)
(299, 197, 0, 0, 163)
(269, 207, 0, 16, 91)
(217, 224, 75, 0, 99)
(233, 109, 9, 1, 182)
(288, 190, 11, 0, 87)
(93, 157, 56, 0, 190)
(157, 105, 1, 9, 136)
(202, 202, 30, 0, 75)
(238, 224, 24, 0, 225)
(241, 45, 0, 131, 112)
(299, 188, 0, 10, 0)
(248, 184, 0, 10, 224)
(268, 222, 0, 0, 0)
(97, 147, 1, 2, 218)
(298, 178, 0, 39, 219)
(166, 204, 123, 0, 191)
(299, 49, 0, 58, 213)
(264, 182, 0, 15, 142)
(299, 149, 0, 35, 168)
(256, 219, 3, 1, 162)
(270, 211, 29, 0, 179)
(218, 129, 0, 28, 253)
(271, 90, 0, 0, 215)
(14, 203, 121, 0, 0)
(299, 153, 0, 40, 37)
(258, 27, 1, 12, 212)
(172, 106, 86, 0, 174)
(297, 120, 0, 67, 68)
(229, 224, 0, 0, 251)
(287, 220, 0, 33, 216)
(295, 224, 0, 0, 0)
(228, 224, 24, 0, 255)
(211, 130, 0, 3, 197)
(94, 15, 22, 3, 219)
(292, 23, 1, 2, 147)
(96, 224, 170, 0, 147)
(231, 152, 5, 1, 191)
(219, 108, 0, 21, 50)
(207, 45, 2, 4, 189)
(280, 214, 19, 0, 109)
(99, 186, 197, 0, 68)
(161, 214, 5, 2, 207)
(251, 224, 35, 0, 132)
(237, 131, 0, 73, 0)
(124, 212, 0, 0, 53)
(178, 224, 41, 0, 220)
(267, 180, 3, 5, 198)
(37, 201, 93, 0, 151)
(244, 190, 11, 2, 185)
(117, 216, 69, 0, 34)
(13, 183, 6, 3, 80)
(16, 156, 15, 0, 0)
(186, 217, 10, 1, 188)
(41, 200, 118, 0, 239)
(172, 72, 67, 0, 18)
(273, 124, 2, 4, 237)
(24, 74, 1, 10, 132)
(280, 37, 0, 102, 183)
(205, 0, 0, 16, 201)
(274, 71, 0, 51, 134)
(283, 200, 2, 2, 181)
(236, 211, 6, 2, 183)
(42, 86, 2, 8, 151)
(294, 157, 0, 23, 240)
(221, 62, 2, 10, 139)
(180, 141, 4, 6, 248)
(44, 224, 61, 0, 250)
(112, 187, 2, 6, 69)
(236, 197, 15, 0, 63)
(264, 199, 0, 3, 130)
(293, 137, 2, 1, 196)
(173, 196, 5, 3, 156)
(190, 224, 30, 0, 242)
(173, 156, 3, 16, 239)
(276, 116, 0, 70, 59)
(95, 185, 44, 0, 50)
(48, 54, 17, 1, 91)
(290, 224, 0, 0, 251)
(254, 203, 0, 3, 143)
(280, 213, 1, 0, 132)
(193, 224, 8, 6, 163)
(248, 52, 5, 3, 222)
(296, 206, 0, 7, 173)
(185, 204, 23, 1, 232)
(21, 211, 123, 0, 18)
(299, 70, 0, 0, 230)
(293, 166, 0, 0, 36)
(281, 182, 15, 0, 94)
(296, 184, 3, 1, 160)
(261, 222, 4, 0, 246)
(240, 224, 0, 0, 0)
(299, 69, 0, 146, 28)
(90, 191, 80, 0, 236)
(299, 35, 0, 71, 229)
(205, 121, 3, 7, 91)
(299, 145, 0, 0, 175)
(95, 93, 4, 5, 162)
(272, 223, 13, 0, 165)
(133, 200, 5, 3, 236)
(289, 200, 1, 3, 217)
(276, 1, 0, 45, 146)
(294, 45, 0, 9, 34)
(97, 96, 1, 13, 100)
(253, 221, 1, 3, 182)
(32, 124, 181, 0, 0)
(33, 68, 8, 3, 204)
(147, 24, 89, 0, 62)
(84, 207, 50, 0, 246)
(120, 224, 189, 0, 39)
(138, 134, 0, 21, 33)
(158, 185, 16, 1, 113)
(133, 20, 4, 4, 69)
(122, 21, 1, 2, 212)
(227, 87, 0, 111, 141)
(296, 197, 0, 0, 184)
(299, 150, 0, 23, 113)
(110, 133, 4, 4, 59)
(285, 166, 0, 0, 90)
(255, 208, 3, 2, 167)
(63, 187, 137, 0, 20)
(18, 23, 1, 14, 181)
(229, 186, 5, 1, 211)
(248, 204, 18, 0, 110)
(273, 90, 1, 4, 139)
(124, 224, 26, 0, 23)
(0, 151, 63, 0, 81)
(121, 0, 1, 21, 111)
(299, 118, 0, 0, 94)
(246, 137, 12, 0, 16)
(74, 214, 8, 4, 189)
(171, 142, 0, 0, 215)
(2, 224, 219, 0, 162)
(190, 203, 5, 2, 197)
(44, 55, 2, 8, 90)
(83, 64, 46, 0, 163)
(299, 73, 0, 32, 140)
(222, 224, 1, 26, 104)
(248, 170, 5, 1, 245)
(299, 98, 0, 33, 112)
(182, 148, 1, 3, 93)
(115, 214, 37, 0, 104)
(210, 161, 86, 0, 200)
(148, 175, 36, 0, 1)
(160, 146, 2, 4, 189)
(280, 24, 0, 0, 113)
(292, 201, 1, 1, 123)
(167, 2, 0, 0, 108)
(236, 200, 2, 0, 93)
(219, 163, 9, 1, 187)
(243, 151, 0, 54, 255)
(256, 73, 2, 2, 218)
(96, 178, 7, 1, 238)
(243, 74, 0, 37, 175)
(105, 119, 2, 4, 106)
(299, 17, 0, 44, 29)
(283, 42, 0, 182, 197)
(294, 200, 1, 3, 198)
(0, 199, 1, 5, 197)
(83, 177, 9, 1, 189)
(86, 224, 30, 0, 19)
(281, 213, 2, 9, 155)
(268, 34, 3, 3, 237)
(257, 162, 5, 5, 207)
(213, 60, 3, 5, 230)
(63, 65, 8, 2, 173)
(241, 127, 7, 2, 101)
(275, 75, 3, 2, 196)
(225, 132, 8, 6, 236)
(109, 224, 0, 0, 165)
(238, 103, 9, 2, 196)
(64, 85, 1, 9, 56)
(299, 126, 0, 48, 131)
(206, 178, 0, 0, 51)
(105, 224, 47, 0, 109)
(299, 77, 0, 0, 54)
(246, 174, 53, 0, 72)
(54, 218, 127, 0, 69)
(202, 178, 4, 0, 120)
(141, 204, 94, 0, 202)
(299, 181, 17, 2, 188)
(269, 175, 30, 0, 81)
(122, 213, 13, 4, 206)
(49, 169, 173, 0, 143)
(50, 151, 220, 0, 116)
(111, 92, 1, 2, 128)
(66, 135, 21, 1, 122)
(287, 222, 0, 2, 23)
(251, 74, 2, 12, 181)
(101, 138, 18, 0, 15)
(275, 153, 0, 19, 208)
(199, 214, 3, 0, 75)
(294, 207, 0, 0, 231)
(174, 18, 21, 0, 154)
(102, 139, 36, 0, 172)
(274, 213, 25, 0, 225)
(50, 224, 128, 0, 250)
(293, 203, 0, 0, 155)
(58, 157, 1, 9, 156)
(299, 50, 0, 0, 164)
(55, 224, 0, 0, 164)
(205, 186, 9, 2, 245)
(233, 205, 2, 7, 190)
(102, 52, 0, 17, 41)
(241, 220, 0, 0, 80)
(107, 202, 5, 2, 61)
(64, 218, 64, 0, 88)
(57, 102, 5, 5, 75)
(265, 0, 0, 143, 30)
(278, 73, 0, 79, 42)
(172, 224, 89, 0, 13)
(299, 218, 1, 0, 216)
(186, 214, 30, 0, 80)
(299, 13, 0, 139, 53)
(265, 114, 2, 2, 166)
(234, 85, 1, 5, 210)
(104, 162, 2, 2, 161)
(299, 59, 0, 86, 243)
(265, 173, 0, 26, 164)
(299, 183, 0, 0, 113)
(253, 39, 0, 18, 18)
(157, 206, 21, 0, 210)
(142, 224, 0, 0, 236)
(77, 36, 10, 2, 152)
(14, 36, 48, 2, 204)
(297, 200, 46, 2, 165)
(78, 220, 80, 0, 231)
(230, 205, 1, 2, 202)
(246, 127, 9, 2, 165)
(112, 212, 119, 0, 0)
(276, 115, 0, 77, 79)
(213, 196, 0, 0, 111)
(210, 24, 6, 10, 234)
(188, 224, 23, 0, 208)
(246, 153, 0, 13, 184)
(114, 224, 68, 0, 46)
(277, 192, 0, 20, 94)
(89, 156, 69, 0, 19)
(255, 189, 0, 0, 85)
(119, 206, 44, 0, 194)
(279, 71, 0, 94, 215)
(299, 215, 31, 1, 125)
(277, 63, 0, 14, 170)
(0, 215, 4, 5, 162)
(8, 77, 237, 0, 146)
(202, 214, 3, 4, 205)
(214, 224, 71, 0, 230)
(0, 184, 242, 0, 119)
(273, 6, 0, 170, 7)
(291, 97, 1, 2, 230)
(282, 192, 0, 11, 64)
(216, 210, 4, 6, 207)
(165, 200, 31, 0, 189)
(184, 145, 12, 2, 207)
(264, 210, 29, 0, 44)
(122, 207, 0, 0, 154)
(197, 124, 2, 18, 103)
(123, 11, 11, 6, 127)
(181, 224, 118, 0, 137)
(201, 186, 97, 0, 140)
(3, 31, 6, 12, 124)
(289, 19, 0, 0, 255)
(148, 94, 0, 121, 103)
(252, 186, 28, 0, 113)
(299, 224, 0, 0, 152)
(35, 114, 4, 4, 199)
(292, 224, 7, 0, 163)
(255, 60, 3, 2, 189)
(192, 205, 47, 0, 20)
(49, 191, 12, 1, 194)
(0, 214, 86, 0, 128)
(276, 215, 0, 0, 183)
(63, 59, 3, 9, 173)
(20, 222, 203, 0, 254)
(202, 224, 45, 0, 9)
(299, 224, 0, 0, 223)
(286, 224, 0, 0, 74)
(270, 91, 1, 10, 175)
(172, 0, 0, 187, 37)
(284, 22, 0, 92, 198)
(132, 224, 110, 0, 255)
(146, 201, 103, 0, 183)
(77, 217, 41, 0, 248)
(143, 137, 1, 4, 109)
(132, 199, 0, 0, 216)
(130, 206, 72, 0, 120)
(93, 75, 43, 0, 119)
(39, 224, 2, 1, 187)
(220, 189, 88, 0, 207)
(170, 186, 1, 5, 97)
(281, 224, 37, 0, 0)
(39, 206, 64, 0, 3)
(27, 215, 142, 0, 255)
(239, 224, 0, 0, 33)
(136, 197, 2, 3, 129)
(50, 217, 0, 0, 123)
(147, 0, 7, 3, 159)
(299, 98, 0, 113, 228)
(39, 156, 3, 4, 151)
(270, 96, 0, 53, 164)
(252, 185, 4, 1, 236)
(234, 221, 21, 0, 112)
(217, 224, 53, 0, 230)
(0, 181, 207, 0, 187)
(235, 93, 23, 0, 43)
(176, 210, 106, 0, 143)
(299, 78, 0, 4, 183)
(81, 224, 144, 0, 0)
(271, 0, 0, 18, 0)
(273, 213, 0, 0, 51)
(253, 221, 11, 1, 159)
(30, 211, 6, 13, 189)
(267, 224, 19, 0, 104)
(35, 103, 4, 3, 195)
(72, 180, 48, 0, 151)
(114, 224, 31, 0, 227)
(293, 102, 2, 2, 218)
(279, 224, 0, 0, 81)
(63, 199, 22, 0, 197)
(299, 180, 0, 3, 169)
(299, 146, 0, 21, 164)
(153, 186, 4, 2, 219)
(208, 220, 28, 0, 150)
(287, 84, 0, 0, 255)
(233, 206, 55, 0, 80)
(272, 50, 1, 2, 194)
(134, 210, 43, 0, 172)
(250, 190, 34, 0, 88)
(258, 58, 0, 111, 255)
(299, 68, 0, 91, 0)
(299, 99, 0, 34, 188)
(144, 185, 8, 4, 105)
(296, 0, 0, 137, 88)
(211, 224, 30, 0, 162)
(197, 204, 7, 3, 231)
(277, 123, 3, 1, 245)
(213, 187, 73, 0, 75)
(153, 177, 0, 0, 41)
(28, 205, 0, 17, 255)
(288, 190, 0, 17, 131)
(166, 220, 11, 1, 194)
(21, 122, 0, 10, 52)
(244, 210, 35, 0, 210)
(73, 146, 2, 6, 193)
(171, 171, 2, 1, 134)
(22, 206, 0, 17, 193)
(292, 224, 0, 0, 151)
(75, 56, 0, 53, 90)
(143, 224, 178, 0, 33)
(10, 220, 0, 12, 66)
(299, 134, 0, 40, 176)
(281, 136, 0, 27, 225)
(126, 224, 4, 0, 90)
(163, 181, 61, 0, 16)
(254, 172, 0, 34, 196)
(299, 190, 0, 16, 222)
(122, 6, 0, 53, 215)
(128, 178, 28, 0, 107)
(142, 76, 1, 13, 125)
(299, 182, 0, 48, 52)
(231, 181, 3, 4, 210)
(0, 158, 144, 0, 217)
(287, 58, 1, 1, 200)
(227, 208, 22, 2, 186)
(299, 193, 0, 15, 11)
(204, 161, 1, 5, 244)
(38, 13, 14, 6, 211)
(299, 224, 0, 0, 98)
(265, 28, 27, 0, 186)
(107, 20, 0, 81, 235)
(172, 202, 11, 0, 145)
(221, 199, 5, 0, 181)
(299, 133, 0, 23, 221)
(14, 224, 10, 0, 132)
(295, 197, 0, 5, 0)
(267, 165, 0, 0, 36)
(117, 204, 0, 4, 47)
(38, 224, 151, 0, 243)
(44, 186, 3, 3, 180)
(261, 116, 0, 20, 0)
(63, 168, 0, 0, 77)
(278, 197, 0, 0, 244)
(7, 58, 5, 3, 174)
(145, 224, 119, 0, 27)
(299, 21, 8, 0, 25)
(209, 224, 26, 0, 186)
(45, 28, 1, 5, 218)
(18, 135, 22, 0, 233)
(286, 83, 0, 109, 59)
(232, 57, 0, 8, 0)
(299, 160, 0, 14, 189)
(232, 182, 47, 0, 79)
(249, 141, 0, 17, 60)
(171, 174, 28, 0, 16)
(227, 224, 28, 0, 24)
(209, 179, 0, 0, 72)
(149, 101, 2, 2, 159)
(286, 46, 0, 131, 215)
(299, 162, 0, 47, 168)
(233, 159, 3, 2, 251)
(262, 219, 5, 1, 137)
(190, 75, 5, 4, 93)
(145, 203, 109, 0, 54)
(233, 59, 2, 5, 143)
(102, 75, 5, 13, 199)
(299, 32, 0, 80, 255)
(228, 137, 3, 3, 218)
(192, 172, 0, 18, 13)
(269, 200, 0, 9, 159)
(265, 101, 23, 0, 31)
(126, 219, 2, 5, 198)
(274, 70, 2, 0, 19)
(168, 224, 12, 0, 116)
(299, 116, 0, 0, 194)
(82, 139, 4, 5, 240)
(244, 170, 7, 0, 181)
(290, 224, 9, 0, 85)
(102, 206, 12, 1, 206)
(197, 183, 32, 0, 75)
(299, 79, 0, 76, 0)
(148, 224, 0, 0, 180)
(72, 224, 99, 0, 213)
(189, 217, 59, 0, 52)
(261, 182, 6, 5, 191)
(265, 224, 0, 0, 4)
(157, 224, 0, 0, 71)
(269, 170, 25, 1, 226)
(284, 224, 1, 0, 54)
(48, 202, 132, 0, 215)
(294, 44, 2, 2, 151)
(182, 122, 85, 0, 0)
(63, 112, 1, 5, 149)
(234, 161, 2, 1, 227)
(0, 186, 23, 1, 79)
(286, 151, 4, 0, 5)
(27, 189, 106, 0, 199)
(202, 204, 3, 0, 162)
(226, 210, 2, 3, 180)
(299, 43, 0, 63, 54)
(70, 224, 151, 0, 140)
(253, 224, 1, 18, 219)
(135, 176, 120, 0, 169)
(299, 120, 0, 0, 22)
(277, 42, 0, 61, 45)
(4, 54, 2, 9, 83)
(242, 180, 7, 0, 166)
(299, 177, 0, 43, 100)
(287, 43, 2, 1, 221)
(46, 224, 75, 0, 139)
(181, 219, 8, 2, 199)
(127, 106, 0, 80, 185)
(144, 91, 12, 1, 139)
(211, 103, 4, 0, 143)
(262, 112, 2, 6, 213)
(251, 224, 42, 0, 206)
(83, 224, 141, 0, 168)
(257, 209, 0, 0, 132)
(221, 171, 12, 3, 228)
(277, 125, 5, 1, 124)
(299, 169, 0, 11, 0)
(299, 224, 0, 0, 0)
(196, 15, 0, 172, 229)
(282, 33, 4, 3, 151)
(164, 212, 5, 0, 67)
(289, 222, 13, 0, 0)
(251, 14, 1, 11, 127)
(231, 224, 16, 0, 71)
(236, 142, 1, 3, 164)
(158, 193, 2, 2, 71)
(284, 224, 15, 0, 177)
(299, 78, 0, 147, 62)
(274, 0, 0, 23, 61)
(299, 123, 2, 0, 146)
(271, 178, 10, 0, 14)
(112, 120, 0, 9, 151)
(203, 113, 17, 0, 4)
(255, 45, 4, 8, 181)
(47, 55, 60, 0, 131)
(23, 200, 68, 0, 173)
(275, 56, 0, 0, 132)
(263, 70, 1, 23, 202)
(199, 208, 0, 0, 28)
(44, 32, 6, 1, 209)
(139, 219, 15, 1, 206)
(66, 202, 37, 0, 0)
(212, 169, 3, 2, 208)
(193, 200, 26, 0, 182)
(292, 64, 0, 59, 73)
(208, 219, 0, 0, 38)
(282, 220, 1, 2, 150)
(299, 146, 0, 19, 105)
(122, 196, 2, 1, 97)
(97, 215, 90, 0, 111)
(252, 158, 13, 1, 223)
(175, 204, 80, 0, 190)
(117, 170, 7, 2, 217)
(134, 112, 1, 3, 181)
(100, 224, 114, 0, 70)
(205, 123, 0, 32, 219)
(247, 194, 0, 0, 70)
(106, 224, 0, 0, 214)
(123, 52, 3, 4, 106)
(190, 181, 111, 0, 59)
(281, 34, 0, 7, 145)
(191, 154, 1, 3, 111)
(203, 224, 31, 0, 49)
(213, 201, 7, 1, 241)
(299, 219, 16, 0, 88)
(50, 34, 1, 6, 134)
(76, 78, 95, 0, 0)
(247, 153, 0, 12, 13)
(276, 124, 0, 65, 123)
(111, 215, 43, 0, 150)
(56, 44, 4, 8, 151)
(179, 219, 2, 0, 145)
(265, 204, 0, 4, 236)
(292, 125, 7, 0, 158)
(232, 131, 0, 89, 203)
(281, 89, 0, 24, 145)
(279, 139, 0, 0, 75)
(150, 116, 3, 11, 86)
(299, 129, 0, 39, 104)
(239, 50, 0, 61, 255)
(246, 212, 0, 0, 218)
(299, 0, 0, 158, 63)
(279, 0, 0, 86, 57)
(168, 20, 25, 5, 233)
(21, 224, 93, 0, 241)
(129, 221, 0, 0, 164)
(255, 179, 17, 0, 31)
(19, 184, 59, 0, 35)
(207, 79, 5, 4, 107)
(110, 184, 29, 0, 55)
(241, 207, 16, 0, 142)
(247, 128, 0, 68, 85)
(239, 152, 18, 0, 125)
(220, 120, 1, 4, 209)
(299, 210, 11, 1, 164)
(70, 217, 113, 0, 81)
(117, 135, 31, 0, 51)
(294, 144, 5, 0, 106)
(260, 224, 22, 0, 121)
(148, 6, 3, 7, 213)
(282, 212, 1, 5, 147)
(87, 224, 35, 0, 184)
(134, 188, 1, 1, 88)
(153, 185, 87, 0, 215)
(247, 170, 0, 36, 217)
(282, 85, 3, 2, 130)
(91, 198, 1, 1, 214)
(255, 111, 0, 6, 158)
(299, 23, 0, 20, 177)
(289, 206, 10, 0, 121)
(281, 157, 4, 1, 164)
(299, 181, 0, 4, 0)
(195, 217, 16, 0, 76)
(29, 224, 24, 0, 201)
(235, 12, 1, 7, 166)
(198, 189, 3, 1, 235)
(289, 149, 1, 2, 175)
(255, 92, 0, 70, 88)
(0, 213, 15, 1, 177)
(87, 64, 6, 12, 194)
(256, 57, 2, 3, 253)
(197, 100, 0, 124, 202)
(268, 197, 0, 0, 106)
(240, 178, 18, 1, 231)
(287, 78, 0, 129, 76)
(258, 64, 1, 11, 168)
(24, 218, 145, 0, 245)
(251, 175, 7, 1, 245)
(71, 224, 79, 0, 208)
(62, 224, 19, 0, 136)
(215, 224, 84, 0, 24)
(255, 96, 0, 51, 180)
(157, 90, 0, 14, 62)
(175, 205, 74, 0, 211)
(0, 224, 64, 0, 118)
(254, 190, 0, 34, 228)
(196, 201, 5, 1, 186)
(270, 222, 0, 5, 164)
(113, 212, 29, 0, 225)
(299, 110, 0, 31, 69)
(290, 176, 8, 1, 203)
(168, 204, 3, 3, 132)
(219, 216, 0, 7, 29)
(48, 220, 25, 0, 107)
(62, 224, 36, 0, 162)
(125, 185, 71, 0, 62)
(129, 204, 0, 9, 71)
(293, 92, 0, 95, 13)
(52, 209, 3, 2, 236)
(197, 13, 19, 8, 227)
(151, 224, 36, 0, 233)
(5, 193, 0, 0, 74)
(63, 148, 0, 13, 183)
(185, 223, 52, 0, 187)
(146, 72, 0, 6, 53)
(295, 209, 3, 3, 150)
(225, 145, 3, 0, 239)
(173, 224, 27, 0, 104)
(152, 224, 41, 0, 144)
(181, 43, 7, 13, 137)
(299, 224, 0, 0, 66)
(122, 15, 4, 4, 74)
(114, 177, 4, 2, 114)
(48, 224, 257, 0, 166)
(200, 224, 48, 0, 245)
(217, 192, 15, 0, 72)
(30, 216, 52, 0, 57)
(278, 197, 0, 21, 94)
(28, 181, 3, 2, 211)
(89, 111, 0, 84, 198)
(0, 215, 6, 0, 129)
(19, 90, 0, 120, 9)
(21, 174, 210, 0, 233)
(68, 190, 0, 16, 163)
(15, 224, 285, 0, 175)
(242, 143, 8, 1, 137)
(32, 205, 98, 0, 30)
(286, 131, 2, 4, 230)
(229, 134, 0, 0, 127)
(299, 175, 0, 21, 46)
(249, 211, 77, 0, 193)
(109, 211, 49, 0, 60)
(35, 184, 238, 0, 140)
(56, 197, 3, 5, 234)
(250, 224, 25, 0, 150)
(234, 88, 0, 53, 134)
(283, 209, 3, 1, 152)
(278, 198, 0, 0, 91)
(277, 111, 14, 0, 194)
(172, 156, 114, 0, 170)
(30, 156, 3, 10, 62)
(0, 0, 0, 0, 0)
(0, 0, 0, 0, 0)
(0, 0, 0, 0, 0)
