Background: 194
(131, 63, 105, 67, 138)
(0, 39, 31, 152, 109)
(29, 158, 142, 32, 133)
(62, 25, 77, 156, 168)
(25, 87, 68, 22, 123)
(170, 165, 128, 19, 228)
(214, 27, 48, 69, 178)
(227, 209, 72, 16, 160)
(159, 0, 88, 29, 225)
(20, 41, 24, 100, 158)
(23, 190, 55, 21, 213)
(156, 99, 30, 66, 145)
(124, 43, 103, 21, 170)
(208, 130, 26, 18, 243)
(187, 184, 48, 30, 214)
(265, 177, 34, 31, 185)
(102, 80, 22, 50, 200)
(178, 154, 55, 9, 108)
(0, 158, 54, 19, 66)
(89, 31, 34, 33, 134)
(37, 208, 150, 10, 212)
(250, 47, 45, 18, 200)
(138, 165, 11, 37, 102)
(219, 208, 46, 6, 192)
(72, 158, 59, 9, 94)
(114, 0, 22, 103, 149)
(259, 106, 13, 79, 206)
(248, 0, 66, 19, 169)
(182, 119, 68, 10, 117)
(103, 169, 33, 39, 187)
(233, 15, 61, 17, 184)
(218, 221, 83, 4, 146)
(51, 0, 30, 49, 203)
(288, 217, 12, 7, 116)
(229, 65, 7, 46, 180)
(0, 91, 93, 14, 110)
(279, 71, 18, 35, 172)
(42, 86, 20, 23, 160)
(105, 191, 11, 14, 106)
(118, 173, 6, 14, 84)
(61, 182, 41, 8, 88)
(185, 113, 36, 12, 110)
(131, 97, 20, 14, 97)
(149, 127, 6, 58, 218)
(0, 116, 8, 15, 175)
(74, 114, 66, 15, 204)
(177, 191, 25, 11, 160)
(188, 171, 56, 18, 233)
(145, 190, 9, 16, 128)
(40, 158, 41, 7, 148)
(251, 186, 15, 33, 181)
(81, 143, 65, 4, 202)
(172, 188, 8, 10, 142)
(40, 177, 15, 14, 185)
(134, 143, 19, 19, 222)
(0, 49, 65, 12, 143)
(16, 29, 15, 22, 189)
(284, 185, 16, 10, 167)
(71, 60, 28, 7, 205)
(139, 130, 9, 9, 122)
(171, 155, 6, 15, 235)
(80, 25, 16, 7, 116)
(53, 217, 42, 27, 177)
(256, 204, 30, 5, 167)
(33, 188, 39, 2, 189)
(64, 104, 22, 12, 78)
(242, 198, 52, 3, 215)
(181, 175, 85, 5, 238)
(167, 166, 63, 7, 237)
(282, 157, 29, 4, 140)
(250, 162, 39, 7, 219)
(72, 169, 25, 5, 234)
(22, 81, 20, 11, 125)
(258, 114, 5, 29, 188)
(197, 113, 4, 50, 115)
(140, 214, 22, 11, 213)
(165, 76, 51, 18, 127)
(73, 129, 12, 5, 250)
(256, 55, 8, 7, 228)
(78, 75, 63, 4, 177)
(52, 196, 22, 17, 225)
(177, 103, 7, 16, 170)
(147, 113, 12, 12, 89)
(81, 0, 35, 21, 213)
(236, 110, 9, 11, 148)
(129, 35, 43, 33, 182)
(130, 210, 76, 4, 226)
(134, 183, 7, 15, 90)
(262, 41, 11, 10, 158)
(145, 192, 12, 5, 227)
(59, 212, 30, 6, 196)
(104, 153, 6, 47, 189)
(176, 224, 34, 1, 170)
(111, 70, 19, 21, 172)
(102, 134, 37, 8, 113)
(186, 23, 29, 11, 229)
(296, 184, 5, 22, 159)
(283, 212, 5, 8, 142)
(299, 61, 0, 146, 170)
(224, 70, 31, 11, 153)
(239, 192, 41, 5, 175)
(156, 191, 8, 8, 123)
(55, 96, 34, 11, 79)
(272, 222, 14, 2, 194)
(299, 123, 0, 66, 0)
(1, 223, 9, 4, 74)
(30, 97, 8, 60, 177)
(239, 130, 14, 7, 237)
(247, 160, 32, 2, 163)
(230, 86, 18, 12, 215)
(0, 212, 34, 9, 182)
(268, 177, 18, 10, 204)
(286, 111, 30, 27, 208)
(179, 138, 17, 12, 226)
(280, 120, 8, 6, 166)
(196, 96, 8, 9, 205)
(96, 98, 4, 10, 110)
(208, 220, 9, 4, 174)
(227, 44, 23, 17, 195)
(299, 48, 1, 9, 156)
(176, 54, 24, 45, 126)
(129, 172, 3, 28, 233)
(193, 190, 2, 8, 243)
(161, 142, 4, 23, 106)
(278, 224, 8, 3, 205)
(18, 130, 37, 13, 195)
(171, 127, 22, 3, 158)
(218, 85, 4, 45, 156)
(252, 122, 4, 16, 157)
(273, 87, 23, 5, 149)
(160, 198, 6, 5, 113)
(287, 166, 13, 10, 228)
(153, 194, 6, 6, 246)
(104, 217, 165, 0, 255)
(209, 164, 32, 2, 161)
(250, 173, 16, 8, 232)
(281, 29, 8, 6, 152)
(154, 132, 13, 8, 214)
(292, 156, 1, 10, 208)
(4, 219, 8, 2, 207)
(176, 223, 43, 1, 180)
(265, 110, 16, 10, 218)
(295, 95, 5, 7, 223)
(160, 123, 2, 62, 117)
(84, 131, 12, 6, 90)
(277, 71, 22, 8, 166)
(234, 219, 39, 3, 150)
(253, 143, 26, 8, 221)
(154, 187, 11, 4, 208)
(233, 12, 8, 31, 161)
(230, 222, 20, 2, 125)
(80, 196, 11, 8, 122)
(155, 0, 28, 13, 219)
(160, 190, 10, 3, 244)
(71, 163, 39, 6, 115)
(250, 141, 32, 2, 162)
(51, 168, 18, 2, 100)
(272, 198, 5, 10, 172)
(172, 45, 8, 16, 182)
(207, 209, 18, 6, 207)
(128, 144, 5, 14, 118)
(70, 93, 18, 18, 58)
(0, 151, 20, 18, 61)
(199, 39, 22, 13, 143)
(286, 142, 7, 16, 180)
(134, 0, 10, 75, 171)
(295, 221, 5, 4, 93)
(140, 213, 9, 5, 253)
(42, 134, 29, 7, 174)
(247, 2, 3, 5, 144)
(231, 205, 13, 12, 183)
(147, 213, 44, 0, 43)
(114, 8, 10, 48, 125)
(272, 68, 0, 138, 246)
(39, 143, 20, 11, 241)
(99, 201, 11, 6, 104)
(282, 160, 8, 4, 211)
(101, 107, 22, 14, 218)
(271, 52, 8, 8, 177)
(156, 165, 5, 17, 95)
(202, 197, 12, 8, 228)
(95, 128, 34, 0, 252)
(260, 79, 28, 3, 210)
(210, 55, 8, 19, 188)
(169, 194, 3, 7, 250)
(165, 207, 30, 5, 224)
(178, 156, 13, 9, 69)
(67, 87, 13, 5, 158)
(262, 136, 5, 3, 125)
(0, 33, 68, 6, 183)
(252, 221, 2, 11, 188)
(288, 83, 9, 3, 217)
(122, 192, 5, 7, 74)
(299, 214, 0, 19, 8)
(273, 210, 11, 7, 151)
(92, 206, 32, 1, 166)
(230, 145, 31, 11, 214)
(62, 138, 39, 5, 214)
(286, 209, 4, 5, 195)
(114, 157, 10, 6, 49)
(148, 212, 31, 1, 243)
(296, 215, 4, 3, 130)
(297, 33, 18, 3, 148)
(268, 83, 6, 3, 152)
(252, 182, 26, 6, 194)
(218, 74, 9, 17, 205)
(295, 6, 5, 7, 185)
(261, 48, 4, 26, 219)
(104, 206, 13, 16, 219)
(274, 117, 30, 2, 195)
(166, 101, 2, 20, 184)
(141, 171, 8, 14, 78)
(246, 204, 5, 2, 168)
(290, 207, 6, 1, 235)
(57, 220, 24, 4, 164)
(246, 186, 17, 6, 184)
(205, 153, 7, 6, 231)
(199, 32, 8, 7, 175)
(131, 75, 39, 14, 136)
(282, 47, 9, 24, 211)
(211, 39, 2, 28, 190)
(0, 50, 9, 8, 197)
(296, 42, 0, 188, 126)
(160, 192, 2, 8, 80)
(274, 202, 12, 2, 163)
(221, 224, 4, 11, 126)
(266, 77, 1, 28, 176)
(85, 157, 13, 6, 76)
(165, 203, 9, 3, 136)
(80, 201, 13, 3, 167)
(244, 140, 19, 1, 227)
(294, 92, 5, 2, 148)
(195, 162, 12, 11, 244)
(116, 224, 0, 0, 37)
(188, 125, 6, 19, 241)
(87, 182, 0, 12, 156)
(122, 200, 8, 21, 203)
(185, 197, 5, 2, 238)
(274, 88, 14, 5, 167)
(272, 135, 9, 4, 218)
(266, 28, 8, 8, 219)
(273, 97, 19, 3, 211)
(297, 118, 21, 30, 201)
(230, 103, 30, 2, 204)
(65, 47, 18, 10, 222)
(37, 181, 5, 7, 169)
(262, 0, 14, 17, 172)
(210, 147, 4, 7, 107)
(177, 201, 3, 1, 244)
(299, 156, 0, 34, 72)
(158, 68, 20, 5, 162)
(25, 56, 4, 48, 104)
(104, 218, 83, 5, 204)
(179, 215, 9, 5, 198)
(42, 105, 15, 14, 191)
(74, 88, 2, 15, 133)
(295, 38, 4, 4, 228)
(112, 187, 4, 15, 74)
(294, 192, 5, 7, 170)
(84, 190, 17, 2, 102)
(62, 67, 15, 19, 189)
(232, 149, 7, 11, 198)
(21, 143, 5, 6, 134)
(87, 142, 35, 5, 202)
(183, 219, 6, 0, 217)
(278, 145, 6, 4, 218)
(170, 175, 11, 8, 181)
(212, 176, 19, 5, 245)
(21, 201, 33, 10, 206)
(32, 59, 12, 22, 187)
(264, 114, 7, 14, 216)
(220, 217, 15, 4, 174)
(48, 210, 10, 9, 227)
(119, 125, 7, 12, 174)
(235, 86, 13, 4, 186)
(142, 193, 3, 1, 111)
(117, 188, 5, 13, 228)
(0, 69, 9, 15, 76)
(299, 208, 1, 7, 168)
(299, 0, 0, 102, 211)
(177, 146, 3, 10, 243)
(98, 196, 119, 0, 72)
(102, 152, 10, 10, 240)
(208, 163, 11, 1, 87)
(269, 0, 0, 49, 233)
(49, 201, 243, 0, 0)
(254, 48, 0, 50, 255)
(96, 211, 19, 7, 227)
(85, 178, 28, 3, 233)
(251, 96, 9, 14, 211)
(213, 187, 31, 3, 219)
(36, 136, 0, 89, 240)
(146, 190, 13, 2, 96)
(229, 220, 11, 4, 138)
(160, 201, 26, 0, 0)
(188, 64, 13, 22, 110)
(233, 114, 3, 25, 113)
(194, 224, 69, 0, 241)
(217, 122, 3, 9, 214)
(277, 197, 17, 1, 211)
(269, 223, 6, 1, 145)
(211, 193, 5, 4, 162)
(42, 192, 54, 4, 220)
(101, 148, 11, 3, 62)
(296, 210, 3, 2, 144)
(0, 177, 36, 9, 85)
(279, 161, 20, 3, 214)
(273, 20, 9, 10, 159)
(58, 168, 8, 6, 108)
(299, 202, 0, 3, 65)
(17, 12, 57, 11, 205)
(103, 120, 5, 13, 162)
(182, 194, 10, 1, 121)
(49, 95, 20, 7, 135)
(275, 123, 0, 23, 225)
(236, 81, 2, 52, 204)
(278, 124, 13, 1, 109)
(142, 208, 142, 0, 255)
(16, 134, 30, 3, 211)
(223, 43, 2, 22, 126)
(212, 111, 9, 10, 110)
(125, 176, 5, 9, 236)
(299, 127, 0, 44, 76)
(299, 211, 17, 2, 148)
(255, 224, 15, 0, 133)
(183, 0, 34, 7, 223)
(299, 15, 0, 131, 26)
(133, 199, 6, 6, 225)
(299, 60, 0, 0, 46)
(246, 50, 3, 26, 167)
(112, 133, 74, 0, 95)
(201, 0, 0, 20, 0)
(233, 171, 28, 3, 212)
(277, 139, 13, 5, 176)
(194, 190, 9, 2, 196)
(286, 77, 7, 2, 198)
(212, 91, 10, 3, 121)
(291, 73, 8, 1, 140)
(184, 208, 0, 16, 168)
(0, 90, 7, 10, 169)
(83, 77, 14, 13, 143)
(260, 207, 11, 3, 147)
(242, 215, 3, 1, 167)
(138, 139, 22, 4, 215)
(192, 22, 6, 31, 229)
(230, 158, 34, 1, 214)
(279, 133, 22, 2, 219)
(233, 135, 4, 8, 230)
(239, 62, 3, 10, 210)
(1, 202, 6, 18, 179)
(19, 205, 8, 4, 196)
(192, 98, 4, 10, 165)
(186, 213, 45, 3, 205)
(299, 20, 1, 4, 91)
(202, 193, 3, 5, 179)
(219, 128, 12, 17, 247)
(97, 134, 3, 5, 250)
(69, 69, 5, 2, 100)
(109, 67, 3, 21, 211)
(237, 98, 5, 1, 221)
(290, 41, 3, 3, 139)
(235, 190, 0, 0, 134)
(50, 42, 12, 8, 161)
(103, 195, 1, 3, 219)
(115, 97, 11, 4, 98)
(248, 112, 0, 12, 83)
(77, 224, 7, 10, 208)
(10, 217, 7, 2, 224)
(122, 183, 5, 7, 208)
(227, 34, 2, 14, 206)
(139, 23, 29, 10, 205)
(179, 183, 11, 3, 144)
(79, 177, 26, 0, 140)
(0, 141, 13, 11, 81)
(33, 170, 26, 4, 68)
(202, 147, 6, 9, 248)
(124, 168, 5, 3, 119)
(149, 127, 2, 3, 146)
(200, 84, 9, 4, 104)
(160, 213, 9, 1, 122)
(157, 144, 2, 12, 88)
(277, 0, 10, 5, 166)
(160, 147, 3, 6, 192)
(124, 0, 8, 20, 129)
(136, 209, 14, 3, 198)
(299, 102, 0, 42, 73)
(225, 181, 11, 8, 221)
(290, 176, 9, 7, 196)
(216, 33, 3, 18, 130)
(105, 31, 1, 42, 96)
(185, 108, 13, 4, 105)
(134, 69, 1, 17, 71)
(299, 130, 0, 82, 99)
(257, 19, 16, 8, 202)
(288, 222, 7, 19, 127)
(121, 224, 26, 0, 31)
(124, 222, 175, 0, 105)
(228, 79, 6, 7, 137)
(195, 116, 14, 12, 104)
(235, 172, 9, 11, 232)
(218, 139, 0, 80, 183)
(298, 224, 1, 0, 58)
(183, 196, 35, 1, 206)
(280, 211, 0, 1, 154)
(179, 165, 4, 17, 208)
(264, 209, 35, 0, 178)
(180, 42, 8, 33, 137)
(299, 105, 0, 66, 71)
(273, 221, 13, 1, 161)
(11, 156, 28, 7, 78)
(244, 198, 10, 5, 230)
(118, 224, 68, 0, 36)
(178, 192, 4, 6, 120)
(23, 34, 9, 18, 197)
(122, 191, 6, 6, 70)
(197, 224, 89, 0, 98)
(293, 218, 2, 0, 110)
(155, 85, 25, 8, 143)
(130, 144, 116, 0, 184)
(290, 189, 3, 2, 144)
(299, 39, 6, 8, 217)
(99, 92, 4, 9, 134)
(9, 100, 14, 32, 108)
(265, 37, 0, 81, 12)
(220, 161, 10, 2, 212)
(294, 162, 5, 4, 204)
(158, 193, 3, 4, 116)
(299, 145, 0, 19, 235)
(278, 150, 4, 1, 103)
(222, 208, 10, 8, 195)
(259, 131, 11, 5, 178)
(106, 137, 16, 1, 60)
(54, 33, 49, 3, 197)
(143, 137, 6, 4, 235)
(132, 14, 6, 12, 107)
(216, 208, 11, 1, 209)
(170, 17, 20, 10, 233)
(19, 211, 169, 0, 81)
(275, 72, 14, 1, 158)
(201, 59, 20, 6, 185)
(0, 30, 10, 13, 127)
(284, 21, 5, 8, 217)
(295, 222, 4, 10, 105)
(214, 127, 14, 1, 215)
(298, 101, 17, 6, 221)
(261, 212, 13, 2, 177)
(155, 192, 127, 0, 160)
(54, 187, 4, 5, 189)
(299, 129, 0, 140, 217)
(179, 123, 5, 17, 115)
(222, 167, 13, 3, 247)
(293, 0, 2, 21, 157)
(115, 100, 1, 10, 227)
(40, 188, 8, 2, 172)
(57, 199, 0, 5, 3)
(190, 209, 0, 0, 61)
(132, 156, 6, 12, 237)
(0, 169, 19, 8, 53)
(247, 107, 6, 14, 186)
(97, 221, 9, 3, 204)
(160, 202, 1, 21, 208)
(80, 127, 10, 4, 249)
(192, 204, 33, 0, 97)
(234, 206, 13, 7, 184)
(278, 90, 0, 71, 32)
(135, 196, 13, 4, 127)
(150, 60, 6, 19, 152)
(73, 39, 3, 20, 157)
(217, 77, 9, 4, 222)
(278, 224, 0, 0, 53)
(132, 105, 3, 5, 160)
(263, 12, 0, 29, 74)
(61, 151, 5, 16, 178)
(297, 222, 2, 2, 94)
(106, 224, 53, 0, 137)
(190, 70, 15, 7, 122)
(113, 183, 5, 4, 115)
(142, 205, 4, 1, 249)
(179, 204, 3, 2, 141)
(273, 202, 0, 5, 8)
(111, 58, 14, 3, 171)
(162, 104, 1, 9, 122)
(252, 129, 3, 6, 184)
(128, 140, 6, 4, 207)
(0, 224, 41, 0, 147)
(66, 173, 55, 2, 208)
(103, 206, 4, 0, 10)
(230, 29, 16, 10, 159)
(91, 197, 16, 4, 209)
(287, 109, 3, 5, 158)
(260, 177, 0, 0, 135)
(192, 170, 3, 1, 163)
(293, 222, 0, 2, 4)
(261, 105, 12, 3, 221)
(281, 158, 18, 1, 117)
(294, 95, 0, 58, 24)
(169, 202, 26, 2, 182)
(71, 196, 0, 0, 174)
(216, 28, 17, 1, 187)
(167, 132, 10, 17, 122)
(144, 203, 0, 8, 0)
(115, 18, 14, 7, 165)
(252, 81, 29, 2, 186)
(6, 224, 64, 0, 97)
(68, 188, 96, 0, 209)
(272, 200, 0, 20, 43)
(279, 78, 3, 8, 209)
(86, 182, 25, 0, 90)
(222, 193, 29, 0, 247)
(53, 158, 11, 4, 193)
(242, 188, 15, 2, 188)
(273, 145, 2, 6, 230)
(249, 146, 16, 2, 189)
(290, 109, 4, 30, 213)
(161, 73, 2, 28, 156)
(113, 112, 17, 11, 217)
(227, 54, 1, 67, 148)
(157, 25, 14, 24, 209)
(250, 121, 2, 4, 123)
(247, 144, 24, 2, 239)
(53, 149, 2, 5, 223)
(293, 26, 2, 8, 152)
(295, 204, 4, 0, 46)
(199, 127, 7, 6, 136)
(147, 206, 24, 1, 167)
(229, 224, 43, 0, 15)
(269, 139, 5, 5, 149)
(206, 187, 1, 0, 198)
(154, 181, 3, 6, 204)
(299, 100, 0, 108, 173)
(275, 164, 0, 0, 192)
(224, 143, 0, 2, 74)
(245, 43, 4, 2, 227)
(265, 121, 0, 49, 98)
(175, 149, 4, 7, 250)
(235, 123, 1, 15, 160)
(151, 223, 90, 0, 81)
(254, 214, 7, 3, 209)
(288, 214, 1, 10, 132)
(265, 138, 4, 1, 199)
(233, 159, 1, 0, 179)
(171, 186, 3, 6, 148)
(282, 171, 18, 4, 223)
(282, 224, 17, 0, 144)
(211, 224, 29, 0, 76)
(290, 224, 9, 0, 225)
(230, 185, 0, 0, 223)
(44, 131, 20, 9, 162)
(280, 152, 9, 1, 204)
(10, 94, 13, 22, 100)
(128, 192, 0, 0, 255)
(10, 75, 45, 2, 175)
(71, 202, 7, 3, 202)
(260, 181, 33, 0, 142)
(189, 183, 6, 7, 244)
(50, 33, 4, 28, 161)
(198, 10, 34, 16, 228)
(2, 159, 0, 0, 97)
(256, 203, 7, 4, 166)
(247, 168, 18, 1, 198)
(70, 151, 11, 16, 123)
(241, 222, 0, 2, 85)
(193, 224, 0, 0, 213)
(280, 94, 8, 6, 192)
(192, 49, 1, 16, 154)
(180, 186, 5, 5, 165)
(261, 54, 66, 0, 26)
(0, 223, 4, 1, 150)
(185, 204, 19, 3, 230)
(42, 208, 5, 6, 198)
(75, 174, 16, 3, 131)
(10, 204, 16, 11, 192)
(290, 122, 0, 42, 150)
(24, 223, 2, 6, 134)
(178, 9, 40, 8, 225)
(288, 69, 1, 15, 164)
(252, 182, 0, 0, 133)
(298, 155, 6, 2, 164)
(64, 128, 5, 5, 108)
(248, 89, 7, 10, 188)
(260, 193, 39, 0, 240)
(250, 63, 1, 7, 199)
(270, 199, 16, 2, 203)
(132, 167, 7, 14, 190)
(286, 184, 0, 28, 206)
(299, 65, 0, 143, 46)
(148, 216, 14, 6, 208)
(75, 203, 137, 0, 144)
(267, 184, 7, 1, 214)
(264, 147, 0, 56, 62)
(250, 9, 5, 12, 138)
(43, 222, 7, 2, 177)
(171, 179, 29, 3, 214)
(139, 44, 32, 5, 196)
(122, 205, 4, 4, 149)
(10, 183, 243, 0, 255)
(40, 90, 4, 7, 144)
(299, 170, 0, 15, 245)
(153, 95, 8, 3, 178)
(277, 124, 0, 27, 255)
(23, 223, 2, 1, 183)
(296, 206, 11, 3, 183)
(0, 145, 14, 3, 109)
(80, 224, 240, 0, 55)
(269, 125, 14, 6, 178)
(258, 0, 4, 13, 150)
(187, 171, 5, 3, 253)
(144, 188, 4, 8, 184)
(17, 157, 15, 0, 99)
(255, 203, 35, 0, 232)
(0, 224, 25, 0, 239)
(292, 102, 4, 2, 201)
(84, 209, 12, 1, 201)
(197, 222, 11, 2, 177)
(247, 152, 9, 1, 226)
(245, 149, 3, 3, 146)
(249, 31, 2, 5, 230)
(162, 216, 16, 3, 218)
(48, 224, 77, 0, 217)
(275, 35, 6, 9, 210)
(189, 219, 78, 0, 216)
(259, 116, 2, 4, 152)
(285, 126, 14, 3, 216)
(133, 29, 1, 40, 194)
(255, 5, 19, 2, 161)
(259, 198, 0, 0, 43)
(50, 121, 32, 6, 202)
(243, 209, 45, 0, 142)
(234, 157, 4, 5, 225)
(270, 148, 3, 4, 193)
(292, 15, 6, 3, 151)
(91, 224, 49, 4, 189)
(278, 16, 8, 3, 220)
(281, 93, 0, 92, 58)
(294, 220, 5, 1, 106)
(251, 223, 2, 2, 217)
(159, 8, 6, 21, 215)
(286, 93, 2, 3, 220)
(129, 206, 21, 4, 193)
(299, 131, 0, 56, 152)
(132, 190, 3, 7, 150)
(206, 38, 5, 21, 167)
(299, 68, 0, 146, 206)
(136, 104, 151, 0, 0)
(193, 151, 4, 10, 96)
(39, 159, 3, 19, 71)
(282, 0, 0, 0, 30)
(18, 73, 2, 17, 143)
(11, 224, 155, 0, 246)
(147, 204, 0, 0, 177)
(192, 149, 2, 8, 173)
(124, 162, 2, 19, 92)
(17, 154, 0, 55, 156)
(214, 222, 4, 2, 159)
(231, 27, 2, 19, 138)
(187, 224, 5, 22, 189)
(279, 165, 0, 40, 49)
(224, 208, 26, 0, 31)
(299, 82, 0, 18, 38)
(279, 142, 1, 8, 197)
(177, 142, 0, 10, 0)
(61, 148, 7, 4, 142)
(81, 52, 6, 3, 228)
(18, 221, 9, 2, 217)
(140, 212, 3, 3, 143)
(119, 224, 190, 0, 0)
(247, 218, 0, 0, 255)
(277, 208, 12, 2, 157)
(283, 105, 2, 6, 156)
(267, 122, 1, 10, 230)
(184, 190, 7, 1, 162)
(264, 155, 0, 0, 124)
(101, 125, 1, 13, 120)
(234, 135, 4, 3, 108)
(209, 154, 73, 0, 185)
(260, 215, 3, 2, 233)
(251, 151, 9, 1, 155)
(224, 159, 1, 7, 230)
(51, 208, 31, 2, 228)
(226, 105, 0, 11, 197)
(130, 215, 4, 0, 107)
(226, 179, 0, 20, 141)
(119, 10, 7, 10, 108)
(299, 202, 0, 0, 237)
(168, 184, 5, 6, 122)
(103, 223, 115, 0, 104)
(273, 20, 0, 99, 124)
(152, 148, 3, 15, 182)
(29, 26, 1, 31, 196)
(266, 109, 2, 2, 161)
(299, 109, 0, 26, 216)
(26, 181, 5, 2, 211)
(275, 102, 0, 55, 197)
(299, 22, 0, 41, 168)
(282, 71, 16, 1, 191)
(168, 115, 22, 0, 189)
(148, 56, 1, 18, 105)
(257, 184, 13, 0, 161)
(172, 123, 4, 12, 168)
(81, 0, 16, 14, 209)
(157, 205, 14, 0, 62)
(299, 186, 1, 13, 158)
(217, 205, 0, 8, 126)
(169, 224, 89, 0, 25)
(120, 200, 5, 3, 230)
(212, 61, 2, 17, 186)
(248, 162, 29, 1, 206)
(179, 214, 0, 0, 195)
(177, 81, 0, 69, 106)
(98, 20, 3, 23, 199)
(139, 143, 16, 0, 132)
(273, 212, 0, 0, 234)
(0, 185, 23, 2, 80)
(271, 151, 3, 1, 142)
(299, 177, 0, 23, 47)
(240, 163, 0, 38, 226)
(120, 204, 26, 2, 213)
(154, 166, 100, 0, 107)
(47, 142, 17, 3, 245)
(259, 25, 4, 16, 175)
(179, 101, 19, 7, 165)
(209, 201, 11, 4, 219)
(275, 185, 2, 6, 188)
(299, 42, 0, 20, 222)
(111, 224, 179, 0, 45)
(87, 87, 6, 11, 87)
(216, 196, 0, 14, 106)
(166, 155, 4, 4, 182)
(299, 154, 0, 56, 202)
(230, 163, 11, 2, 113)
(169, 222, 27, 1, 199)
(31, 24, 1, 21, 207)
(160, 76, 10, 4, 167)
(286, 81, 13, 1, 163)
(54, 166, 24, 2, 145)
(247, 219, 24, 0, 233)
(239, 139, 4, 4, 143)
(72, 168, 16, 1, 204)
(271, 129, 3, 4, 229)
(97, 203, 21, 1, 78)
(209, 170, 12, 4, 233)
(92, 63, 3, 9, 220)
(277, 214, 15, 1, 156)
(299, 87, 0, 0, 79)
(118, 45, 20, 5, 156)
(270, 178, 14, 2, 218)
(31, 141, 38, 2, 221)
(0, 179, 13, 3, 187)
(10, 178, 31, 1, 77)
(280, 190, 8, 2, 172)
(288, 24, 6, 6, 179)
(258, 150, 4, 10, 219)
(281, 176, 3, 12, 212)
(238, 222, 5, 1, 98)
(156, 200, 28, 0, 97)
(139, 224, 26, 21, 218)
(175, 224, 100, 0, 224)
(77, 138, 6, 1, 111)
(179, 224, 38, 0, 142)
(172, 3, 12, 6, 222)
(109, 46, 8, 8, 72)
(49, 0, 20, 9, 198)
(56, 215, 38, 3, 193)
(212, 28, 0, 141, 218)
(223, 196, 0, 23, 220)
(47, 210, 221, 0, 227)
(158, 214, 33, 1, 206)
(6, 191, 232, 0, 126)
(299, 112, 0, 72, 255)
(242, 218, 6, 1, 155)
(163, 99, 3, 7, 176)
(299, 182, 0, 40, 182)
(104, 39, 11, 12, 94)
(299, 69, 0, 166, 61)
(280, 199, 0, 0, 22)
(34, 224, 23, 0, 216)
(67, 161, 9, 1, 54)
(279, 140, 12, 1, 156)
(56, 210, 36, 0, 249)
(269, 122, 16, 1, 194)
(140, 210, 1, 3, 208)
(282, 206, 0, 0, 255)
(43, 184, 31, 0, 97)
(174, 214, 0, 0, 255)
(270, 159, 0, 54, 116)
(84, 115, 7, 5, 181)
(228, 95, 3, 19, 169)
(296, 58, 8, 13, 206)
(287, 218, 7, 1, 110)
(75, 56, 0, 73, 196)
(196, 223, 4, 1, 176)
(107, 205, 16, 1, 169)
(283, 180, 10, 1, 191)
(0, 25, 3, 8, 189)
(0, 152, 150, 0, 187)
(299, 194, 0, 19, 56)
(268, 13, 0, 82, 152)
(76, 42, 1, 54, 188)
(224, 50, 17, 1, 185)
(273, 122, 6, 1, 149)
(146, 117, 4, 4, 62)
(257, 0, 1, 16, 211)
(299, 190, 0, 2, 86)
(239, 151, 4, 4, 240)
(0, 186, 0, 0, 78)
(216, 96, 12, 1, 160)
(177, 187, 4, 2, 228)
(60, 21, 16, 10, 220)
(200, 123, 2, 19, 158)
(290, 212, 9, 2, 170)
(124, 224, 197, 0, 159)
(227, 205, 0, 11, 164)
(244, 159, 25, 1, 174)
(132, 219, 67, 0, 53)
(185, 130, 11, 9, 244)
(221, 179, 0, 13, 255)
(206, 223, 10, 1, 198)
(215, 224, 11, 0, 37)
(251, 201, 3, 10, 188)
(256, 75, 5, 2, 157)
(274, 45, 2, 22, 179)
(266, 8, 2, 7, 177)
(256, 168, 4, 2, 184)
(258, 119, 0, 0, 100)
(229, 193, 6, 3, 199)
(210, 192, 0, 28, 1)
(214, 60, 1, 16, 224)
(299, 158, 0, 45, 133)
(267, 85, 1, 5, 144)
(148, 209, 9, 6, 251)
(297, 155, 0, 48, 3)
(65, 190, 6, 3, 202)
(82, 215, 0, 9, 82)
(290, 35, 4, 1, 228)
(104, 182, 1, 13, 165)
(279, 177, 11, 1, 212)
(98, 224, 136, 0, 255)
(209, 189, 2, 5, 165)
(257, 208, 0, 21, 78)
(257, 224, 9, 0, 27)
(102, 181, 4, 4, 97)
(149, 179, 0, 32, 24)
(289, 210, 0, 14, 222)
(249, 224, 1, 3, 81)
(105, 208, 4, 5, 236)
(13, 219, 7, 2, 120)
(299, 3, 0, 116, 242)
(258, 33, 0, 82, 230)
(299, 58, 0, 60, 78)
(90, 198, 1, 3, 175)
(115, 14, 1, 11, 197)
(129, 53, 6, 15, 196)
(258, 152, 0, 33, 101)
(132, 204, 4, 5, 157)
(248, 107, 0, 0, 139)
(144, 34, 5, 4, 116)
(70, 52, 7, 6, 161)
(194, 215, 116, 0, 149)
(285, 216, 11, 2, 132)
(299, 140, 0, 19, 5)
(76, 164, 34, 4, 104)
(26, 126, 13, 9, 199)
(141, 200, 12, 3, 122)
(198, 181, 3, 6, 197)
(72, 106, 112, 0, 166)
(32, 112, 15, 10, 151)
(252, 183, 21, 0, 233)
(221, 26, 2, 48, 164)
(288, 145, 6, 1, 204)
(183, 156, 4, 5, 50)
(111, 205, 5, 8, 218)
(119, 220, 20, 4, 194)
(277, 196, 12, 1, 203)
(159, 90, 1, 49, 152)
(204, 78, 1, 4, 181)
(221, 221, 31, 0, 136)
(299, 70, 11, 4, 160)
(128, 221, 43, 0, 71)
(299, 0, 0, 69, 184)
(296, 205, 9, 0, 165)
(256, 212, 35, 0, 1)
(193, 188, 0, 35, 73)
(235, 150, 3, 8, 147)
(169, 121, 9, 6, 174)
(282, 209, 2, 12, 149)
(162, 224, 12, 0, 212)
(173, 185, 2, 2, 103)
(262, 194, 22, 1, 184)
(142, 89, 6, 8, 103)
(216, 212, 0, 12, 70)
(215, 102, 6, 10, 158)
(220, 152, 6, 2, 127)
(38, 176, 29, 1, 111)
(295, 224, 1, 2, 119)
(272, 122, 3, 2, 160)
(256, 103, 1, 0, 87)
(217, 220, 2, 4, 159)
(255, 207, 0, 2, 179)
(255, 35, 5, 17, 185)
(299, 26, 0, 61, 218)
(269, 74, 5, 8, 212)
(143, 91, 22, 3, 166)
(276, 209, 6, 4, 145)
(150, 80, 5, 11, 92)
(258, 206, 0, 0, 203)
(200, 157, 2, 6, 167)
(295, 196, 4, 7, 167)
(299, 183, 7, 2, 165)
(114, 215, 3, 9, 205)
(0, 181, 4, 2, 212)
(247, 25, 1, 8, 119)
(19, 195, 34, 6, 212)
(28, 150, 12, 5, 160)
(299, 50, 0, 146, 91)
(142, 109, 11, 4, 106)
(196, 123, 3, 10, 102)
(213, 35, 0, 64, 152)
(299, 163, 0, 35, 162)
(232, 200, 6, 3, 189)
(286, 189, 0, 3, 102)
(255, 202, 2, 3, 168)
(299, 154, 0, 56, 215)
(108, 192, 3, 9, 135)
(248, 9, 2, 17, 188)
(269, 129, 17, 0, 14)
(175, 165, 4, 4, 207)
(260, 25, 2, 22, 163)
(299, 19, 0, 29, 9)
(299, 224, 0, 0, 5)
(222, 84, 20, 1, 163)
(52, 214, 8, 3, 224)
(67, 119, 0, 68, 114)
(244, 213, 25, 0, 24)
(33, 218, 5, 6, 187)
(172, 199, 5, 4, 255)
(260, 142, 4, 4, 217)
(163, 224, 135, 0, 30)
(77, 149, 11, 8, 165)
(255, 222, 5, 2, 114)
(0, 193, 13, 6, 204)
(18, 191, 6, 8, 211)
(206, 78, 6, 11, 104)
(200, 180, 4, 4, 250)
(244, 108, 2, 2, 126)
(162, 115, 3, 13, 117)
(299, 68, 0, 75, 137)
(90, 141, 50, 0, 133)
(292, 142, 0, 48, 148)
(240, 36, 2, 20, 178)
(183, 216, 10, 3, 192)
(287, 11, 7, 4, 146)
(43, 12, 11, 8, 210)
(63, 180, 31, 1, 226)
(182, 153, 117, 0, 48)
(253, 219, 6, 1, 167)
(112, 168, 11, 5, 225)
(163, 199, 132, 0, 56)
(48, 56, 4, 11, 210)
(251, 160, 20, 2, 140)
(101, 206, 17, 0, 77)
(235, 84, 13, 6, 195)
(0, 216, 28, 0, 105)
(152, 176, 3, 11, 229)
(299, 158, 0, 0, 110)
(154, 224, 77, 0, 71)
(68, 181, 16, 8, 88)
(204, 191, 0, 0, 43)
(146, 51, 22, 4, 170)
(243, 218, 3, 3, 147)
(250, 209, 25, 0, 38)
(299, 223, 0, 8, 221)
(28, 77, 14, 4, 174)
(195, 177, 0, 42, 136)
(295, 132, 0, 9, 198)
(241, 221, 3, 1, 175)
(182, 216, 12, 0, 203)
(281, 139, 1, 3, 227)
(111, 166, 166, 0, 217)
(271, 181, 5, 2, 185)
(236, 76, 0, 94, 255)
(292, 224, 0, 0, 76)
(279, 111, 7, 8, 201)
(10, 222, 13, 2, 212)
(279, 67, 0, 59, 103)
(194, 147, 1, 11, 110)
(299, 210, 0, 0, 192)
(136, 76, 14, 9, 145)
(231, 223, 4, 1, 98)
(242, 211, 25, 0, 40)
(154, 199, 3, 6, 207)
(194, 145, 4, 5, 213)
(166, 189, 3, 9, 244)
(270, 73, 0, 117, 32)
(57, 224, 103, 0, 135)
(250, 155, 20, 1, 183)
(279, 209, 0, 0, 255)
(277, 128, 2, 6, 217)
(283, 95, 3, 4, 225)
(147, 199, 132, 0, 241)
(299, 59, 0, 36, 1)
(273, 166, 12, 2, 200)
(279, 224, 0, 0, 161)
(265, 201, 6, 3, 201)
(233, 59, 2, 5, 142)
(177, 156, 6, 10, 74)
(135, 215, 5, 5, 180)
(287, 141, 1, 7, 127)
(218, 137, 17, 1, 234)
(67, 218, 8, 1, 195)
(92, 224, 0, 0, 235)
(251, 80, 3, 20, 187)
(230, 183, 0, 0, 88)
(291, 55, 0, 23, 86)
(234, 162, 14, 1, 165)
(299, 93, 0, 62, 51)
(299, 201, 0, 27, 248)
(271, 43, 0, 169, 15)
(299, 135, 0, 0, 29)
(220, 0, 27, 9, 230)
(123, 164, 5, 9, 116)
(53, 112, 10, 18, 204)
(279, 199, 0, 18, 186)
(248, 223, 1, 1, 89)
(184, 185, 7, 2, 192)
(156, 179, 0, 21, 148)
(25, 194, 132, 0, 118)
(271, 207, 0, 8, 158)
(254, 76, 29, 0, 200)
(226, 202, 25, 2, 204)
(115, 145, 22, 0, 0)
(10, 99, 15, 6, 136)
(144, 160, 3, 12, 107)
(227, 147, 7, 3, 168)
(167, 217, 1, 10, 202)
(285, 208, 1, 4, 167)
(245, 224, 4, 6, 127)
(204, 105, 0, 9, 53)
(170, 141, 4, 15, 141)
(127, 127, 4, 2, 141)
(245, 123, 2, 2, 226)
(205, 224, 6, 0, 101)
(247, 93, 1, 2, 157)
(47, 224, 4, 2, 212)
(207, 180, 120, 0, 8)
(119, 197, 5, 2, 233)
(6, 163, 170, 0, 71)
(136, 206, 15, 4, 186)
(174, 108, 4, 5, 187)
(241, 119, 58, 0, 128)
(9, 43, 5, 12, 81)
(21, 224, 5, 1, 112)
(299, 41, 0, 121, 134)
(24, 214, 275, 0, 159)
(270, 0, 0, 196, 169)
(178, 2, 0, 47, 203)
(130, 13, 2, 8, 77)
(232, 184, 15, 0, 229)
(172, 103, 4, 4, 192)
(228, 200, 9, 6, 202)
(75, 223, 18, 1, 180)
(92, 201, 90, 0, 138)
(299, 1, 0, 16, 116)
(129, 184, 191, 0, 233)
(164, 160, 3, 13, 171)
(242, 112, 9, 5, 180)
(275, 189, 4, 0, 92)
(249, 103, 0, 42, 76)
(238, 173, 0, 35, 207)
(167, 191, 7, 0, 178)
(202, 141, 4, 13, 234)
(115, 155, 7, 4, 55)
(290, 184, 13, 0, 157)
(58, 215, 2, 4, 201)
(215, 148, 8, 3, 214)
(108, 83, 2, 21, 245)
(299, 188, 0, 0, 145)
(85, 147, 12, 10, 148)
(290, 93, 1, 7, 223)
(0, 224, 93, 0, 40)
(233, 163, 0, 28, 135)
(284, 181, 12, 1, 204)
(214, 174, 60, 1, 224)
(293, 87, 2, 10, 141)
(199, 195, 5, 2, 152)
(111, 152, 5, 3, 53)
(201, 207, 29, 0, 183)
(286, 206, 0, 0, 121)
(299, 156, 0, 39, 26)
(249, 148, 0, 45, 19)
(230, 114, 4, 2, 183)
(69, 179, 14, 2, 218)
(262, 8, 0, 15, 75)
(64, 96, 3, 12, 104)
(299, 33, 0, 27, 142)
(289, 208, 3, 2, 239)
(273, 124, 0, 17, 31)
(211, 37, 4, 6, 211)
(164, 112, 3, 2, 201)
(296, 145, 2, 6, 164)
(299, 224, 0, 3, 185)
(250, 184, 42, 0, 255)
(239, 221, 25, 0, 113)
(299, 86, 6, 5, 216)
(11, 20, 13, 15, 203)
(265, 176, 1, 2, 187)
(189, 16, 7, 21, 229)
(299, 211, 0, 6, 32)
(298, 138, 0, 61, 136)
(179, 172, 4, 4, 234)
(48, 223, 2, 1, 189)
(114, 219, 104, 0, 84)
(289, 150, 5, 1, 146)
(72, 142, 9, 10, 171)
(28, 179, 7, 2, 124)
(229, 159, 0, 9, 109)
(234, 224, 3, 8, 187)
(265, 169, 3, 2, 152)
(216, 191, 6, 0, 106)
(285, 217, 0, 0, 63)
(10, 127, 7, 8, 143)
(262, 71, 5, 3, 232)
(232, 23, 5, 2, 214)
(299, 224, 0, 0, 101)
(22, 92, 2, 10, 72)
(157, 165, 66, 0, 61)
(126, 220, 83, 0, 55)
(145, 191, 4, 2, 223)
(273, 220, 0, 0, 185)
(8, 158, 23, 0, 71)
(266, 5, 0, 179, 44)
(216, 150, 0, 39, 70)
(289, 62, 0, 117, 108)
(191, 224, 54, 0, 207)
(79, 224, 141, 0, 104)
(284, 172, 0, 14, 173)
(142, 214, 3, 1, 255)
(60, 67, 13, 2, 167)
(34, 198, 96, 0, 39)
(237, 208, 22, 0, 186)
(278, 44, 0, 94, 162)
(274, 200, 11, 1, 183)
(264, 166, 4, 1, 234)
(289, 146, 0, 5, 214)
(190, 184, 15, 0, 58)
(178, 219, 53, 0, 100)
(174, 38, 3, 6, 117)
(23, 192, 71, 0, 237)
(299, 37, 0, 95, 18)
(99, 214, 3, 3, 238)
(238, 154, 1, 5, 242)
(257, 220, 15, 1, 143)
(234, 177, 0, 28, 9)
(143, 188, 49, 0, 170)
(249, 203, 0, 0, 195)
(127, 202, 3, 2, 156)
(277, 29, 2, 9, 198)
(237, 224, 9, 0, 96)
(167, 206, 133, 0, 123)
(122, 82, 1, 14, 205)
(242, 122, 0, 15, 2)
(210, 75, 0, 0, 150)
(289, 41, 3, 4, 121)
(258, 114, 12, 1, 202)
(21, 221, 183, 0, 90)
(299, 224, 0, 0, 226)
(232, 150, 5, 2, 222)
(259, 187, 54, 0, 155)
(9, 68, 149, 0, 30)
(280, 206, 39, 0, 99)
(268, 0, 1, 14, 197)
(285, 192, 14, 0, 162)
(206, 121, 0, 5, 245)
(205, 171, 6, 2, 197)
(269, 14, 0, 188, 222)
(291, 113, 0, 33, 191)
(29, 22, 4, 17, 216)
(4, 181, 5, 2, 104)
(299, 29, 0, 7, 251)
(211, 183, 17, 4, 238)
(265, 213, 1, 6, 172)
(247, 14, 0, 156, 196)
(188, 122, 3, 30, 230)
(285, 166, 7, 4, 236)
(172, 193, 29, 0, 95)
(60, 196, 9, 11, 237)
(299, 8, 0, 56, 240)
(253, 190, 5, 0, 169)
(196, 132, 1, 7, 183)
(119, 75, 3, 13, 203)
(277, 94, 0, 83, 52)
(272, 206, 11, 1, 177)
(298, 0, 2, 4, 151)
(234, 216, 0, 0, 54)
(148, 144, 0, 13, 236)
(0, 224, 3, 0, 233)
(137, 1, 2, 10, 211)
(232, 146, 0, 16, 10)
(280, 151, 0, 73, 100)
(295, 44, 4, 11, 182)
(299, 174, 0, 3, 124)
(299, 206, 0, 0, 225)
(293, 223, 14, 0, 58)
(213, 59, 2, 5, 245)
(206, 129, 12, 2, 149)
(122, 210, 0, 14, 16)
(258, 224, 0, 0, 46)
(278, 197, 6, 3, 228)
(287, 117, 0, 23, 67)
(98, 65, 6, 27, 182)
(159, 224, 101, 0, 69)
(186, 224, 5, 0, 197)
(245, 141, 29, 0, 0)
(237, 170, 7, 1, 203)
(165, 111, 81, 0, 85)
(292, 103, 0, 66, 107)
(284, 75, 0, 62, 48)
(150, 164, 1, 5, 171)
(299, 186, 2, 3, 149)
(93, 224, 1, 0, 36)
(94, 17, 17, 7, 217)
(290, 23, 0, 115, 149)
(126, 207, 8, 3, 199)
(178, 38, 127, 0, 255)
(72, 115, 11, 3, 125)
(74, 219, 8, 2, 159)
(162, 194, 131, 0, 132)
(73, 154, 3, 2, 77)
(260, 198, 13, 1, 196)
(261, 70, 0, 13, 20)
(34, 221, 26, 0, 0)
(142, 180, 0, 11, 210)
(161, 175, 3, 6, 170)
(292, 201, 2, 1, 128)
(248, 224, 0, 0, 0)
(253, 147, 26, 0, 184)
(111, 224, 178, 0, 0)
(211, 154, 5, 2, 196)
(299, 202, 0, 0, 177)
(253, 3, 10, 3, 174)
(299, 137, 0, 14, 104)
(231, 125, 2, 5, 92)
(219, 31, 4, 14, 163)
(189, 199, 5, 0, 81)
(149, 167, 2, 18, 171)
(87, 205, 52, 0, 199)
(224, 31, 2, 4, 228)
(299, 191, 0, 48, 130)
(150, 46, 2, 22, 162)
(114, 178, 2, 0, 38)
(228, 218, 16, 1, 163)
(259, 203, 4, 2, 160)
(273, 159, 0, 3, 143)
(62, 65, 2, 9, 208)
(280, 89, 2, 16, 169)
(296, 184, 0, 4, 15)
(275, 167, 4, 3, 190)
(236, 224, 41, 0, 88)
(182, 199, 12, 4, 159)
(237, 58, 0, 0, 184)
(38, 224, 50, 0, 45)
(31, 133, 6, 9, 184)
(286, 221, 1, 3, 160)
(54, 224, 233, 0, 14)
(172, 202, 8, 2, 205)
(299, 31, 0, 93, 38)
(286, 118, 6, 1, 174)
(289, 151, 5, 5, 201)
(109, 193, 167, 0, 90)
(197, 106, 8, 9, 132)
(282, 76, 9, 0, 183)
(131, 158, 10, 0, 113)
(250, 224, 25, 0, 20)
(263, 178, 0, 28, 161)
(288, 156, 5, 1, 174)
(186, 213, 0, 0, 172)
(148, 197, 5, 9, 108)
(299, 137, 0, 44, 143)
(225, 72, 14, 2, 129)
(294, 198, 1, 2, 147)
(68, 132, 5, 4, 112)
(266, 214, 4, 0, 72)
(218, 206, 0, 0, 3)
(124, 28, 2, 13, 190)
(283, 30, 0, 180, 215)
(60, 153, 5, 3, 239)
(260, 161, 4, 1, 193)
(28, 213, 6, 5, 188)
(299, 206, 0, 0, 184)
(277, 8, 0, 20, 80)
(20, 223, 85, 0, 21)
(40, 41, 43, 2, 199)
(265, 189, 10, 1, 169)
(176, 175, 2, 7, 128)
(244, 223, 1, 17, 172)
(256, 7, 1, 15, 208)
(230, 203, 37, 0, 105)
(235, 207, 64, 0, 94)
(145, 64, 3, 4, 113)
(232, 61, 1, 22, 135)
(253, 224, 1, 2, 225)
(146, 70, 10, 2, 105)
(276, 204, 0, 20, 241)
(135, 211, 27, 0, 153)
(215, 181, 0, 13, 57)
(173, 190, 1, 6, 107)
(278, 224, 41, 0, 90)
(138, 217, 1, 0, 81)
(220, 162, 30, 0, 226)
(255, 202, 6, 1, 157)
(196, 203, 12, 2, 231)
(47, 129, 0, 27, 116)
(215, 190, 0, 0, 29)
(246, 184, 10, 6, 193)
(249, 98, 2, 14, 210)
(120, 121, 1, 11, 191)
(16, 217, 0, 0, 236)
(208, 100, 4, 6, 115)
(299, 90, 0, 112, 141)
(237, 51, 3, 8, 171)
(155, 110, 5, 7, 115)
(289, 115, 3, 3, 184)
(296, 185, 3, 8, 155)
(289, 185, 10, 0, 142)
(129, 167, 3, 2, 90)
(99, 208, 98, 0, 181)
(42, 82, 20, 1, 211)
(296, 109, 0, 7, 35)
(246, 217, 5, 0, 222)
(173, 192, 0, 8, 172)
(234, 189, 25, 0, 129)
(161, 50, 15, 2, 207)
(282, 133, 0, 54, 57)
(201, 121, 51, 0, 71)
(231, 166, 0, 22, 162)
(296, 45, 0, 162, 97)
(225, 223, 1, 1, 177)
(179, 148, 0, 7, 71)
(294, 141, 5, 3, 205)
(295, 219, 0, 13, 236)
(245, 54, 12, 3, 193)
(138, 120, 85, 0, 110)
(293, 118, 6, 6, 197)
(259, 204, 0, 2, 34)
(123, 224, 30, 0, 223)
(135, 196, 101, 0, 7)
(272, 207, 0, 0, 220)
(283, 219, 6, 1, 125)
(166, 208, 97, 0, 215)
(142, 100, 16, 6, 92)
(270, 108, 0, 94, 223)
(152, 210, 66, 0, 182)
(296, 117, 2, 1, 132)
(13, 69, 13, 8, 160)
(273, 124, 4, 4, 226)
(283, 0, 0, 36, 164)
(251, 200, 2, 2, 218)
(116, 156, 104, 0, 109)
(275, 204, 24, 0, 139)
(217, 124, 0, 19, 230)
(239, 187, 0, 0, 124)
(0, 224, 214, 0, 226)
(289, 166, 4, 1, 252)
(140, 104, 9, 5, 76)
(291, 188, 1, 2, 139)
(9, 19, 155, 0, 180)
(97, 8, 15, 9, 217)
(25, 218, 24, 0, 255)
(283, 106, 0, 0, 15)
(182, 152, 9, 2, 100)
(27, 224, 6, 3, 185)
(225, 74, 8, 3, 180)
(179, 212, 25, 2, 221)
(150, 150, 2, 6, 124)
(285, 127, 0, 51, 55)
(126, 224, 0, 0, 128)
(241, 159, 0, 0, 46)
(271, 147, 48, 0, 45)
(299, 55, 0, 43, 113)
(199, 93, 4, 7, 190)
(249, 116, 2, 5, 218)
(36, 160, 0, 18, 12)
(270, 177, 3, 1, 182)
(241, 170, 0, 54, 34)
(229, 36, 3, 7, 196)
(149, 132, 1, 40, 221)
(113, 19, 1, 22, 132)
(228, 216, 15, 2, 172)
(157, 194, 0, 0, 122)
(219, 156, 7, 0, 139)
(266, 148, 0, 16, 50)
(247, 38, 4, 4, 150)
(285, 218, 2, 2, 136)
(299, 188, 0, 7, 37)
(244, 100, 13, 1, 234)
(294, 199, 5, 0, 40)
(299, 23, 0, 158, 245)
(288, 195, 0, 25, 221)
(108, 151, 6, 2, 44)
(180, 221, 83, 0, 113)
(268, 157, 14, 3, 187)
(114, 224, 3, 0, 182)
(299, 198, 0, 7, 138)
(96, 65, 2, 14, 116)
(275, 126, 2, 7, 165)
(69, 191, 17, 5, 216)
(170, 219, 11, 0, 102)
(188, 40, 5, 19, 158)
(222, 49, 21, 1, 205)
(278, 152, 0, 8, 157)
(152, 162, 2, 22, 251)
(232, 224, 25, 0, 200)
(191, 75, 3, 5, 95)
(200, 185, 2, 2, 146)
(124, 143, 6, 2, 113)
(299, 120, 0, 43, 129)
(19, 224, 262, 0, 126)
(177, 224, 122, 0, 152)
(299, 170, 0, 32, 186)
(290, 218, 2, 6, 121)
(191, 81, 13, 2, 148)
(1, 174, 102, 0, 184)
(276, 155, 5, 1, 222)
(283, 79, 0, 18, 27)
(75, 224, 43, 0, 161)
(219, 48, 10, 0, 212)
(208, 157, 2, 4, 173)
(293, 108, 1, 10, 232)
(129, 203, 123, 0, 100)
(77, 150, 26, 4, 160)
(103, 50, 2, 23, 105)
(291, 152, 0, 19, 88)
(259, 122, 4, 10, 202)
(138, 204, 5, 4, 214)
(187, 165, 56, 0, 255)
(122, 209, 7, 3, 156)
(133, 98, 0, 17, 48)
(86, 68, 0, 78, 254)
(250, 69, 14, 2, 165)
(205, 224, 48, 0, 3)
(253, 221, 5, 2, 158)
(145, 116, 2, 10, 89)
(111, 156, 55, 0, 69)
(228, 189, 6, 3, 222)
(46, 202, 124, 0, 33)
(172, 77, 7, 1, 97)
(112, 177, 10, 0, 169)
(117, 120, 137, 0, 213)
(147, 144, 2, 3, 100)
(90, 134, 2, 7, 85)
(242, 77, 3, 6, 203)
(299, 140, 5, 1, 150)
(51, 201, 0, 0, 0)
(102, 224, 19, 0, 88)
(182, 168, 5, 4, 249)
(299, 22, 0, 104, 121)
(260, 62, 0, 161, 220)
(3, 39, 18, 2, 151)
(258, 201, 5, 1, 226)
(163, 224, 0, 0, 81)
(127, 173, 3, 3, 255)
(238, 125, 6, 5, 108)
(258, 194, 0, 18, 87)
(297, 172, 0, 15, 99)
(251, 38, 4, 2, 231)
(224, 178, 0, 0, 209)
(239, 132, 5, 1, 241)
(252, 130, 2, 3, 221)
(278, 50, 3, 3, 207)
(218, 224, 39, 0, 161)
(63, 94, 0, 0, 104)
(126, 189, 1, 1, 122)
(299, 160, 0, 64, 227)
(287, 70, 4, 4, 182)
(144, 111, 3, 6, 186)
(284, 26, 0, 15, 104)
(114, 166, 13, 1, 133)
(299, 0, 0, 70, 25)
(297, 46, 2, 2, 228)
(206, 137, 1, 5, 98)
(72, 206, 205, 0, 173)
(299, 212, 0, 0, 62)
(108, 144, 2, 4, 100)
(239, 189, 10, 0, 251)
(78, 18, 2, 11, 147)
(291, 160, 3, 2, 213)
(247, 124, 3, 4, 175)
(270, 193, 25, 0, 211)
(78, 165, 11, 1, 52)
(287, 161, 3, 9, 237)
(41, 64, 0, 94, 21)
(277, 40, 0, 74, 225)
(299, 162, 0, 23, 92)
(122, 184, 9, 0, 109)
(59, 49, 7, 7, 84)
(281, 99, 18, 0, 175)
(98, 223, 10, 0, 125)
(24, 187, 204, 0, 168)
(284, 34, 0, 52, 241)
(41, 21, 3, 15, 151)
(0, 0, 10, 6, 178)
(180, 152, 4, 5, 121)
(299, 113, 0, 93, 60)
(283, 18, 0, 206, 51)
(264, 212, 16, 0, 255)
(297, 208, 2, 2, 155)
(288, 61, 0, 155, 64)
(22, 206, 220, 0, 0)
(213, 67, 4, 3, 152)
(299, 37, 0, 52, 136)
(213, 201, 6, 5, 226)
(261, 160, 1, 8, 208)
(233, 224, 20, 0, 139)
(286, 213, 3, 1, 171)
(27, 64, 0, 97, 159)
(250, 223, 2, 1, 195)
(188, 217, 24, 0, 74)
(256, 155, 5, 5, 217)
(192, 202, 0, 0, 26)
(299, 133, 0, 5, 94)
(247, 138, 51, 0, 130)
(225, 160, 2, 1, 220)
(142, 128, 129, 0, 0)
(116, 202, 79, 0, 142)
(200, 207, 51, 0, 186)
(218, 41, 0, 67, 6)
(101, 183, 3, 3, 68)
(196, 181, 2, 2, 161)
(281, 23, 1, 38, 191)
(156, 61, 1, 1, 130)
(89, 130, 17, 2, 114)
(131, 185, 0, 22, 160)
(299, 210, 0, 7, 97)
(46, 89, 8, 8, 127)
(48, 49, 3, 2, 210)
(169, 101, 5, 4, 110)
(263, 194, 0, 10, 87)
(270, 149, 0, 0, 67)
(185, 204, 57, 0, 36)
(228, 127, 0, 14, 128)
(279, 62, 1, 6, 163)
(165, 198, 0, 7, 108)
(102, 31, 9, 3, 170)
(135, 107, 150, 0, 108)
(0, 168, 129, 0, 248)
(265, 76, 5, 2, 170)
(40, 224, 70, 0, 127)
(23, 91, 3, 11, 80)
(294, 34, 3, 10, 223)
(248, 216, 1, 1, 131)
(285, 62, 2, 9, 224)
(232, 224, 0, 0, 69)
(289, 62, 10, 6, 210)
(132, 203, 49, 0, 255)
(41, 191, 56, 0, 125)
(239, 148, 2, 3, 102)
(268, 130, 2, 5, 129)
(225, 215, 0, 0, 0)
(299, 48, 0, 141, 143)
(299, 76, 0, 17, 39)
(275, 224, 0, 0, 103)
(0, 134, 7, 14, 89)
(297, 160, 2, 3, 198)
(244, 66, 3, 3, 224)
(111, 223, 6, 2, 201)
(78, 125, 5, 4, 238)
(291, 218, 1, 1, 106)
(299, 162, 3, 3, 215)
(14, 142, 9, 8, 134)
(130, 133, 5, 2, 144)
(32, 166, 24, 10, 65)
(86, 87, 125, 0, 151)
(153, 221, 0, 5, 104)
(116, 89, 6, 12, 122)
(122, 126, 1, 7, 129)
(26, 195, 28, 9, 210)
(271, 209, 28, 0, 236)
(116, 224, 0, 0, 183)
(235, 171, 5, 1, 195)
(0, 173, 1, 8, 66)
(171, 224, 54, 0, 62)
(122, 147, 7, 6, 205)
(275, 13, 0, 86, 237)
(161, 46, 2, 28, 168)
(299, 192, 0, 32, 183)
(120, 82, 11, 2, 128)
(299, 156, 0, 67, 107)
(215, 161, 7, 1, 88)
(154, 129, 13, 3, 159)
(0, 90, 7, 1, 120)
(273, 130, 2, 6, 182)
(189, 169, 0, 0, 184)
(126, 73, 3, 8, 205)
(274, 221, 25, 0, 60)
(64, 86, 2, 10, 69)
(174, 173, 0, 20, 123)
(242, 54, 3, 6, 223)
(239, 199, 3, 2, 210)
(63, 159, 5, 1, 96)
(195, 224, 0, 0, 62)
(46, 224, 208, 0, 44)
(253, 23, 2, 15, 212)
(299, 40, 0, 108, 173)
(293, 201, 0, 10, 248)
(232, 0, 0, 130, 97)
(112, 0, 5, 7, 221)
(181, 188, 66, 0, 177)
(19, 59, 12, 5, 96)
(263, 99, 0, 43, 51)
(105, 126, 195, 0, 26)
(298, 224, 1, 1, 97)
(0, 218, 0, 0, 187)
(151, 87, 0, 16, 218)
(177, 175, 1, 2, 183)
(291, 82, 4, 3, 225)
(43, 119, 13, 2, 176)
(192, 40, 6, 9, 211)
(154, 160, 2, 6, 105)
(206, 206, 15, 4, 211)
(259, 174, 24, 1, 230)
(295, 20, 0, 63, 239)
(195, 224, 37, 0, 96)
(209, 196, 13, 0, 78)
(69, 224, 232, 0, 139)
(197, 150, 2, 3, 195)
(55, 212, 32, 0, 112)
(165, 144, 2, 7, 81)
(135, 97, 0, 27, 74)
(108, 203, 0, 0, 255)
(153, 89, 2, 6, 95)
(293, 25, 0, 0, 255)
(282, 215, 0, 9, 48)
(120, 194, 32, 0, 84)
(123, 203, 5, 3, 227)
(269, 207, 0, 17, 184)
(282, 193, 0, 0, 94)
(299, 137, 4, 1, 173)
(299, 140, 0, 7, 202)
(228, 208, 21, 2, 185)
(264, 104, 2, 22, 208)
(299, 47, 0, 160, 2)
(62, 102, 79, 0, 87)
(139, 224, 27, 0, 50)
(249, 224, 5, 0, 144)
(25, 145, 2, 20, 74)
(299, 123, 0, 64, 114)
(288, 197, 0, 18, 137)
(267, 177, 24, 0, 230)
(299, 179, 0, 8, 148)
(272, 190, 0, 0, 243)
(294, 74, 5, 3, 184)
(131, 0, 24, 3, 171)
(10, 212, 38, 0, 44)
(217, 5, 19, 8, 226)
(241, 201, 8, 2, 216)
(61, 222, 197, 0, 249)
(203, 161, 3, 1, 195)
(218, 168, 40, 0, 38)
(251, 87, 0, 108, 181)
(202, 104, 6, 4, 112)
(299, 119, 0, 2, 174)
(284, 43, 3, 12, 208)
(58, 208, 80, 0, 53)
(196, 224, 14, 0, 31)
(49, 219, 4, 5, 185)
(297, 83, 2, 8, 211)
(190, 201, 48, 0, 47)
(141, 218, 38, 1, 229)
(113, 64, 3, 2, 77)
(107, 168, 9, 2, 217)
(254, 185, 2, 1, 220)
(265, 154, 0, 59, 60)
(180, 25, 58, 1, 222)
(266, 185, 1, 2, 173)
(221, 224, 1, 0, 238)
(181, 157, 0, 3, 75)
(190, 204, 6, 3, 212)
(96, 195, 56, 0, 62)
(299, 222, 3, 0, 18)
(124, 195, 3, 6, 121)
(152, 216, 5, 5, 203)
(299, 67, 0, 38, 27)
(297, 111, 7, 6, 219)
(168, 198, 1, 3, 238)
(156, 192, 143, 0, 87)
(0, 139, 5, 3, 152)
(299, 224, 0, 0, 31)
(297, 166, 0, 16, 18)
(167, 138, 5, 8, 112)
(99, 85, 102, 0, 232)
(299, 0, 0, 56, 50)
(288, 188, 0, 18, 92)
(299, 144, 0, 19, 153)
(86, 207, 8, 4, 195)
(288, 144, 11, 0, 235)
(299, 224, 0, 0, 20)
(284, 86, 2, 1, 129)
(220, 196, 13, 1, 222)
(286, 29, 0, 66, 77)
(218, 135, 13, 2, 227)
(269, 204, 4, 1, 191)
(299, 120, 8, 8, 214)
(268, 224, 27, 0, 178)
(299, 203, 0, 0, 45)
(82, 224, 67, 0, 138)
(254, 182, 5, 1, 217)
(63, 208, 25, 0, 233)
(286, 140, 1, 12, 211)
(51, 224, 19, 0, 192)
(49, 104, 6, 8, 207)
(193, 220, 89, 0, 221)
(293, 4, 0, 198, 58)
(35, 176, 6, 4, 80)
(16, 221, 116, 0, 8)
(282, 138, 3, 2, 160)
(264, 11, 7, 3, 199)
(250, 193, 3, 0, 151)
(295, 224, 0, 0, 183)
(238, 160, 2, 5, 120)
(238, 124, 0, 21, 230)
(91, 169, 16, 1, 134)
(43, 51, 3, 11, 87)
(218, 59, 4, 3, 208)
(209, 176, 38, 1, 246)
(281, 121, 3, 3, 199)
(63, 156, 12, 1, 137)
(289, 148, 3, 3, 135)
(293, 185, 1, 7, 159)
(92, 55, 57, 0, 186)
(294, 76, 5, 4, 161)
(298, 199, 1, 2, 158)
(240, 0, 0, 136, 116)
(273, 149, 0, 14, 30)
(244, 224, 24, 0, 16)
(137, 121, 5, 3, 196)
(290, 177, 0, 9, 0)
(251, 211, 31, 0, 177)
(194, 216, 11, 2, 203)
(243, 20, 0, 54, 13)
(176, 199, 15, 1, 170)
(27, 56, 0, 108, 73)
(291, 177, 5, 3, 187)
(128, 224, 170, 0, 126)
(268, 203, 8, 0, 242)
(264, 147, 1, 11, 178)
(262, 96, 2, 3, 218)
(271, 204, 0, 20, 123)
(259, 12, 6, 0, 3)
(131, 224, 53, 0, 45)
(185, 44, 51, 0, 190)
(34, 149, 29, 0, 80)
(164, 49, 0, 100, 91)
(299, 75, 0, 24, 102)
(299, 121, 0, 32, 146)
(131, 37, 1, 15, 126)
(224, 80, 1, 14, 174)
(244, 177, 48, 0, 38)
(256, 141, 0, 0, 87)
(294, 133, 3, 1, 210)
(287, 147, 2, 6, 200)
(220, 9, 0, 57, 107)
(234, 93, 2, 10, 199)
(258, 68, 0, 5, 154)
(69, 61, 1, 3, 103)
(299, 27, 0, 21, 157)
(296, 129, 3, 3, 191)
(178, 128, 1, 0, 241)
(299, 202, 32, 3, 169)
(183, 205, 4, 5, 200)
(299, 84, 0, 111, 7)
(261, 219, 11, 1, 138)
(130, 202, 10, 1, 234)
(235, 189, 0, 2, 66)
(167, 172, 4, 3, 172)
(176, 36, 12, 4, 196)
(233, 24, 1, 28, 150)
(299, 26, 0, 0, 40)
(269, 13, 21, 0, 58)
(264, 200, 35, 0, 24)
(286, 85, 8, 1, 181)
(194, 13, 0, 0, 110)
(287, 224, 0, 0, 215)
(34, 141, 6, 4, 202)
(254, 224, 0, 0, 111)
(87, 209, 0, 0, 143)
(177, 224, 27, 0, 8)
(35, 114, 5, 5, 198)
(232, 145, 2, 0, 23)
(257, 185, 1, 5, 175)
(183, 181, 27, 0, 59)
(264, 117, 0, 43, 180)
(0, 219, 160, 0, 233)
(238, 218, 3, 0, 194)
(187, 192, 86, 0, 25)
(4, 54, 2, 11, 83)
(131, 208, 6, 0, 52)
(280, 171, 0, 14, 121)
(299, 115, 0, 56, 214)
(145, 218, 53, 0, 171)
(266, 95, 0, 74, 212)
(297, 224, 0, 0, 76)
(171, 197, 17, 0, 90)
(271, 108, 0, 19, 152)
(49, 223, 123, 0, 110)
(40, 190, 0, 22, 195)
(265, 211, 2, 2, 177)
(299, 80, 0, 48, 96)
(182, 73, 10, 2, 150)
(256, 204, 2, 6, 169)
(284, 224, 10, 0, 168)
(236, 111, 1, 8, 160)
(274, 121, 0, 69, 148)
(85, 73, 2, 13, 124)
(142, 224, 157, 0, 80)
(278, 161, 21, 0, 52)
(299, 10, 0, 106, 71)
(124, 59, 3, 6, 177)
(278, 70, 4, 7, 153)
(146, 208, 10, 0, 102)
(299, 117, 0, 88, 255)
(0, 213, 156, 0, 71)
(8, 203, 6, 5, 198)
(286, 123, 0, 41, 247)
(263, 100, 0, 91, 173)
(242, 221, 14, 0, 154)
(63, 178, 14, 1, 141)
(290, 162, 0, 28, 140)
(269, 11, 0, 194, 114)
(236, 203, 0, 0, 39)
(18, 224, 0, 0, 95)
(246, 172, 7, 2, 200)
(299, 13, 0, 38, 227)
(290, 104, 3, 2, 213)
(256, 214, 13, 0, 190)
(184, 224, 38, 0, 233)
(290, 119, 0, 0, 34)
(96, 118, 36, 2, 223)
(299, 59, 0, 144, 149)
(18, 200, 25, 0, 45)
(203, 181, 2, 9, 248)
(280, 36, 0, 75, 51)
(274, 162, 0, 18, 128)
(96, 114, 5, 9, 217)
(299, 202, 0, 0, 140)
(246, 153, 15, 2, 233)
(289, 201, 1, 2, 214)
(263, 198, 0, 0, 132)
(101, 224, 133, 0, 101)
(174, 183, 31, 0, 150)
(180, 203, 0, 19, 89)
(116, 224, 112, 0, 183)
(173, 220, 2, 4, 190)
(124, 104, 7, 4, 145)
(291, 7, 0, 127, 57)
(92, 32, 6, 18, 124)
(278, 208, 11, 0, 96)
(296, 1, 0, 133, 86)
(254, 153, 0, 17, 54)
(292, 212, 0, 0, 143)
(116, 41, 3, 6, 198)
(299, 0, 0, 58, 194)
(190, 1, 0, 29, 125)
(236, 188, 63, 0, 246)
(264, 47, 4, 6, 168)
(234, 205, 7, 1, 191)
(221, 202, 0, 0, 207)
(281, 113, 0, 73, 186)
(78, 80, 105, 0, 206)
(88, 23, 2, 38, 146)
(239, 98, 0, 72, 95)
(111, 203, 160, 0, 207)
(299, 206, 0, 0, 155)
(132, 224, 8, 4, 179)
(38, 120, 4, 8, 109)
(211, 117, 5, 3, 201)
(205, 220, 52, 0, 198)
(281, 91, 2, 4, 171)
(295, 98, 0, 7, 227)
(73, 220, 166, 0, 168)
(189, 186, 63, 0, 215)
(136, 23, 18, 4, 202)
(299, 12, 0, 82, 225)
(299, 26, 0, 159, 164)
(263, 224, 3, 2, 127)
(201, 100, 8, 2, 211)
(299, 32, 0, 159, 173)
(12, 108, 10, 7, 71)
(187, 104, 12, 3, 218)
(214, 191, 0, 22, 45)
(0, 128, 4, 4, 187)
(293, 91, 6, 2, 160)
(208, 183, 20, 0, 175)
(299, 11, 0, 39, 183)
(255, 224, 10, 0, 136)
(246, 208, 0, 0, 250)
(243, 101, 6, 2, 214)
(299, 154, 0, 35, 235)
(290, 189, 0, 32, 36)
(232, 189, 20, 0, 68)
(0, 224, 42, 0, 83)
(128, 219, 5, 0, 0)
(137, 216, 0, 21, 228)
(69, 29, 3, 13, 227)
(292, 27, 0, 119, 124)
(138, 197, 20, 0, 0)
(285, 61, 0, 68, 89)
(12, 224, 76, 0, 32)
(293, 192, 4, 2, 178)
(230, 124, 0, 0, 208)
(274, 218, 7, 4, 166)
(172, 221, 6, 0, 26)
(132, 198, 1, 4, 231)
(286, 12, 1, 6, 222)
(299, 99, 0, 125, 163)
(273, 155, 4, 5, 170)
(85, 183, 0, 0, 75)
(49, 127, 6, 11, 180)
(282, 88, 3, 2, 198)
(281, 35, 8, 0, 26)
(202, 98, 5, 5, 219)
(231, 224, 68, 0, 176)
(248, 148, 1, 3, 150)
(278, 223, 2, 1, 211)
(280, 192, 0, 1, 97)
(206, 147, 4, 4, 169)
(255, 205, 0, 0, 89)
(0, 212, 7, 8, 170)
(97, 110, 0, 41, 124)
(115, 224, 0, 0, 222)
(180, 215, 0, 0, 153)
(62, 169, 8, 3, 102)
(292, 76, 0, 3, 70)
(293, 218, 6, 2, 114)
(63, 115, 3, 8, 186)
(299, 189, 0, 22, 0)
(299, 148, 12, 7, 179)
(122, 209, 1, 5, 212)
(248, 214, 0, 0, 76)
(236, 191, 6, 2, 178)
(95, 191, 63, 0, 73)
(269, 219, 0, 0, 178)
(251, 24, 2, 15, 162)
(166, 194, 0, 0, 140)
(62, 0, 77, 0, 4)
(179, 54, 2, 9, 167)
(284, 171, 0, 17, 255)
(241, 137, 9, 2, 166)
(139, 194, 65, 0, 91)
(255, 0, 0, 53, 96)
(291, 205, 5, 1, 169)
(226, 157, 9, 1, 100)
(237, 123, 1, 4, 137)
(93, 168, 86, 0, 233)
(299, 207, 0, 38, 128)
(265, 209, 0, 15, 15)
(299, 139, 0, 32, 146)
(211, 211, 0, 0, 255)
(251, 224, 0, 0, 86)
(299, 167, 0, 14, 47)
(299, 169, 0, 51, 245)
(93, 224, 112, 0, 158)
(294, 207, 3, 1, 220)
(150, 224, 58, 0, 34)
(62, 112, 3, 3, 132)
(254, 0, 2, 24, 163)
(72, 183, 27, 3, 84)
(168, 193, 4, 1, 245)
(89, 224, 221, 0, 154)
(277, 185, 0, 0, 123)
(299, 191, 0, 5, 247)
(118, 211, 7, 10, 206)
(299, 85, 0, 31, 188)
(272, 87, 0, 50, 255)
(200, 204, 0, 2, 88)
(163, 205, 95, 0, 35)
(241, 160, 5, 2, 219)
(151, 128, 3, 10, 246)
(265, 144, 5, 2, 252)
(288, 147, 3, 2, 127)
(98, 62, 4, 11, 190)
(279, 170, 9, 0, 227)
(46, 89, 3, 4, 74)
(292, 6, 0, 29, 114)
(259, 167, 12, 1, 232)
(299, 135, 11, 2, 159)
(65, 216, 21, 0, 118)
(152, 165, 36, 0, 255)
(169, 0, 1, 45, 224)
(93, 157, 69, 0, 175)
(123, 170, 61, 0, 71)
(299, 217, 0, 3, 56)
(299, 108, 0, 54, 0)
(100, 45, 4, 5, 181)
(94, 220, 97, 0, 0)
(207, 46, 0, 4, 54)
(277, 118, 8, 2, 212)
(185, 104, 12, 1, 153)
(6, 91, 9, 2, 154)
(235, 222, 1, 2, 162)
(262, 162, 0, 0, 11)
(252, 218, 2, 2, 162)
(263, 174, 0, 58, 192)
(181, 95, 11, 5, 126)
(15, 168, 99, 0, 115)
(299, 4, 0, 24, 172)
(299, 224, 0, 0, 0)
(271, 216, 0, 0, 154)
(293, 143, 1, 13, 186)
(204, 201, 23, 0, 181)
(273, 129, 0, 74, 108)
(167, 118, 6, 7, 182)
(233, 73, 2, 9, 132)
(22, 186, 109, 0, 48)
(28, 157, 6, 9, 61)
(78, 224, 105, 0, 224)
(261, 200, 0, 0, 125)
(272, 129, 0, 48, 255)
(74, 214, 0, 0, 99)
(299, 174, 3, 0, 44)
(236, 222, 3, 4, 141)
(152, 61, 0, 148, 94)
(2, 200, 95, 0, 207)
(214, 189, 3, 4, 240)
(255, 213, 18, 1, 172)
(10, 0, 13, 7, 189)
(299, 217, 0, 0, 14)
(299, 25, 0, 25, 176)
(299, 209, 0, 0, 229)
(242, 19, 1, 4, 145)
(288, 224, 4, 1, 135)
(140, 209, 20, 0, 130)
(27, 223, 1, 1, 232)
(241, 7, 0, 208, 114)
(299, 201, 0, 0, 158)
(274, 32, 0, 83, 111)
(146, 187, 5, 3, 105)
(70, 224, 189, 0, 226)
(287, 26, 6, 1, 207)
(79, 211, 11, 4, 204)
(201, 138, 4, 2, 199)
(299, 114, 0, 6, 175)
(202, 34, 7, 0, 165)
(283, 4, 6, 6, 155)
(128, 43, 1, 24, 139)
(201, 163, 0, 20, 213)
(219, 130, 2, 6, 251)
(283, 172, 0, 0, 183)
(195, 191, 51, 0, 31)
(299, 122, 0, 48, 160)
(232, 224, 2, 10, 130)
(291, 151, 0, 0, 142)
(299, 48, 0, 112, 36)
(233, 210, 1, 0, 146)
(284, 136, 0, 63, 226)
(272, 220, 18, 0, 199)
(40, 108, 4, 8, 194)
(138, 112, 2, 10, 178)
(273, 212, 1, 1, 161)
(57, 182, 11, 5, 108)
(275, 28, 0, 137, 229)
(289, 52, 0, 0, 68)
(239, 170, 0, 0, 219)
(258, 172, 3, 2, 153)
(285, 164, 0, 0, 230)
(276, 223, 0, 0, 196)
(299, 65, 0, 98, 162)
(204, 197, 4, 2, 180)
(269, 61, 2, 1, 134)
(299, 204, 0, 0, 176)
(24, 104, 3, 6, 178)
(269, 195, 0, 0, 232)
(210, 92, 4, 6, 175)
(253, 215, 0, 6, 76)
(136, 103, 3, 10, 101)
(258, 211, 7, 4, 175)
(230, 222, 4, 1, 124)
(131, 214, 145, 0, 107)
(184, 112, 14, 5, 128)
(299, 86, 0, 138, 134)
(165, 198, 3, 2, 176)
(125, 224, 53, 0, 241)
(41, 224, 86, 0, 10)
(269, 54, 15, 2, 174)
(132, 214, 18, 0, 7)
(299, 165, 0, 1, 57)
(288, 224, 10, 0, 74)
(77, 55, 3, 5, 238)
(299, 193, 0, 17, 147)
(87, 224, 90, 0, 218)
(165, 189, 1, 7, 234)
(104, 224, 31, 0, 113)
(114, 224, 92, 0, 141)
(40, 75, 0, 0, 172)
(299, 136, 0, 88, 35)
(55, 198, 6, 5, 236)
(47, 214, 92, 0, 11)
(41, 214, 21, 0, 253)
(154, 192, 0, 11, 120)
(279, 168, 0, 28, 235)
(299, 51, 0, 3, 58)
(218, 224, 10, 0, 5)
(267, 224, 6, 0, 71)
(299, 1, 0, 8, 13)
(25, 148, 250, 0, 69)
(280, 200, 3, 1, 186)
(185, 224, 110, 0, 38)
(147, 211, 3, 1, 211)
(271, 161, 0, 0, 207)
(248, 213, 12, 0, 31)
(87, 81, 1, 13, 142)
(81, 224, 0, 1, 194)
(17, 224, 129, 0, 133)
(299, 22, 0, 189, 75)
(25, 224, 209, 0, 251)
(83, 20, 2, 15, 119)
(78, 218, 201, 0, 101)
(257, 120, 6, 2, 147)
(242, 143, 2, 5, 121)
(292, 204, 0, 10, 196)
(289, 224, 0, 0, 117)
(289, 33, 0, 50, 5)
(273, 102, 3, 5, 150)
(266, 171, 5, 1, 184)
(0, 218, 201, 0, 189)
(0, 201, 130, 0, 141)
(268, 162, 9, 3, 228)
(26, 224, 69, 0, 251)
(299, 150, 0, 70, 0)
(30, 43, 6, 16, 167)
(89, 224, 50, 0, 170)
(203, 77, 0, 108, 112)
(142, 185, 20, 0, 94)
(42, 224, 217, 0, 60)
(164, 192, 87, 0, 240)
(258, 26, 2, 16, 201)
(280, 211, 3, 2, 161)
(12, 121, 6, 2, 180)
(49, 132, 4, 4, 174)
(49, 202, 61, 0, 116)
(282, 28, 13, 1, 184)
(77, 197, 5, 2, 121)
(118, 213, 19, 2, 207)
(271, 105, 0, 119, 202)
(118, 133, 7, 2, 166)
(261, 184, 0, 0, 248)
(146, 202, 25, 0, 152)
(27, 212, 104, 0, 104)
(291, 119, 8, 0, 19)
(271, 197, 0, 0, 65)
(174, 224, 125, 0, 179)
(15, 133, 282, 0, 131)
(279, 224, 6, 0, 255)
(294, 109, 0, 40, 176)
(246, 224, 28, 0, 127)
(273, 120, 0, 99, 70)
(32, 178, 0, 16, 38)
(106, 206, 25, 0, 21)
(299, 133, 0, 21, 101)
(265, 150, 29, 0, 164)
(205, 165, 11, 2, 211)
(153, 193, 46, 0, 239)
(269, 68, 11, 2, 212)
(215, 185, 0, 0, 38)
(279, 108, 3, 2, 211)
(166, 200, 81, 0, 17)
(40, 224, 6, 0, 44)
(207, 208, 8, 6, 208)
(205, 193, 4, 2, 232)
(158, 160, 4, 8, 84)
(299, 148, 0, 24, 87)
(249, 212, 26, 0, 61)
(278, 224, 0, 0, 101)
(299, 47, 0, 57, 213)
(166, 217, 2, 7, 201)
(236, 224, 0, 0, 103)
(299, 78, 0, 126, 2)
(284, 201, 0, 0, 82)
(164, 211, 5, 0, 17)
(298, 180, 0, 19, 18)
(262, 179, 0, 32, 62)
(268, 39, 1, 0, 239)
(299, 160, 0, 39, 59)
(223, 193, 7, 2, 195)
(142, 224, 51, 0, 125)
(192, 174, 7, 0, 203)
(299, 37, 0, 10, 149)
(299, 92, 0, 50, 139)
(55, 53, 0, 39, 20)
(123, 117, 68, 0, 167)
(287, 220, 12, 0, 124)
(7, 222, 3, 1, 158)
(295, 219, 2, 2, 102)
(270, 100, 4, 5, 207)
(185, 224, 32, 0, 103)
(72, 189, 4, 1, 124)
(236, 214, 14, 0, 161)
(173, 187, 5, 5, 142)
(263, 203, 31, 0, 173)
(39, 224, 132, 0, 192)
(0, 223, 254, 0, 156)
(45, 203, 0, 0, 21)
(148, 209, 3, 1, 134)
(271, 168, 3, 2, 247)
(272, 220, 1, 3, 169)
(266, 224, 0, 0, 83)
(0, 187, 252, 0, 104)
(249, 0, 29, 0, 148)
(190, 145, 41, 0, 93)
(299, 187, 3, 0, 2)
(293, 109, 0, 0, 121)
(267, 196, 24, 0, 173)
(218, 131, 13, 0, 42)
(260, 195, 12, 1, 186)
(256, 217, 40, 0, 4)
(242, 149, 0, 0, 52)
(241, 150, 0, 0, 185)
(62, 140, 0, 70, 207)
(299, 184, 0, 0, 67)
(288, 157, 3, 4, 109)
(164, 35, 2, 40, 194)
(280, 122, 4, 1, 236)
(70, 224, 95, 0, 110)
(299, 151, 0, 73, 196)
(279, 219, 0, 0, 93)
(232, 214, 10, 0, 105)
(238, 138, 2, 3, 114)
(275, 63, 0, 43, 148)
(143, 206, 114, 0, 106)
(275, 96, 5, 5, 222)
(183, 145, 12, 2, 206)
(242, 178, 0, 14, 215)
(92, 209, 147, 0, 8)
(0, 113, 2, 10, 127)
(228, 224, 32, 0, 189)
(283, 179, 9, 1, 178)
(299, 67, 0, 94, 49)
(299, 146, 1, 3, 218)
(156, 152, 37, 0, 255)
(155, 120, 2, 7, 127)
(112, 209, 3, 0, 252)
(77, 190, 222, 0, 60)
(299, 203, 0, 0, 163)
(23, 220, 6, 1, 151)
(299, 224, 0, 0, 241)
(35, 216, 217, 0, 48)
(257, 70, 0, 81, 181)
(282, 74, 2, 2, 199)
(273, 154, 3, 7, 154)
(244, 163, 0, 16, 158)
(0, 164, 165, 0, 255)
(50, 133, 7, 3, 150)
(208, 195, 77, 0, 190)
(17, 224, 21, 0, 70)
(283, 218, 1, 3, 129)
(167, 108, 8, 2, 165)
(299, 188, 0, 27, 223)
(173, 220, 98, 0, 123)
(260, 224, 10, 0, 100)
(165, 95, 36, 1, 120)
(196, 224, 12, 0, 93)
(53, 92, 62, 0, 70)
(270, 161, 6, 1, 190)
(221, 180, 0, 14, 255)
(270, 130, 0, 0, 100)
(105, 224, 128, 0, 154)
(201, 127, 2, 18, 186)
(241, 183, 48, 0, 242)
(259, 11, 5, 1, 136)
(176, 0, 0, 19, 58)
(298, 180, 0, 34, 108)
(198, 209, 0, 0, 78)
(240, 76, 0, 0, 149)
(205, 212, 20, 1, 205)
(297, 207, 2, 1, 199)
(26, 209, 30, 0, 244)
(253, 103, 56, 0, 86)
(159, 224, 9, 0, 151)
(237, 12, 4, 4, 188)
(102, 188, 1, 4, 223)
(11, 224, 7, 1, 217)
(145, 104, 0, 110, 226)
(212, 210, 32, 0, 86)
(58, 224, 59, 0, 131)
(299, 208, 0, 0, 107)
(185, 215, 92, 0, 77)
(229, 94, 2, 5, 128)
(182, 81, 9, 3, 109)
(14, 77, 2, 10, 67)
(251, 40, 1, 22, 213)
(0, 224, 108, 0, 52)
(193, 215, 17, 0, 201)
(299, 136, 0, 45, 94)
(7, 190, 3, 1, 104)
(16, 89, 11, 2, 194)
(294, 221, 10, 0, 25)
(129, 50, 1, 11, 156)
(216, 60, 1, 6, 224)
(290, 31, 1, 6, 219)
(85, 173, 12, 1, 251)
(243, 99, 0, 53, 182)
(177, 193, 3, 2, 160)
(299, 52, 0, 27, 232)
(110, 204, 0, 6, 65)
(283, 101, 0, 51, 40)
(138, 180, 2, 13, 62)
(87, 17, 17, 0, 203)
(299, 0, 0, 214, 53)
(259, 68, 0, 143, 3)
(299, 67, 0, 111, 134)
(142, 204, 0, 15, 190)
(102, 215, 6, 3, 212)
(296, 65, 3, 2, 183)
(149, 97, 2, 3, 124)
(220, 19, 95, 0, 167)
(299, 132, 0, 0, 34)
(299, 0, 0, 96, 228)
(299, 20, 0, 87, 61)
(299, 224, 0, 0, 204)
(273, 135, 0, 89, 209)
(220, 182, 28, 2, 221)
(285, 159, 0, 18, 217)
(299, 152, 0, 71, 228)
(262, 224, 16, 0, 209)
(163, 222, 135, 0, 73)
(296, 171, 6, 3, 211)
(277, 195, 0, 29, 5)
(283, 45, 0, 0, 13)
(252, 20, 0, 120, 132)
(179, 154, 2, 3, 90)
(237, 215, 62, 0, 242)
(198, 139, 2, 11, 95)
(242, 223, 0, 0, 180)
(242, 199, 0, 0, 92)
(299, 167, 0, 50, 143)
(159, 203, 6, 3, 216)
(37, 194, 83, 0, 93)
(257, 138, 63, 0, 228)
(258, 171, 0, 18, 149)
(282, 224, 17, 0, 187)
(62, 220, 0, 0, 189)
(224, 109, 12, 2, 155)
(57, 197, 56, 0, 242)
(282, 10, 0, 126, 183)
(207, 218, 67, 0, 194)
(167, 223, 3, 11, 204)
(299, 142, 0, 22, 244)
(150, 224, 76, 0, 83)
(38, 163, 239, 0, 55)
(136, 186, 0, 11, 69)
(285, 135, 7, 1, 199)
(286, 173, 0, 0, 182)
(198, 157, 0, 25, 223)
(275, 224, 3, 4, 162)
(209, 177, 0, 5, 208)
(159, 166, 0, 0, 140)
(0, 184, 24, 0, 135)
(276, 172, 0, 0, 132)
(157, 121, 0, 42, 13)
(299, 224, 0, 0, 6)
(281, 162, 0, 17, 197)
(279, 142, 0, 17, 72)
(123, 191, 93, 0, 193)
(0, 156, 3, 4, 36)
(299, 208, 0, 9, 109)
(188, 207, 4, 1, 247)
(299, 0, 0, 84, 123)
(64, 143, 10, 1, 116)
(130, 72, 0, 119, 144)
(287, 152, 10, 1, 192)
(265, 88, 1, 5, 168)
(104, 137, 15, 2, 68)
(281, 38, 0, 166, 162)
(294, 196, 0, 24, 17)
(145, 219, 55, 0, 177)
(219, 98, 0, 43, 39)
(17, 128, 1, 18, 141)
(226, 61, 0, 163, 201)
(0, 188, 34, 2, 111)
(285, 224, 3, 0, 79)
(245, 34, 0, 12, 46)
(272, 126, 0, 20, 81)
(152, 30, 17, 9, 201)
(120, 99, 2, 5, 161)
(109, 88, 4, 5, 168)
(152, 192, 1, 1, 178)
(29, 78, 2, 5, 180)
(299, 207, 0, 4, 94)
(195, 205, 77, 0, 23)
(268, 96, 0, 0, 215)
(299, 209, 0, 1, 53)
(175, 110, 27, 0, 28)
(174, 224, 0, 0, 202)
(186, 154, 139, 0, 103)
(122, 157, 6, 8, 63)
(4, 145, 0, 0, 33)
(183, 35, 0, 13, 157)
(299, 4, 0, 199, 180)
(207, 196, 9, 1, 175)
(274, 147, 0, 0, 154)
(212, 221, 0, 3, 50)
(0, 205, 1, 7, 176)
(285, 117, 2, 1, 245)
(0, 50, 0, 120, 221)
(299, 119, 0, 9, 169)
(61, 209, 0, 15, 2)
(281, 224, 0, 0, 12)
(299, 17, 0, 31, 138)
(145, 224, 10, 0, 181)
(85, 58, 51, 0, 176)
(299, 137, 0, 0, 178)
(260, 109, 3, 2, 155)
(32, 120, 9, 1, 83)
(116, 202, 183, 0, 216)
(261, 189, 0, 33, 203)
(283, 15, 0, 141, 47)
(263, 197, 0, 0, 255)
(57, 207, 219, 0, 177)
(275, 84, 0, 13, 231)
(299, 135, 0, 58, 73)
(240, 87, 2, 9, 231)
(186, 224, 76, 0, 81)
(230, 9, 0, 2, 23)
(93, 192, 192, 0, 215)
(299, 163, 0, 32, 161)
(31, 99, 3, 1, 101)
(299, 130, 0, 59, 3)
(31, 207, 0, 0, 182)
(126, 221, 0, 0, 252)
(299, 171, 7, 8, 213)
(213, 32, 65, 0, 200)
(224, 184, 0, 0, 104)
(299, 207, 0, 0, 46)
(295, 218, 0, 14, 91)
(223, 69, 0, 52, 221)
(174, 140, 3, 9, 137)
(270, 120, 0, 42, 77)
(44, 177, 30, 0, 117)
(268, 74, 0, 0, 75)
(285, 37, 0, 102, 195)
(119, 84, 1, 19, 159)
(20, 123, 7, 3, 162)
(157, 203, 6, 2, 231)
(246, 73, 4, 1, 221)
(299, 158, 0, 59, 255)
(265, 199, 0, 20, 166)
(209, 191, 118, 0, 255)
(28, 184, 233, 0, 37)
(30, 138, 19, 2, 173)
(174, 173, 1, 12, 231)
(289, 28, 2, 2, 150)
(107, 195, 3, 3, 176)
(194, 147, 1, 7, 93)
(127, 44, 6, 3, 194)
(85, 196, 2, 8, 95)
(299, 60, 0, 24, 195)
(0, 224, 0, 2, 3)
(298, 180, 1, 0, 144)
(56, 224, 102, 0, 61)
(214, 224, 46, 0, 250)
(272, 214, 0, 0, 153)
(282, 75, 1, 7, 227)
(241, 114, 3, 2, 224)
(254, 224, 45, 0, 123)
(225, 108, 7, 5, 170)
(279, 224, 1, 2, 231)
(116, 186, 3, 2, 79)
(79, 122, 2, 1, 106)
(294, 224, 0, 0, 217)
(291, 172, 0, 12, 91)
(159, 198, 1, 3, 139)
(299, 207, 0, 13, 243)
(169, 221, 35, 1, 202)
(48, 224, 153, 0, 103)
(299, 209, 1, 1, 195)
(299, 138, 0, 0, 208)
(0, 196, 262, 0, 15)
(254, 84, 0, 55, 230)
(297, 127, 0, 49, 159)
(87, 70, 5, 6, 195)
(299, 76, 0, 0, 45)
(4, 158, 92, 0, 74)
(80, 144, 0, 0, 55)
(201, 203, 0, 3, 7)
(299, 77, 3, 4, 165)
(82, 205, 217, 0, 124)
(181, 179, 0, 20, 255)
(90, 148, 6, 2, 77)
(12, 193, 23, 0, 124)
(197, 219, 27, 1, 192)
(193, 123, 2, 5, 106)
(253, 220, 0, 10, 94)
(266, 72, 0, 4, 192)
(232, 224, 71, 0, 90)
(299, 64, 0, 0, 170)
(139, 183, 156, 0, 55)
(243, 173, 0, 0, 212)
(212, 87, 9, 1, 141)
(259, 224, 0, 11, 38)
(217, 224, 39, 0, 255)
(21, 200, 0, 14, 203)
(113, 36, 5, 6, 153)
(13, 210, 118, 0, 112)
(299, 210, 0, 6, 164)
(271, 206, 0, 0, 243)
(263, 151, 1, 5, 178)
(70, 221, 146, 0, 192)
(236, 71, 0, 3, 22)
(263, 224, 0, 0, 130)
(256, 204, 36, 0, 178)
(291, 96, 0, 11, 254)
(299, 209, 0, 0, 197)
(290, 53, 0, 101, 202)
(231, 224, 0, 0, 158)
(227, 207, 0, 0, 49)
(138, 224, 65, 0, 0)
(40, 79, 25, 3, 206)
(291, 57, 0, 133, 46)
(207, 207, 42, 0, 231)
(251, 224, 0, 0, 113)
(176, 224, 99, 0, 250)
(267, 194, 44, 0, 17)
(229, 207, 0, 0, 140)
(299, 106, 0, 68, 86)
(277, 224, 2, 0, 212)
(254, 203, 6, 2, 157)
(299, 34, 0, 73, 84)
(168, 224, 57, 0, 33)
(90, 224, 99, 0, 165)
(226, 93, 1, 5, 211)
(299, 89, 0, 29, 131)
(52, 205, 47, 0, 231)
(69, 157, 12, 3, 150)
(11, 179, 0, 0, 121)
(249, 213, 36, 0, 245)
(239, 68, 5, 3, 199)
(237, 19, 8, 6, 144)
(291, 138, 8, 0, 105)
(291, 193, 3, 5, 178)
(157, 188, 15, 0, 147)
(0, 202, 284, 0, 59)
(252, 120, 1, 6, 155)
(265, 222, 1, 0, 109)
(267, 149, 0, 75, 198)
(281, 210, 18, 0, 34)
(232, 224, 4, 0, 165)
(299, 201, 0, 0, 110)
(61, 207, 6, 2, 209)
(96, 205, 11, 1, 82)
(184, 185, 0, 0, 199)
(139, 168, 1, 7, 150)
(244, 212, 12, 0, 91)
(202, 154, 1, 4, 94)
(269, 201, 0, 0, 6)
(51, 181, 2, 8, 208)
(233, 211, 11, 0, 251)
(299, 96, 0, 108, 27)
(235, 116, 4, 0, 52)
(289, 115, 0, 59, 81)
(219, 128, 6, 2, 212)
(131, 195, 161, 0, 196)
(278, 194, 18, 1, 163)
(209, 70, 2, 4, 233)
(163, 103, 1, 27, 131)
(37, 224, 232, 0, 163)
(163, 224, 31, 0, 153)
(180, 203, 3, 1, 110)
(299, 188, 9, 0, 88)
(278, 150, 0, 68, 116)
(284, 63, 0, 0, 255)
(115, 224, 125, 0, 151)
(201, 122, 0, 28, 138)
(149, 177, 1, 0, 166)
(103, 1, 3, 0, 190)
(63, 91, 2, 22, 103)
(273, 20, 3, 1, 195)
(273, 216, 26, 0, 121)
(74, 205, 102, 0, 19)
(283, 47, 9, 2, 220)
(27, 109, 1, 21, 183)
(170, 86, 0, 12, 0)
(157, 224, 53, 0, 94)
(257, 224, 53, 0, 255)
(288, 210, 0, 3, 48)
(207, 47, 0, 75, 155)
(75, 21, 6, 3, 137)
(147, 76, 0, 78, 97)
(260, 168, 3, 0, 39)
(195, 178, 115, 0, 224)
(125, 167, 4, 5, 99)
(119, 145, 87, 0, 232)
(246, 224, 0, 5, 83)
(299, 181, 0, 8, 47)
(225, 94, 4, 3, 214)
(215, 52, 34, 0, 51)
(295, 198, 1, 2, 136)
(182, 224, 48, 0, 255)
(141, 208, 46, 0, 0)
(246, 191, 3, 5, 169)
(204, 179, 95, 0, 240)
(178, 0, 10, 2, 218)
(283, 205, 19, 0, 255)
(286, 129, 0, 57, 246)
(299, 126, 0, 0, 121)
(299, 221, 3, 1, 98)
(299, 224, 0, 0, 0)
(262, 224, 29, 0, 97)
(271, 171, 15, 1, 227)
(228, 154, 3, 1, 167)
(261, 224, 38, 0, 79)
(178, 169, 1, 1, 168)
(190, 188, 0, 13, 95)
(280, 90, 8, 1, 177)
(47, 97, 3, 20, 171)
(230, 103, 2, 3, 190)
(299, 177, 0, 16, 0)
(284, 224, 0, 0, 67)
(299, 181, 1, 2, 188)
(229, 68, 0, 0, 255)
(299, 211, 0, 0, 110)
(211, 67, 0, 103, 45)
(133, 170, 23, 0, 186)
(299, 49, 0, 57, 32)
(29, 13, 9, 15, 206)
(299, 224, 0, 0, 226)
(19, 223, 186, 0, 3)
(144, 224, 112, 0, 96)
(249, 187, 0, 12, 148)
(270, 174, 11, 2, 232)
(223, 224, 56, 0, 226)
(0, 224, 171, 0, 31)
(105, 183, 10, 3, 222)
(246, 217, 36, 0, 88)
(196, 208, 29, 1, 213)
(144, 43, 1, 14, 218)
(269, 197, 0, 4, 166)
(280, 224, 18, 0, 177)
(116, 61, 3, 27, 186)
(247, 196, 4, 2, 202)
(276, 209, 0, 0, 24)
(250, 147, 5, 1, 141)
(76, 224, 182, 0, 207)
(0, 181, 0, 0, 181)
(173, 48, 1, 16, 205)
(282, 32, 0, 55, 48)
(70, 217, 90, 0, 214)
(276, 15, 0, 49, 158)
(240, 215, 2, 2, 179)
(288, 124, 0, 100, 31)
(276, 55, 4, 3, 159)
(189, 158, 18, 1, 118)
(169, 80, 2, 18, 118)
(12, 224, 25, 0, 40)
(29, 224, 132, 0, 80)
(78, 163, 113, 0, 116)
(93, 224, 150, 0, 115)
(202, 224, 0, 0, 11)
(36, 218, 0, 0, 1)
(276, 125, 5, 2, 121)
(243, 212, 11, 0, 187)
(291, 98, 0, 109, 174)
(202, 202, 28, 0, 78)
(136, 52, 8, 7, 145)
(263, 224, 0, 0, 33)
(281, 224, 13, 0, 214)
(289, 207, 1, 4, 229)
(222, 32, 2, 4, 233)
(293, 165, 2, 1, 176)
(38, 130, 21, 1, 212)
(223, 68, 27, 1, 192)
(287, 175, 0, 21, 166)
(167, 64, 9, 4, 166)
(270, 29, 0, 26, 107)
(294, 120, 0, 30, 255)
(82, 195, 8, 0, 73)
(123, 218, 130, 0, 182)
(221, 70, 9, 2, 136)
(92, 87, 0, 75, 121)
(8, 224, 120, 0, 105)
(260, 185, 28, 0, 62)
(299, 70, 0, 154, 81)
(153, 131, 4, 1, 164)
(241, 62, 0, 136, 143)
(221, 224, 9, 0, 32)
(234, 5, 0, 93, 89)
(227, 59, 2, 23, 152)
(299, 224, 0, 0, 127)
(290, 28, 0, 100, 44)
(203, 220, 6, 4, 181)
(265, 214, 0, 1, 231)
(94, 170, 18, 2, 178)
(299, 121, 0, 82, 47)
(151, 103, 72, 0, 53)
(283, 47, 0, 74, 15)
(299, 3, 0, 7, 200)
(275, 153, 2, 3, 184)
(238, 24, 32, 0, 131)
(127, 224, 24, 0, 119)
(299, 19, 0, 175, 126)
(292, 25, 2, 1, 241)
(52, 220, 61, 0, 39)
(37, 224, 35, 0, 169)
(232, 206, 0, 18, 122)
(127, 224, 32, 0, 5)
(249, 199, 15, 1, 229)
(183, 212, 6, 0, 22)
(93, 224, 110, 0, 255)
(253, 208, 1, 2, 170)
(277, 224, 0, 0, 145)
(237, 224, 22, 0, 145)
(66, 195, 10, 2, 240)
(299, 202, 0, 7, 162)
(290, 173, 8, 2, 227)
(18, 24, 11, 7, 165)
(133, 215, 4, 2, 200)
(271, 218, 0, 4, 241)
(233, 94, 0, 114, 14)
(218, 98, 11, 2, 111)
(299, 45, 0, 117, 238)
(226, 211, 42, 0, 0)
(253, 203, 3, 2, 171)
(299, 25, 0, 78, 187)
(25, 224, 0, 2, 243)
(252, 61, 1, 15, 168)
(279, 127, 2, 1, 225)
(299, 169, 0, 38, 144)
(74, 197, 0, 0, 143)
(299, 112, 0, 55, 231)
(149, 220, 4, 2, 222)
(153, 38, 6, 4, 172)
(299, 77, 0, 81, 216)
(258, 168, 0, 14, 80)
(218, 116, 39, 0, 198)
(145, 11, 0, 165, 132)
(281, 86, 0, 138, 24)
(156, 190, 31, 0, 169)
(6, 48, 0, 154, 92)
(240, 144, 59, 0, 212)
(299, 122, 0, 20, 203)
(263, 156, 8, 2, 192)
(274, 185, 6, 4, 187)
(79, 60, 6, 1, 124)
(245, 223, 1, 1, 149)
(299, 188, 0, 0, 68)
(290, 145, 6, 2, 201)
(131, 224, 64, 0, 19)
(139, 82, 1, 30, 119)
(258, 224, 27, 0, 133)
(236, 224, 22, 0, 72)
(42, 219, 205, 0, 209)
(29, 218, 63, 0, 120)
(147, 191, 13, 0, 69)
(234, 138, 1, 7, 242)
(37, 159, 5, 1, 117)
(228, 184, 0, 0, 88)
(289, 125, 6, 5, 221)
(299, 94, 0, 20, 223)
(91, 147, 1, 17, 93)
(115, 143, 10, 10, 196)
(221, 224, 34, 0, 32)
(268, 9, 0, 0, 117)
(0, 205, 170, 0, 87)
(285, 184, 2, 4, 182)
(285, 204, 0, 0, 0)
(100, 23, 7, 10, 183)
(190, 138, 7, 6, 242)
(120, 221, 4, 3, 189)
(151, 79, 7, 3, 118)
(299, 162, 0, 14, 50)
(293, 186, 0, 24, 81)
(272, 28, 0, 85, 44)
(299, 177, 0, 0, 14)
(246, 125, 1, 0, 134)
(263, 215, 1, 2, 211)
(260, 3, 0, 188, 194)
(299, 193, 0, 11, 92)
(0, 204, 6, 11, 179)
(41, 186, 113, 0, 169)
(77, 196, 11, 3, 124)
(286, 123, 3, 1, 220)
(235, 213, 16, 1, 189)
(15, 192, 163, 0, 245)
(290, 7, 2, 1, 144)
(140, 195, 23, 0, 253)
(299, 46, 0, 57, 228)
(22, 194, 2, 2, 219)
(63, 224, 223, 0, 225)
(124, 142, 3, 2, 59)
(152, 131, 0, 0, 61)
(129, 133, 11, 1, 162)
(6, 224, 157, 0, 97)
(299, 70, 0, 15, 35)
(66, 209, 1, 4, 199)
(143, 186, 1, 7, 137)
(226, 141, 8, 5, 251)
(254, 206, 4, 1, 220)
(299, 132, 0, 5, 243)
(259, 197, 10, 1, 174)
(0, 44, 8, 4, 59)
(185, 42, 0, 36, 73)
(175, 134, 0, 0, 12)
(195, 66, 8, 1, 120)
(145, 209, 80, 0, 139)
(276, 132, 17, 0, 122)
(147, 214, 118, 0, 149)
(92, 33, 2, 9, 193)
(221, 223, 42, 0, 184)
(272, 80, 3, 2, 241)
(200, 39, 1, 19, 135)
(264, 193, 16, 1, 168)
(92, 127, 12, 2, 183)
(146, 224, 0, 0, 61)
(0, 187, 17, 1, 136)
(176, 224, 0, 12, 2)
(299, 145, 0, 14, 141)
(261, 158, 22, 0, 61)
(284, 178, 2, 1, 187)
(20, 215, 113, 0, 42)
(299, 147, 0, 45, 91)
(131, 196, 18, 1, 116)
(252, 154, 12, 0, 42)
(299, 222, 0, 2, 239)
(296, 153, 0, 52, 253)
(85, 164, 126, 0, 0)
(245, 107, 1, 1, 123)
(113, 204, 7, 1, 149)
(180, 86, 69, 0, 186)
(257, 218, 0, 2, 249)
(285, 178, 4, 0, 222)
(266, 135, 0, 66, 255)
(299, 0, 0, 94, 41)
(287, 73, 0, 11, 47)
(238, 176, 61, 0, 34)
(219, 62, 4, 6, 142)
(3, 197, 175, 0, 195)
(59, 224, 8, 3, 163)
(254, 19, 0, 57, 113)
(263, 171, 30, 0, 48)
(299, 213, 0, 11, 188)
(115, 182, 0, 30, 148)
(31, 224, 32, 0, 237)
(299, 192, 6, 5, 163)
(127, 87, 67, 0, 199)
(91, 111, 4, 3, 215)
(112, 178, 145, 0, 140)
(299, 46, 0, 113, 29)
(185, 128, 1, 17, 209)
(299, 73, 0, 79, 162)
(221, 167, 19, 0, 217)
(168, 201, 0, 0, 161)
(267, 36, 0, 181, 196)
(299, 215, 0, 8, 124)
(283, 24, 2, 1, 160)
(40, 224, 0, 0, 104)
(195, 176, 31, 0, 136)
(238, 0, 0, 146, 251)
(271, 224, 4, 0, 34)
(299, 180, 0, 17, 188)
(94, 220, 95, 0, 39)
(231, 215, 57, 0, 42)
(299, 48, 0, 150, 152)
(265, 184, 0, 0, 58)
(291, 76, 4, 2, 199)
(299, 217, 0, 7, 227)
(267, 214, 15, 0, 64)
(234, 224, 0, 0, 205)
(152, 156, 2, 4, 109)
(135, 169, 2, 13, 212)
(278, 128, 0, 0, 216)
(265, 107, 0, 0, 243)
(269, 78, 4, 0, 221)
(209, 187, 5, 2, 250)
(193, 224, 47, 0, 71)
(299, 125, 0, 61, 145)
(293, 214, 0, 4, 37)
(226, 167, 0, 5, 135)
(59, 202, 4, 0, 155)
(295, 144, 1, 11, 208)
(299, 79, 0, 38, 184)
(2, 196, 218, 0, 80)
(274, 224, 2, 24, 140)
(291, 171, 0, 22, 96)
(249, 10, 0, 28, 82)
(32, 212, 12, 0, 24)
(299, 6, 0, 64, 75)
(87, 217, 4, 4, 190)
(254, 128, 0, 62, 214)
(279, 178, 2, 0, 85)
(239, 167, 0, 21, 199)
(98, 158, 16, 1, 187)
(240, 199, 32, 0, 142)
(153, 112, 1, 2, 163)
(106, 187, 2, 4, 118)
(157, 196, 2, 6, 249)
(268, 27, 0, 183, 128)
(30, 200, 76, 0, 234)
(263, 172, 7, 0, 66)
(100, 117, 0, 46, 96)
(276, 163, 3, 5, 227)
(299, 200, 0, 3, 86)
(249, 92, 7, 2, 206)
(171, 224, 57, 0, 141)
(127, 187, 2, 5, 148)
(247, 165, 0, 34, 72)
(299, 222, 0, 21, 235)
(220, 117, 15, 1, 131)
(299, 111, 0, 96, 143)
(299, 130, 0, 79, 144)
(232, 144, 0, 24, 25)
(96, 130, 2, 5, 213)
(109, 201, 7, 3, 66)
(169, 165, 8, 8, 232)
(180, 142, 5, 4, 252)
(235, 155, 1, 2, 98)
(258, 0, 2, 2, 188)
(211, 91, 0, 21, 212)
(271, 157, 3, 3, 194)
(299, 217, 0, 0, 34)
(0, 130, 131, 0, 114)
(231, 87, 0, 13, 230)
(88, 224, 70, 0, 79)
(71, 204, 118, 0, 147)
(169, 128, 2, 13, 109)
(299, 11, 4, 5, 164)
(192, 122, 2, 5, 108)
(216, 170, 7, 3, 237)
(291, 44, 1, 4, 223)
(156, 48, 5, 8, 155)
(171, 155, 2, 2, 103)
(152, 223, 113, 0, 91)
(299, 18, 0, 50, 150)
(299, 146, 0, 15, 37)
(233, 224, 61, 0, 11)
(224, 224, 1, 0, 82)
(240, 182, 0, 29, 40)
(238, 42, 0, 38, 209)
(299, 44, 0, 12, 19)
(243, 95, 3, 2, 226)
(171, 113, 2, 4, 114)
(232, 52, 0, 126, 220)
(280, 155, 0, 69, 37)
(299, 183, 0, 0, 59)
(155, 81, 16, 4, 125)
(122, 59, 1, 19, 111)
(226, 59, 3, 0, 85)
(90, 122, 74, 0, 241)
(271, 162, 1, 1, 164)
(62, 197, 3, 5, 245)
(238, 206, 37, 0, 38)
(291, 52, 0, 9, 49)
(299, 86, 12, 1, 169)
(51, 133, 11, 3, 151)
(71, 210, 133, 0, 156)
(69, 171, 3, 3, 197)
(138, 111, 0, 5, 10)
(277, 220, 0, 0, 25)
(0, 216, 98, 0, 218)
(66, 218, 196, 0, 213)
(299, 9, 0, 3, 155)
(159, 122, 1, 13, 124)
(220, 224, 10, 0, 127)
(157, 192, 6, 2, 74)
(0, 224, 59, 0, 153)
(90, 216, 0, 6, 151)
(299, 140, 0, 29, 220)
(33, 81, 242, 0, 126)
(256, 80, 3, 2, 217)
(234, 172, 12, 0, 212)
(123, 224, 91, 0, 90)
(20, 202, 248, 0, 145)
(254, 211, 31, 0, 73)
(205, 183, 1, 15, 240)
(297, 79, 0, 117, 152)
(276, 126, 0, 72, 158)
(299, 199, 0, 23, 218)
(275, 148, 0, 17, 109)
(271, 209, 0, 0, 5)
(267, 189, 21, 0, 59)
(277, 55, 0, 111, 255)
(248, 174, 0, 35, 51)
(0, 222, 210, 0, 11)
(195, 158, 4, 3, 62)
(283, 90, 2, 1, 184)
(23, 205, 0, 0, 32)
(281, 72, 0, 67, 220)
(181, 176, 11, 1, 244)
(43, 224, 167, 0, 84)
(299, 197, 4, 3, 150)
(280, 140, 1, 1, 194)
(68, 61, 109, 0, 114)
(241, 181, 0, 8, 42)
(257, 206, 13, 0, 91)
(30, 185, 140, 0, 73)
(244, 115, 0, 8, 23)
(255, 200, 19, 0, 171)
(299, 208, 0, 0, 234)
(299, 124, 0, 44, 143)
(260, 224, 0, 0, 21)
(205, 126, 0, 10, 186)
(99, 172, 125, 0, 126)
(299, 212, 0, 5, 107)
(159, 182, 6, 5, 108)
(299, 221, 0, 0, 43)
(246, 16, 1, 16, 213)
(202, 219, 0, 1, 253)
(275, 201, 0, 5, 227)
(104, 182, 38, 0, 176)
(114, 224, 156, 0, 255)
(273, 161, 0, 16, 195)
(237, 224, 3, 0, 158)
(0, 197, 57, 0, 255)
(140, 191, 100, 0, 194)
(284, 191, 0, 0, 26)
(257, 149, 3, 4, 208)
(258, 121, 0, 33, 181)
(291, 30, 5, 3, 146)
(23, 185, 13, 1, 102)
(150, 85, 1, 18, 171)
(10, 224, 200, 0, 148)
(131, 74, 5, 11, 94)
(246, 224, 29, 0, 0)
(207, 202, 17, 0, 242)
(148, 162, 1, 7, 195)
(101, 135, 51, 0, 201)
(102, 190, 4, 5, 133)
(35, 175, 3, 6, 69)
(162, 218, 2, 2, 196)
(209, 54, 1, 6, 114)
(284, 208, 1, 1, 176)
(287, 39, 0, 137, 103)
(208, 200, 0, 0, 0)
(33, 67, 5, 10, 203)
(299, 116, 0, 14, 22)
(284, 53, 4, 1, 157)
(256, 187, 12, 2, 179)
(299, 198, 0, 0, 151)
(145, 85, 6, 5, 142)
(28, 195, 150, 0, 133)
(288, 209, 11, 0, 188)
(294, 168, 5, 2, 235)
(111, 224, 0, 0, 255)
(65, 138, 0, 10, 111)
(290, 182, 2, 4, 180)
(138, 97, 4, 1, 148)
(0, 213, 78, 0, 197)
(111, 133, 3, 6, 69)
(189, 195, 0, 7, 93)
(273, 176, 16, 1, 235)
(48, 215, 105, 0, 15)
(299, 123, 0, 62, 182)
(281, 94, 0, 82, 104)
(196, 107, 5, 3, 109)
(164, 113, 0, 0, 0)
(284, 154, 0, 17, 202)
(219, 216, 9, 1, 188)
(299, 53, 0, 82, 64)
(281, 181, 0, 29, 149)
(215, 119, 2, 5, 88)
(162, 139, 1, 8, 97)
(194, 119, 89, 0, 72)
(256, 214, 4, 3, 216)
(283, 101, 7, 4, 160)
(11, 215, 116, 0, 186)
(194, 196, 0, 19, 102)
(272, 206, 27, 0, 52)
(88, 188, 55, 0, 5)
(238, 215, 0, 0, 237)
(87, 224, 159, 0, 184)
(239, 218, 37, 0, 79)
(206, 182, 7, 4, 228)
(294, 77, 0, 114, 51)
(87, 224, 130, 0, 103)
(94, 202, 110, 0, 149)
(227, 207, 72, 0, 255)
(280, 139, 1, 10, 209)
(108, 179, 3, 12, 222)
(299, 153, 0, 26, 24)
(47, 224, 173, 0, 139)
(226, 147, 3, 3, 175)
(171, 187, 1, 5, 86)
(222, 83, 2, 3, 157)
(152, 48, 9, 1, 206)
(257, 63, 0, 138, 195)
(156, 224, 111, 0, 78)
(101, 180, 129, 0, 117)
(183, 214, 0, 2, 203)
(278, 222, 0, 8, 252)
(133, 85, 0, 7, 172)
(146, 60, 9, 3, 160)
(17, 74, 3, 9, 188)
(55, 127, 157, 0, 111)
(299, 180, 0, 16, 36)
(37, 106, 0, 87, 255)
(21, 138, 6, 2, 225)
(289, 0, 0, 182, 105)
(296, 157, 1, 3, 98)
(242, 178, 25, 3, 231)
(299, 57, 0, 48, 155)
(235, 207, 0, 0, 212)
(269, 193, 0, 2, 135)
(135, 32, 4, 6, 151)
(202, 115, 5, 9, 94)
(134, 154, 9, 6, 240)
(223, 65, 8, 1, 160)
(174, 130, 0, 8, 95)
(10, 224, 51, 0, 30)
(54, 210, 182, 0, 140)
(279, 130, 0, 72, 202)
(148, 202, 9, 0, 120)
(295, 109, 2, 6, 205)
(237, 107, 7, 2, 214)
(175, 172, 7, 3, 241)
(54, 224, 82, 0, 69)
(82, 140, 5, 4, 242)
(255, 120, 23, 0, 238)
(203, 195, 3, 1, 204)
(100, 206, 242, 0, 59)
(275, 171, 18, 0, 75)
(228, 224, 0, 0, 48)
(12, 213, 8, 2, 184)
(193, 202, 77, 0, 164)
(118, 189, 82, 0, 83)
(269, 56, 0, 109, 167)
(266, 219, 5, 2, 140)
(291, 217, 8, 1, 133)
(53, 125, 0, 0, 135)
(254, 42, 1, 26, 190)
(246, 173, 0, 0, 181)
(239, 15, 21, 1, 195)
(154, 212, 97, 0, 68)
(196, 223, 7, 1, 167)
(196, 179, 27, 0, 130)
(23, 219, 7, 1, 161)
(206, 224, 35, 0, 96)
(284, 18, 10, 2, 183)
(264, 131, 0, 5, 112)
(41, 208, 84, 0, 35)
(217, 87, 5, 3, 168)
(277, 9, 0, 149, 192)
(108, 183, 3, 3, 115)
(283, 224, 16, 0, 132)
(271, 191, 0, 26, 0)
(146, 224, 17, 0, 18)
(210, 127, 0, 31, 60)
(151, 213, 29, 0, 20)
(252, 223, 7, 0, 219)
(217, 195, 53, 0, 104)
(176, 220, 9, 0, 209)
(278, 186, 0, 0, 210)
(266, 214, 4, 0, 129)
(265, 27, 4, 5, 217)
(297, 175, 2, 2, 222)
(254, 224, 2, 2, 162)
(271, 186, 8, 0, 213)
(216, 224, 55, 0, 43)
(46, 222, 9, 0, 214)
(119, 216, 39, 0, 81)
(232, 205, 3, 8, 191)
(258, 205, 24, 1, 172)
(225, 122, 0, 37, 245)
(299, 113, 0, 0, 52)
(242, 173, 22, 0, 101)
(295, 46, 0, 16, 0)
(219, 140, 67, 0, 29)
(214, 94, 0, 15, 110)
(125, 219, 3, 5, 199)
(38, 50, 8, 7, 95)
(39, 224, 56, 0, 20)
(62, 205, 191, 0, 105)
(293, 174, 6, 0, 190)
(223, 203, 0, 5, 108)
(167, 218, 106, 0, 141)
(299, 159, 0, 16, 131)
(293, 165, 0, 0, 127)
(21, 191, 27, 3, 219)
(232, 174, 0, 18, 211)
(267, 93, 2, 7, 208)
(116, 177, 6, 4, 80)
(187, 160, 11, 0, 255)
(89, 224, 0, 0, 209)
(299, 224, 0, 0, 245)
(248, 139, 48, 0, 190)
(60, 192, 13, 0, 20)
(262, 63, 0, 49, 244)
(237, 224, 31, 0, 128)
(81, 145, 0, 71, 181)
(184, 113, 0, 39, 227)
(213, 87, 2, 4, 95)
(231, 179, 0, 18, 137)
(226, 142, 0, 19, 3)
(244, 198, 0, 14, 177)
(147, 179, 0, 9, 93)
(243, 142, 8, 2, 173)
(299, 26, 0, 165, 86)
(227, 162, 1, 3, 218)
(186, 218, 78, 0, 209)
(7, 113, 33, 0, 130)
(267, 134, 0, 75, 93)
(61, 217, 229, 0, 232)
(146, 184, 109, 0, 189)
(270, 210, 7, 0, 121)
(277, 160, 0, 8, 244)
(281, 202, 18, 0, 115)
(0, 101, 10, 11, 93)
(202, 224, 52, 0, 13)
(299, 208, 0, 20, 186)
(276, 185, 1, 3, 179)
(174, 224, 9, 11, 183)
(170, 72, 0, 0, 43)
(130, 202, 56, 0, 169)
(299, 200, 0, 0, 49)
(16, 207, 184, 0, 103)
(238, 171, 0, 4, 194)
(135, 218, 84, 0, 118)
(289, 224, 2, 0, 85)
(158, 192, 55, 0, 98)
(219, 152, 5, 8, 100)
(296, 102, 0, 57, 193)
(3, 151, 16, 6, 62)
(68, 99, 2, 18, 61)
(250, 29, 2, 4, 226)
(298, 209, 0, 0, 248)
(42, 63, 160, 0, 184)
(259, 190, 0, 0, 31)
(251, 174, 5, 3, 243)
(238, 153, 0, 2, 145)
(269, 210, 4, 0, 186)
(26, 95, 4, 3, 158)
(287, 178, 0, 36, 184)
(231, 142, 1, 5, 245)
(223, 207, 27, 0, 15)
(255, 162, 0, 26, 159)
(57, 58, 1, 23, 192)
(11, 160, 2, 20, 59)
(299, 174, 0, 0, 96)
(207, 166, 4, 2, 224)
(213, 195, 0, 16, 149)
(299, 224, 19, 1, 88)
(130, 224, 34, 0, 232)
(190, 199, 1, 2, 215)
(299, 42, 0, 80, 187)
(253, 73, 0, 34, 204)
(267, 57, 0, 69, 69)
(105, 224, 68, 0, 32)
(250, 61, 0, 9, 59)
(299, 163, 0, 61, 81)
(6, 95, 8, 6, 86)
(135, 71, 6, 10, 164)
(282, 188, 0, 0, 57)
(123, 87, 10, 5, 170)
(42, 175, 19, 1, 117)
(144, 131, 155, 0, 163)
(299, 167, 0, 29, 33)
(299, 188, 0, 0, 203)
(0, 213, 85, 0, 0)
(297, 224, 2, 0, 255)
(51, 185, 172, 0, 25)
(230, 165, 3, 1, 143)
(294, 218, 0, 6, 170)
(54, 96, 20, 1, 138)
(175, 208, 103, 0, 0)
(196, 185, 94, 0, 242)
(266, 65, 3, 6, 208)
(191, 195, 1, 7, 128)
(254, 217, 29, 0, 232)
(52, 128, 2, 2, 112)
(299, 20, 0, 126, 46)
(270, 49, 0, 51, 115)
(179, 44, 6, 8, 142)
(198, 106, 1, 4, 108)
(134, 218, 53, 0, 5)
(271, 30, 0, 154, 139)
(274, 69, 0, 32, 168)
(296, 204, 0, 11, 57)
(182, 224, 73, 0, 54)
(299, 81, 0, 5, 79)
(281, 75, 0, 73, 33)
(86, 221, 120, 0, 152)
(266, 19, 2, 7, 184)
(281, 79, 0, 96, 55)
(183, 25, 1, 21, 181)
(179, 144, 0, 49, 99)
(22, 224, 182, 0, 216)
(299, 191, 0, 3, 183)
(254, 137, 3, 4, 212)
(59, 178, 120, 0, 219)
(228, 205, 17, 0, 5)
(138, 78, 1, 29, 124)
(133, 224, 84, 0, 255)
(28, 0, 8, 1, 188)
(228, 224, 43, 0, 237)
(144, 97, 119, 0, 206)
(235, 66, 1, 16, 135)
(177, 87, 11, 1, 165)
(76, 86, 4, 6, 184)
(299, 196, 0, 6, 205)
(259, 224, 0, 0, 211)
(272, 206, 3, 1, 166)
(278, 12, 0, 118, 106)
(131, 210, 9, 3, 232)
(26, 21, 5, 5, 211)
(68, 224, 231, 0, 12)
(158, 170, 6, 3, 127)
(262, 205, 9, 1, 167)
(45, 220, 0, 4, 231)
(299, 155, 0, 4, 142)
(266, 1, 0, 6, 134)
(222, 198, 0, 0, 74)
(284, 154, 2, 4, 174)
(299, 77, 0, 25, 202)
(291, 75, 4, 1, 216)
(144, 213, 0, 0, 216)
(254, 217, 25, 0, 36)
(262, 110, 3, 7, 213)
(235, 170, 0, 0, 89)
(194, 203, 81, 0, 240)
(243, 189, 4, 1, 167)
(177, 87, 0, 0, 22)
(58, 222, 5, 2, 157)
(299, 62, 0, 138, 217)
(167, 34, 0, 0, 139)
(144, 0, 3, 8, 194)
(290, 148, 0, 59, 232)
(78, 219, 20, 0, 11)
(299, 153, 0, 33, 255)
(288, 152, 0, 12, 81)
(12, 184, 241, 0, 76)
(187, 224, 0, 0, 76)
(94, 213, 178, 0, 57)
(266, 37, 0, 40, 179)
(134, 193, 12, 0, 42)
(299, 0, 0, 203, 135)
(0, 199, 43, 0, 130)
(299, 50, 0, 27, 85)
(42, 96, 3, 15, 203)
(247, 207, 0, 0, 26)
(95, 189, 0, 0, 7)
(47, 224, 11, 0, 171)
(100, 157, 3, 4, 179)
(165, 190, 0, 13, 64)
(54, 207, 215, 0, 155)
(158, 211, 15, 1, 232)
(192, 198, 1, 5, 122)
(185, 102, 2, 3, 125)
(95, 104, 2, 4, 198)
(52, 224, 79, 0, 255)
(121, 167, 5, 3, 196)
(131, 215, 6, 0, 170)
(288, 51, 0, 132, 219)
(299, 77, 0, 118, 67)
(22, 224, 34, 0, 27)
(103, 199, 124, 0, 101)
(234, 181, 31, 0, 244)
(0, 127, 156, 0, 77)
(122, 69, 137, 0, 56)
(294, 100, 3, 3, 214)
(53, 206, 27, 2, 225)
(266, 41, 10, 1, 182)
(265, 224, 11, 0, 7)
(282, 129, 5, 1, 215)
(299, 94, 0, 75, 228)
(278, 78, 3, 1, 156)
(254, 222, 1, 2, 140)
(78, 224, 224, 0, 70)
(216, 102, 4, 4, 183)
(299, 180, 0, 19, 88)
(34, 90, 193, 0, 0)
(101, 192, 11, 0, 84)
(299, 65, 0, 58, 30)
(263, 149, 2, 2, 214)
(299, 109, 0, 54, 148)
(250, 224, 1, 1, 168)
(271, 149, 15, 0, 33)
(252, 17, 0, 149, 0)
(75, 189, 130, 0, 28)
(299, 4, 0, 74, 255)
(296, 224, 3, 0, 172)
(299, 66, 0, 56, 107)
(146, 170, 2, 9, 103)
(295, 185, 4, 2, 152)
(25, 187, 36, 0, 170)
(282, 104, 1, 10, 194)
(95, 25, 0, 3, 171)
(299, 212, 0, 0, 10)
(296, 126, 0, 55, 223)
(129, 148, 192, 0, 212)
(147, 224, 69, 0, 16)
(237, 224, 0, 0, 37)
(292, 104, 3, 0, 155)
(270, 200, 0, 0, 255)
(272, 115, 0, 3, 87)
(287, 20, 0, 91, 2)
(238, 182, 27, 0, 255)
(70, 43, 6, 1, 156)
(253, 167, 4, 0, 219)
(260, 207, 0, 0, 216)
(42, 214, 12, 0, 181)
(242, 180, 0, 44, 176)
(299, 151, 0, 8, 51)
(236, 76, 54, 0, 0)
(269, 112, 9, 2, 231)
(281, 222, 0, 15, 0)
(294, 37, 0, 16, 139)
(105, 201, 51, 0, 56)
(287, 136, 5, 2, 232)
(266, 145, 0, 7, 36)
(274, 129, 0, 32, 255)
(5, 208, 119, 0, 189)
(155, 224, 29, 0, 32)
(182, 201, 20, 0, 193)
(29, 204, 31, 0, 206)
(299, 224, 0, 0, 177)
(284, 224, 0, 0, 172)
(299, 194, 0, 0, 36)
(218, 224, 2, 13, 160)
(160, 113, 2, 5, 198)
(133, 147, 3, 5, 114)
(263, 76, 0, 45, 173)
(281, 172, 0, 9, 213)
(270, 207, 0, 0, 44)
(250, 192, 0, 1, 0)
(240, 224, 16, 0, 151)
(140, 69, 7, 2, 155)
(215, 224, 84, 0, 62)
(49, 184, 1, 4, 173)
(284, 5, 0, 167, 135)
(167, 196, 5, 0, 255)
(299, 134, 0, 36, 134)
(147, 213, 22, 0, 250)
(150, 224, 30, 0, 33)
(46, 158, 3, 7, 157)
(279, 51, 0, 0, 160)
(299, 184, 0, 35, 0)
(87, 185, 123, 0, 202)
(282, 169, 0, 33, 99)
(176, 107, 13, 2, 171)
(210, 8, 53, 0, 94)
(262, 152, 1, 3, 185)
(188, 157, 111, 0, 0)
(214, 224, 63, 0, 31)
(195, 208, 20, 1, 210)
(206, 149, 0, 21, 58)
(295, 200, 2, 1, 182)
(275, 209, 15, 0, 255)
(258, 203, 28, 0, 206)
(75, 224, 39, 0, 183)
(64, 173, 12, 0, 42)
(77, 146, 14, 1, 178)
(235, 181, 52, 0, 172)
(224, 160, 1, 6, 184)
(188, 61, 19, 0, 75)
(111, 167, 4, 2, 250)
(250, 176, 0, 48, 214)
(63, 71, 84, 0, 140)
(119, 151, 9, 3, 200)
(136, 43, 2, 3, 95)
(89, 48, 3, 4, 191)
(93, 192, 11, 1, 192)
(223, 116, 3, 7, 103)
(181, 219, 0, 0, 143)
(290, 121, 0, 0, 0)
(289, 159, 0, 0, 16)
(291, 114, 3, 2, 195)
(220, 32, 0, 0, 83)
(174, 85, 16, 2, 143)
(299, 165, 0, 47, 57)
(299, 185, 0, 21, 20)
(108, 224, 74, 0, 207)
(221, 48, 12, 1, 195)
(191, 162, 17, 0, 246)
(286, 131, 5, 3, 228)
(299, 169, 0, 0, 179)
(256, 222, 7, 1, 129)
(72, 140, 4, 1, 108)
(183, 64, 6, 2, 89)
(195, 196, 44, 0, 135)
(230, 133, 0, 79, 186)
(100, 176, 175, 0, 243)
(298, 108, 0, 88, 3)
(274, 82, 2, 2, 153)
(0, 224, 197, 0, 37)
(258, 175, 0, 26, 75)
(88, 193, 81, 0, 158)
(174, 196, 1, 1, 117)
(254, 224, 0, 0, 21)
(162, 224, 88, 0, 63)
(289, 220, 1, 1, 123)
(299, 42, 0, 159, 18)
(251, 191, 3, 3, 177)
(289, 224, 10, 0, 0)
(258, 74, 3, 5, 140)
(166, 213, 0, 0, 51)
(55, 178, 4, 2, 184)
(299, 154, 0, 9, 52)
(10, 207, 269, 0, 150)
(271, 224, 16, 0, 69)
(255, 211, 0, 0, 220)
(256, 7, 0, 66, 0)
(290, 214, 5, 3, 155)
(58, 0, 0, 2, 2)
(237, 139, 6, 1, 156)
(277, 114, 0, 39, 109)
(299, 63, 0, 15, 87)
(171, 190, 57, 0, 213)
(299, 200, 0, 0, 89)
(67, 182, 26, 3, 81)
(258, 143, 7, 2, 243)
(281, 177, 18, 0, 202)
(53, 99, 0, 0, 201)
(273, 121, 8, 1, 175)
(284, 186, 0, 14, 38)
(258, 204, 4, 0, 179)
(132, 156, 2, 5, 204)
(134, 224, 165, 0, 213)
(299, 49, 0, 60, 177)
(276, 82, 0, 93, 143)
(17, 224, 131, 0, 255)
(236, 78, 2, 1, 210)
(288, 165, 0, 73, 98)
(285, 196, 0, 16, 108)
(296, 183, 0, 21, 134)
(271, 208, 0, 0, 0)
(171, 163, 69, 0, 172)
(244, 151, 1, 12, 203)
(42, 220, 74, 0, 86)
(4, 224, 169, 0, 211)
(277, 224, 0, 6, 50)
(165, 210, 0, 0, 26)
(255, 224, 32, 0, 121)
(11, 157, 179, 0, 63)
(297, 135, 2, 5, 194)
(248, 178, 0, 49, 0)
(141, 71, 0, 50, 0)
(279, 14, 9, 2, 198)
(290, 203, 3, 1, 200)
(220, 67, 2, 1, 215)
(299, 214, 0, 7, 214)
(239, 140, 0, 4, 0)
(272, 30, 0, 196, 93)
(279, 154, 1, 3, 215)
(152, 207, 4, 2, 239)
(277, 212, 0, 12, 91)
(141, 81, 1, 5, 196)
(215, 211, 31, 0, 148)
(272, 167, 0, 41, 173)
(298, 223, 15, 0, 140)
(174, 66, 2, 6, 191)
(232, 77, 1, 6, 123)
(138, 224, 60, 0, 157)
(299, 77, 0, 119, 184)
(273, 48, 7, 1, 179)
(274, 219, 16, 0, 41)
(192, 224, 9, 14, 163)
(252, 19, 2, 4, 210)
(289, 60, 10, 0, 175)
(273, 184, 0, 0, 116)
(268, 119, 28, 0, 157)
(62, 224, 34, 0, 6)
(159, 203, 6, 0, 14)
(297, 210, 0, 0, 134)
(209, 9, 0, 58, 229)
(291, 185, 0, 5, 167)
(139, 190, 65, 0, 46)
(263, 203, 0, 5, 207)
(299, 196, 0, 7, 156)
(293, 208, 0, 0, 82)
(104, 224, 30, 0, 143)
(47, 214, 228, 0, 66)
(245, 210, 2, 0, 127)
(141, 163, 0, 2, 229)
(112, 170, 141, 0, 104)
(299, 173, 0, 0, 174)
(284, 175, 0, 52, 89)
(46, 224, 110, 0, 42)
(95, 113, 34, 4, 211)
(168, 224, 64, 0, 162)
(125, 177, 2, 12, 235)
(243, 133, 0, 31, 4)
(101, 61, 0, 103, 66)
(266, 9, 0, 149, 127)
(68, 216, 95, 0, 124)
(298, 210, 0, 14, 148)
(179, 161, 104, 0, 128)
(149, 147, 1, 4, 126)
(259, 224, 0, 16, 175)
(276, 203, 23, 0, 37)
(213, 224, 6, 1, 185)
(253, 170, 3, 2, 187)
(225, 64, 8, 1, 156)
(299, 189, 2, 0, 167)
(205, 215, 9, 1, 194)
(130, 203, 0, 4, 207)
(140, 205, 57, 0, 27)
(287, 209, 0, 0, 8)
(299, 86, 0, 59, 163)
(56, 180, 78, 0, 87)
(41, 206, 64, 0, 139)
(299, 205, 0, 0, 247)
(150, 224, 68, 0, 18)
(298, 126, 0, 42, 77)
(153, 178, 26, 0, 205)
(297, 99, 0, 0, 96)
(178, 63, 0, 64, 15)
(253, 141, 3, 1, 120)
(289, 194, 0, 30, 111)
(224, 224, 111, 0, 119)
(299, 55, 0, 115, 204)
(286, 215, 2, 0, 134)
(265, 71, 0, 77, 243)
(287, 209, 0, 15, 7)
(299, 187, 0, 56, 156)
(299, 179, 0, 19, 197)
(247, 124, 2, 5, 182)
(133, 220, 95, 0, 234)
(299, 0, 0, 32, 163)
(80, 29, 203, 0, 101)
(219, 208, 22, 0, 0)
(260, 147, 3, 1, 216)
(51, 200, 130, 0, 177)
(261, 224, 84, 0, 158)
(238, 169, 0, 48, 245)
(269, 183, 1, 4, 215)
(287, 196, 1, 9, 209)
(148, 224, 2, 0, 110)
(102, 207, 3, 2, 216)
(231, 40, 0, 64, 97)
(230, 223, 0, 1, 123)
(241, 224, 0, 0, 238)
(179, 1, 27, 0, 27)
(299, 4, 0, 3, 131)
(299, 142, 0, 25, 255)
(299, 92, 0, 9, 209)
(207, 62, 1, 5, 237)
(229, 94, 0, 51, 20)
(139, 139, 5, 1, 137)
(280, 185, 0, 0, 0)
(277, 224, 0, 0, 94)
(217, 224, 42, 0, 223)
(299, 20, 0, 164, 80)
(10, 118, 3, 4, 180)
(193, 46, 0, 99, 185)
(217, 38, 0, 136, 168)
(259, 205, 0, 0, 166)
(0, 224, 248, 0, 197)
(290, 94, 9, 0, 11)
(299, 165, 0, 25, 28)
(299, 206, 0, 18, 157)
(128, 209, 7, 1, 221)
(226, 118, 0, 30, 254)
(147, 94, 3, 4, 70)
(271, 166, 0, 35, 106)
(280, 15, 0, 80, 1)
(74, 137, 11, 1, 114)
(34, 224, 8, 4, 207)
(256, 144, 5, 2, 225)
(99, 173, 7, 3, 228)
(59, 109, 3, 3, 151)
(150, 180, 0, 33, 107)
(69, 224, 204, 0, 72)
(119, 106, 158, 0, 10)
(88, 198, 0, 12, 114)
(95, 83, 6, 3, 168)
(246, 118, 11, 2, 217)
(48, 224, 161, 0, 131)
(214, 191, 0, 0, 164)
(252, 195, 44, 0, 165)
(289, 153, 10, 1, 211)
(293, 136, 0, 35, 123)
(160, 205, 38, 0, 33)
(241, 152, 24, 0, 94)
(268, 174, 0, 7, 255)
(138, 196, 5, 6, 137)
(270, 23, 0, 130, 124)
(155, 88, 5, 8, 177)
(0, 141, 1, 13, 98)
(274, 112, 43, 0, 0)
(105, 43, 121, 0, 119)
(240, 192, 36, 0, 26)
(292, 188, 0, 8, 169)
(175, 66, 0, 39, 27)
(265, 223, 1, 1, 178)
(230, 110, 0, 31, 190)
(76, 224, 223, 0, 193)
(132, 224, 102, 0, 148)
(243, 142, 6, 1, 206)
(30, 210, 197, 0, 253)
(170, 219, 35, 0, 64)
(79, 215, 124, 0, 211)
(38, 224, 7, 7, 184)
(144, 177, 22, 0, 78)
(251, 202, 0, 0, 120)
(144, 107, 1, 6, 143)
(262, 168, 3, 3, 179)
(197, 189, 5, 0, 22)
(291, 140, 2, 2, 214)
(68, 224, 95, 0, 105)
(279, 134, 0, 0, 136)
(74, 136, 0, 0, 111)
(99, 208, 21, 0, 228)
(299, 194, 0, 19, 66)
(257, 134, 0, 42, 64)
(258, 108, 0, 40, 123)
(225, 223, 8, 0, 55)
(259, 149, 1, 3, 162)
(42, 183, 0, 20, 173)
(299, 2, 0, 188, 145)
(279, 172, 0, 45, 154)
(14, 179, 148, 0, 0)
(238, 177, 0, 3, 82)
(299, 148, 0, 43, 13)
(299, 224, 15, 0, 28)
(299, 160, 0, 5, 90)
(281, 65, 0, 70, 231)
(193, 224, 36, 0, 84)
(299, 219, 1, 2, 115)
(41, 211, 223, 0, 206)
(299, 224, 0, 0, 56)
(34, 88, 4, 8, 95)
(269, 150, 1, 5, 217)
(27, 212, 20, 1, 191)
(122, 213, 33, 0, 231)
(255, 220, 38, 0, 171)
(283, 15, 0, 0, 57)
(267, 224, 3, 0, 9)
(183, 189, 2, 6, 138)
(92, 59, 6, 1, 204)
(80, 166, 0, 0, 119)
(202, 224, 97, 0, 135)
(224, 208, 0, 0, 225)
(276, 188, 2, 7, 175)
(26, 206, 0, 3, 241)
(299, 199, 0, 0, 80)
(299, 65, 0, 105, 118)
(141, 224, 158, 0, 14)
(299, 197, 0, 25, 121)
(180, 190, 3, 2, 215)
(248, 214, 57, 0, 58)
(132, 120, 43, 0, 18)
(269, 92, 2, 5, 173)
(179, 218, 45, 0, 234)
(299, 135, 0, 9, 85)
(133, 224, 28, 0, 239)
(159, 107, 0, 53, 32)
(280, 54, 0, 37, 225)
(290, 77, 16, 0, 206)
(277, 213, 0, 0, 183)
(258, 214, 0, 10, 129)
(122, 177, 23, 0, 163)
(288, 217, 11, 0, 210)
(113, 217, 66, 0, 0)
(115, 202, 146, 0, 0)
(106, 87, 2, 23, 225)
(263, 0, 4, 9, 157)
(240, 28, 39, 0, 239)
(127, 6, 8, 5, 122)
(211, 176, 0, 23, 239)
(53, 152, 22, 0, 198)
(265, 207, 0, 0, 140)
(281, 224, 0, 0, 73)
(295, 14, 0, 176, 101)
(22, 220, 20, 0, 110)
(299, 124, 0, 29, 36)
(299, 224, 0, 1, 111)
(215, 106, 0, 0, 134)
(254, 224, 45, 0, 57)
(276, 107, 0, 31, 9)
(299, 52, 0, 0, 189)
(240, 143, 2, 3, 220)
(299, 210, 0, 0, 207)
(284, 96, 0, 80, 149)
(121, 188, 4, 3, 242)
(262, 191, 0, 0, 165)
(140, 164, 6, 6, 87)
(38, 209, 92, 0, 120)
(233, 160, 2, 1, 232)
(237, 156, 2, 2, 226)
(101, 129, 0, 48, 108)
(153, 189, 4, 4, 99)
(161, 155, 2, 5, 77)
(299, 224, 0, 0, 149)
(299, 202, 0, 11, 30)
(100, 185, 90, 0, 242)
(292, 51, 7, 0, 164)
(235, 210, 40, 0, 203)
(244, 61, 14, 1, 181)
(263, 102, 2, 4, 176)
(272, 195, 14, 0, 111)
(245, 139, 5, 4, 225)
(266, 220, 23, 0, 213)
(51, 68, 19, 0, 240)
(139, 31, 59, 0, 41)
(252, 209, 23, 0, 220)
(279, 221, 15, 0, 55)
(132, 102, 3, 3, 105)
(280, 35, 0, 0, 78)
(243, 115, 3, 8, 155)
(158, 202, 141, 0, 46)
(171, 206, 13, 1, 208)
(145, 224, 10, 0, 149)
(204, 207, 6, 0, 234)
(202, 224, 31, 0, 27)
(249, 207, 4, 4, 197)
(273, 201, 2, 2, 152)
(260, 62, 3, 1, 166)
(9, 216, 0, 0, 106)
(217, 93, 4, 2, 106)
(299, 224, 0, 0, 133)
(133, 40, 4, 4, 210)
(299, 207, 0, 18, 14)
(37, 205, 230, 0, 109)
(243, 129, 0, 0, 46)
(68, 199, 5, 4, 212)
(132, 219, 9, 2, 195)
(274, 144, 21, 0, 208)
(244, 169, 8, 3, 230)
(291, 127, 0, 0, 146)
(200, 202, 0, 2, 89)
(290, 0, 0, 37, 238)
(256, 172, 0, 0, 192)
(192, 65, 2, 8, 97)
(181, 224, 25, 0, 195)
(189, 195, 25, 0, 15)
(248, 222, 0, 0, 181)
(210, 142, 65, 0, 0)
(277, 135, 0, 0, 47)
(299, 131, 0, 0, 69)
(37, 212, 67, 0, 205)
(280, 203, 0, 8, 103)
(164, 117, 2, 8, 124)
(282, 203, 3, 4, 163)
(238, 111, 1, 5, 123)
(67, 212, 72, 0, 0)
(267, 145, 0, 27, 241)
(290, 215, 4, 0, 214)
(263, 59, 14, 0, 36)
(96, 202, 109, 0, 176)
(203, 9, 0, 9, 255)
(297, 203, 2, 2, 163)
(290, 224, 0, 0, 18)
(299, 187, 0, 0, 118)
(281, 74, 0, 20, 200)
(299, 106, 0, 0, 199)
(223, 75, 0, 15, 103)
(130, 224, 95, 0, 97)
(289, 223, 4, 1, 127)
(266, 115, 0, 109, 199)
(292, 152, 4, 1, 172)
(255, 224, 20, 0, 49)
(275, 86, 0, 8, 21)
(274, 194, 0, 0, 163)
(299, 182, 0, 0, 149)
(227, 224, 29, 0, 79)
(230, 132, 44, 0, 64)
(299, 150, 18, 2, 152)
(86, 224, 6, 0, 0)
(274, 212, 10, 0, 248)
(245, 204, 4, 0, 24)
(280, 62, 0, 46, 194)
(296, 115, 0, 6, 140)
(249, 182, 0, 0, 39)
(252, 33, 0, 110, 8)
(168, 195, 0, 11, 63)
(299, 208, 0, 7, 38)
(69, 224, 179, 0, 132)
(78, 204, 12, 1, 172)
(25, 215, 36, 0, 113)
(139, 214, 1, 2, 105)
(299, 111, 0, 18, 125)
(69, 194, 26, 0, 227)
(251, 108, 0, 0, 93)
(146, 207, 7, 1, 185)
(271, 39, 0, 31, 84)
(0, 208, 177, 0, 116)
(194, 220, 0, 0, 228)
(96, 49, 0, 68, 33)
(72, 107, 17, 4, 39)
(25, 197, 7, 1, 222)
(299, 141, 0, 71, 223)
(258, 197, 0, 0, 133)
(281, 208, 0, 16, 120)
(256, 208, 4, 0, 129)
(295, 96, 0, 18, 31)
(273, 200, 0, 0, 195)
(130, 224, 23, 0, 179)
(223, 201, 0, 20, 54)
(206, 120, 0, 0, 27)
(159, 38, 0, 56, 108)
(285, 149, 2, 2, 216)
(299, 115, 0, 99, 255)
(286, 65, 0, 30, 240)
(277, 107, 9, 1, 195)
(214, 185, 85, 0, 220)
(123, 203, 2, 2, 231)
(296, 126, 0, 37, 214)
(299, 156, 27, 4, 132)
(115, 224, 53, 0, 146)
(35, 224, 53, 0, 190)
(299, 112, 0, 52, 163)
(253, 192, 0, 12, 146)
(266, 200, 0, 24, 177)
(299, 45, 0, 22, 113)
(83, 119, 22, 0, 169)
(254, 224, 45, 0, 170)
(225, 150, 6, 3, 220)
(299, 8, 0, 113, 241)
(211, 113, 2, 5, 110)
(133, 185, 0, 20, 10)
(272, 0, 0, 0, 31)
(299, 148, 0, 0, 214)
(167, 207, 14, 2, 232)
(234, 192, 16, 0, 133)
(82, 194, 0, 11, 212)
(42, 224, 207, 0, 156)
(84, 177, 48, 0, 153)
(18, 222, 178, 0, 113)
(254, 9, 17, 0, 54)
(79, 178, 12, 1, 168)
(146, 224, 67, 0, 19)
(207, 170, 25, 0, 14)
(280, 200, 0, 9, 252)
(180, 198, 0, 0, 255)
(87, 72, 2, 1, 126)
(1, 211, 93, 0, 137)
(299, 37, 0, 8, 133)
(17, 224, 222, 0, 143)
(299, 42, 0, 46, 75)
(219, 183, 0, 9, 51)
(204, 25, 12, 6, 236)
(199, 61, 12, 2, 197)
(273, 224, 0, 2, 0)
(52, 219, 151, 0, 9)
(299, 80, 0, 43, 23)
(95, 217, 0, 7, 244)
(294, 55, 3, 11, 198)
(299, 202, 0, 3, 255)
(0, 168, 0, 24, 186)
(0, 224, 123, 0, 182)
(168, 73, 0, 79, 48)
(299, 184, 0, 21, 159)
(86, 161, 9, 4, 68)
(217, 35, 0, 139, 184)
(264, 215, 10, 1, 160)
(265, 180, 0, 0, 29)
(137, 224, 145, 0, 201)
(273, 194, 1, 3, 162)
(281, 116, 0, 85, 82)
(83, 224, 101, 0, 164)
(282, 122, 0, 37, 168)
(118, 222, 151, 0, 216)
(209, 98, 2, 2, 217)
(185, 44, 0, 137, 183)
(46, 193, 0, 17, 203)
(270, 224, 9, 0, 158)
(267, 194, 0, 0, 45)
(147, 224, 54, 0, 218)
(299, 196, 0, 0, 169)
(215, 186, 76, 0, 255)
(273, 56, 19, 0, 111)
(17, 77, 6, 1, 124)
(247, 205, 44, 0, 26)
(127, 142, 89, 0, 224)
(258, 194, 41, 0, 59)
(285, 202, 1, 1, 183)
(285, 224, 11, 0, 248)
(273, 87, 0, 53, 152)
(181, 209, 1, 9, 204)
(296, 158, 0, 22, 63)
(281, 208, 0, 0, 65)
(155, 170, 28, 0, 28)
(118, 125, 1, 10, 140)
(280, 124, 27, 0, 255)
(299, 35, 0, 86, 0)
(144, 156, 2, 4, 180)
(188, 151, 5, 1, 225)
(74, 224, 116, 0, 184)
(96, 206, 18, 0, 15)
(290, 207, 3, 1, 239)
(92, 147, 0, 48, 5)
(258, 148, 1, 11, 220)
(151, 92, 1, 6, 217)
(130, 203, 2, 2, 144)
(299, 224, 0, 0, 51)
(292, 97, 0, 10, 255)
(203, 30, 4, 2, 194)
(142, 172, 11, 0, 197)
(260, 214, 16, 0, 252)
(74, 224, 147, 0, 20)
(264, 214, 9, 2, 158)
(20, 84, 2, 3, 120)
(206, 224, 26, 0, 150)
(173, 224, 58, 0, 210)
(268, 196, 0, 15, 51)
(261, 220, 1, 4, 160)
(278, 224, 5, 0, 101)
(184, 93, 0, 42, 46)
(299, 222, 0, 0, 105)
(283, 20, 4, 4, 202)
(258, 208, 1, 1, 201)
(262, 161, 0, 33, 201)
(138, 163, 1, 14, 171)
(0, 0, 0, 0, 0)
(0, 0, 0, 0, 0)
