Background: 194
(185, 130, 108, 59, 215)
(0, 54, 31, 137, 102)
(62, 35, 163, 132, 158)
(0, 159, 100, 30, 100)
(67, 168, 104, 13, 177)
(157, 0, 90, 30, 225)
(29, 86, 200, 20, 138)
(21, 190, 57, 22, 212)
(146, 75, 71, 54, 130)
(134, 137, 22, 26, 214)
(137, 164, 12, 38, 105)
(183, 131, 50, 19, 234)
(220, 215, 126, 11, 153)
(51, 0, 32, 86, 198)
(100, 73, 24, 56, 193)
(22, 116, 78, 30, 191)
(171, 165, 86, 21, 231)
(178, 154, 53, 8, 109)
(95, 160, 36, 7, 94)
(91, 204, 137, 15, 210)
(37, 177, 18, 14, 181)
(82, 25, 48, 35, 140)
(215, 111, 31, 18, 132)
(258, 202, 41, 13, 167)
(259, 105, 41, 57, 200)
(114, 89, 63, 13, 140)
(0, 43, 65, 17, 146)
(111, 144, 17, 8, 201)
(247, 184, 53, 13, 180)
(232, 13, 25, 72, 177)
(80, 0, 33, 22, 211)
(157, 77, 14, 111, 140)
(202, 196, 49, 8, 214)
(82, 189, 77, 3, 119)
(178, 63, 27, 25, 123)
(197, 115, 4, 45, 112)
(202, 187, 33, 6, 221)
(288, 217, 12, 8, 117)
(97, 219, 92, 5, 202)
(85, 113, 55, 15, 207)
(130, 34, 49, 30, 184)
(126, 172, 6, 20, 233)
(83, 131, 61, 9, 124)
(279, 35, 25, 35, 204)
(0, 156, 42, 22, 66)
(272, 166, 55, 11, 226)
(150, 29, 50, 12, 207)
(205, 151, 5, 6, 240)
(47, 210, 159, 4, 221)
(65, 98, 24, 17, 64)
(196, 162, 12, 26, 239)
(117, 0, 27, 23, 141)
(274, 71, 24, 23, 173)
(250, 0, 50, 18, 170)
(55, 154, 21, 14, 153)
(130, 100, 25, 9, 92)
(282, 158, 28, 2, 114)
(159, 156, 4, 46, 101)
(63, 56, 34, 22, 180)
(275, 222, 11, 2, 197)
(230, 45, 35, 16, 197)
(220, 215, 47, 4, 174)
(0, 32, 14, 18, 122)
(150, 127, 8, 16, 228)
(216, 53, 16, 44, 172)
(82, 198, 34, 8, 134)
(118, 175, 6, 11, 81)
(117, 187, 8, 32, 209)
(0, 223, 220, 2, 187)
(172, 190, 19, 6, 134)
(195, 202, 14, 5, 228)
(70, 172, 52, 2, 227)
(170, 184, 15, 8, 150)
(80, 205, 105, 2, 188)
(155, 195, 4, 9, 239)
(9, 122, 16, 24, 133)
(284, 139, 9, 18, 181)
(191, 114, 27, 13, 104)
(229, 72, 32, 9, 152)
(144, 187, 9, 19, 125)
(177, 159, 14, 6, 66)
(201, 58, 17, 8, 191)
(242, 92, 38, 24, 203)
(0, 150, 17, 27, 58)
(56, 219, 24, 7, 165)
(238, 190, 65, 7, 176)
(178, 54, 22, 21, 129)
(244, 182, 45, 5, 196)
(79, 224, 90, 0, 20)
(17, 136, 84, 5, 189)
(122, 191, 6, 6, 70)
(162, 106, 23, 32, 154)
(297, 86, 3, 31, 215)
(181, 214, 40, 5, 199)
(23, 101, 26, 28, 170)
(187, 175, 40, 14, 238)
(252, 131, 23, 12, 184)
(97, 178, 16, 3, 240)
(0, 223, 11, 2, 81)
(36, 214, 24, 5, 212)
(140, 223, 29, 2, 214)
(16, 40, 42, 10, 179)
(295, 183, 10, 32, 165)
(39, 141, 25, 13, 232)
(70, 92, 23, 6, 90)
(289, 207, 8, 2, 221)
(279, 101, 11, 5, 165)
(162, 138, 15, 12, 121)
(278, 224, 9, 2, 207)
(146, 107, 19, 22, 115)
(217, 221, 33, 3, 140)
(282, 13, 10, 24, 193)
(264, 106, 12, 22, 215)
(27, 43, 59, 3, 175)
(193, 16, 5, 38, 228)
(155, 164, 5, 17, 94)
(103, 141, 9, 22, 210)
(235, 136, 14, 30, 196)
(232, 214, 19, 1, 177)
(124, 3, 43, 0, 148)
(111, 186, 5, 18, 80)
(275, 120, 13, 9, 176)
(197, 95, 7, 10, 199)
(43, 131, 27, 9, 162)
(90, 194, 17, 7, 207)
(0, 201, 7, 19, 180)
(218, 209, 10, 8, 198)
(268, 179, 31, 4, 197)
(63, 87, 3, 24, 90)
(241, 198, 53, 3, 215)
(112, 19, 24, 8, 141)
(115, 155, 10, 9, 56)
(141, 168, 4, 17, 64)
(172, 178, 27, 4, 220)
(80, 201, 17, 6, 173)
(179, 122, 6, 17, 117)
(218, 163, 23, 3, 160)
(11, 69, 24, 13, 156)
(131, 70, 4, 16, 96)
(140, 94, 10, 20, 86)
(209, 147, 5, 18, 119)
(245, 121, 11, 8, 149)
(169, 158, 7, 15, 231)
(265, 144, 19, 5, 225)
(145, 192, 11, 5, 227)
(145, 116, 9, 9, 79)
(194, 223, 15, 4, 167)
(197, 224, 28, 0, 173)
(35, 185, 23, 6, 184)
(155, 0, 12, 29, 214)
(260, 140, 3, 19, 223)
(286, 125, 10, 13, 216)
(291, 86, 5, 11, 154)
(0, 70, 9, 8, 63)
(275, 209, 11, 7, 151)
(76, 168, 15, 4, 240)
(217, 219, 18, 2, 173)
(260, 53, 9, 21, 213)
(130, 224, 41, 0, 38)
(133, 162, 6, 19, 202)
(251, 79, 46, 7, 190)
(122, 201, 19, 5, 220)
(253, 27, 13, 20, 180)
(299, 188, 0, 0, 199)
(260, 207, 11, 3, 146)
(236, 92, 2, 57, 206)
(287, 185, 15, 8, 160)
(89, 168, 17, 1, 128)
(108, 140, 4, 13, 102)
(103, 131, 36, 3, 162)
(82, 92, 4, 20, 56)
(201, 131, 7, 14, 194)
(0, 115, 8, 17, 173)
(273, 19, 9, 11, 160)
(11, 7, 69, 28, 202)
(95, 40, 23, 15, 107)
(262, 73, 0, 56, 244)
(218, 127, 11, 21, 240)
(298, 222, 1, 21, 89)
(206, 220, 11, 3, 174)
(253, 203, 7, 17, 179)
(79, 17, 2, 14, 148)
(216, 27, 30, 10, 166)
(260, 214, 3, 5, 215)
(164, 202, 10, 4, 141)
(123, 206, 5, 6, 154)
(261, 172, 4, 9, 228)
(161, 166, 2, 27, 144)
(15, 217, 15, 4, 167)
(225, 146, 46, 4, 205)
(247, 160, 32, 2, 152)
(151, 162, 3, 20, 249)
(280, 29, 16, 4, 148)
(297, 221, 3, 3, 92)
(175, 182, 5, 6, 211)
(200, 34, 15, 5, 186)
(151, 207, 44, 6, 226)
(213, 107, 28, 4, 169)
(133, 153, 10, 9, 237)
(62, 167, 3, 19, 115)
(286, 214, 3, 7, 133)
(279, 161, 18, 4, 214)
(38, 27, 6, 8, 138)
(294, 216, 10, 2, 129)
(209, 175, 47, 3, 241)
(42, 97, 9, 9, 177)
(239, 18, 2, 11, 129)
(194, 147, 2, 15, 93)
(268, 47, 5, 4, 152)
(180, 199, 18, 4, 161)
(0, 186, 273, 0, 101)
(21, 224, 5, 12, 114)
(282, 66, 5, 5, 222)
(217, 26, 12, 10, 186)
(178, 144, 20, 7, 217)
(286, 195, 5, 18, 199)
(160, 188, 5, 4, 228)
(70, 59, 1, 19, 126)
(181, 46, 7, 29, 135)
(63, 208, 34, 6, 210)
(219, 182, 40, 1, 218)
(247, 0, 13, 9, 174)
(3, 177, 40, 2, 78)
(219, 167, 13, 4, 244)
(277, 172, 4, 5, 235)
(156, 136, 4, 5, 193)
(112, 70, 18, 24, 166)
(223, 224, 53, 4, 144)
(96, 181, 8, 11, 89)
(257, 92, 42, 2, 174)
(234, 206, 13, 7, 185)
(140, 214, 8, 4, 253)
(250, 83, 20, 9, 180)
(199, 93, 23, 3, 152)
(270, 132, 11, 7, 215)
(232, 197, 9, 8, 199)
(299, 64, 0, 112, 208)
(274, 200, 11, 2, 181)
(103, 136, 16, 5, 82)
(17, 80, 25, 11, 130)
(0, 179, 8, 4, 193)
(287, 183, 5, 5, 178)
(54, 196, 22, 15, 227)
(187, 23, 27, 10, 231)
(61, 148, 12, 12, 151)
(291, 155, 0, 14, 26)
(190, 77, 12, 3, 91)
(70, 127, 22, 4, 230)
(107, 142, 13, 1, 237)
(0, 224, 34, 0, 168)
(178, 101, 20, 7, 165)
(185, 123, 7, 5, 168)
(241, 130, 10, 7, 241)
(124, 32, 17, 21, 166)
(44, 63, 58, 4, 202)
(284, 0, 11, 15, 159)
(299, 47, 3, 12, 159)
(228, 218, 26, 1, 159)
(193, 184, 2, 13, 244)
(247, 49, 2, 49, 164)
(211, 33, 2, 34, 203)
(117, 166, 15, 2, 137)
(238, 153, 20, 3, 208)
(43, 161, 24, 3, 166)
(228, 178, 27, 0, 52)
(149, 212, 30, 1, 243)
(41, 165, 16, 9, 67)
(96, 134, 6, 15, 209)
(64, 139, 25, 3, 233)
(234, 133, 3, 5, 126)
(288, 34, 4, 0, 122)
(268, 149, 22, 4, 205)
(136, 196, 27, 0, 90)
(261, 26, 0, 98, 0)
(19, 202, 5, 6, 188)
(164, 190, 7, 8, 245)
(284, 45, 8, 21, 214)
(41, 224, 53, 0, 186)
(97, 164, 11, 6, 113)
(277, 74, 14, 3, 154)
(294, 198, 2, 2, 144)
(290, 35, 7, 5, 219)
(282, 136, 4, 5, 163)
(147, 54, 2, 22, 127)
(208, 196, 22, 6, 220)
(0, 223, 4, 1, 151)
(89, 129, 48, 2, 168)
(57, 51, 6, 10, 85)
(209, 154, 7, 2, 178)
(153, 68, 0, 82, 118)
(156, 88, 6, 10, 173)
(281, 110, 7, 1, 171)
(122, 82, 60, 2, 125)
(77, 144, 30, 3, 205)
(276, 165, 0, 17, 56)
(205, 191, 21, 5, 212)
(247, 31, 4, 6, 232)
(185, 127, 9, 12, 241)
(105, 206, 11, 13, 226)
(77, 218, 17, 6, 180)
(143, 34, 1, 49, 156)
(98, 23, 5, 29, 179)
(217, 162, 0, 31, 100)
(298, 154, 5, 4, 165)
(128, 167, 38, 0, 11)
(272, 224, 0, 0, 133)
(253, 15, 7, 17, 194)
(219, 61, 14, 0, 219)
(229, 86, 18, 13, 213)
(299, 180, 0, 0, 17)
(97, 89, 7, 11, 156)
(251, 212, 16, 3, 179)
(260, 198, 18, 1, 194)
(243, 211, 15, 0, 156)
(282, 85, 5, 3, 130)
(75, 196, 17, 2, 120)
(106, 224, 86, 0, 252)
(293, 209, 6, 3, 149)
(172, 151, 6, 7, 229)
(231, 173, 21, 2, 219)
(162, 52, 1, 38, 171)
(61, 179, 52, 2, 221)
(172, 199, 6, 3, 242)
(290, 224, 0, 0, 228)
(273, 153, 3, 9, 166)
(185, 82, 29, 4, 112)
(200, 43, 6, 9, 130)
(202, 145, 5, 10, 241)
(231, 122, 4, 8, 98)
(177, 177, 1, 5, 117)
(234, 88, 20, 3, 191)
(255, 222, 6, 2, 124)
(271, 218, 11, 4, 165)
(282, 33, 6, 2, 151)
(260, 43, 13, 3, 151)
(277, 75, 0, 90, 2)
(128, 198, 8, 5, 224)
(253, 202, 28, 4, 169)
(291, 5, 1, 40, 181)
(299, 124, 0, 36, 226)
(292, 218, 7, 3, 110)
(162, 0, 45, 8, 221)
(261, 219, 11, 2, 146)
(220, 9, 29, 5, 228)
(250, 223, 4, 3, 193)
(103, 180, 0, 0, 223)
(239, 137, 4, 6, 165)
(171, 215, 89, 0, 106)
(284, 178, 9, 3, 185)
(164, 155, 6, 19, 171)
(67, 116, 24, 3, 149)
(44, 122, 87, 4, 202)
(122, 197, 5, 3, 134)
(28, 75, 42, 4, 194)
(128, 192, 4, 22, 212)
(223, 160, 5, 4, 212)
(221, 53, 7, 20, 142)
(248, 141, 31, 1, 163)
(290, 83, 6, 2, 224)
(152, 125, 4, 15, 240)
(168, 133, 11, 5, 127)
(239, 222, 10, 2, 120)
(72, 182, 29, 8, 84)
(18, 205, 232, 0, 75)
(289, 30, 3, 15, 194)
(33, 188, 35, 3, 194)
(243, 188, 33, 4, 188)
(174, 62, 9, 7, 144)
(66, 134, 9, 2, 111)
(282, 190, 15, 5, 166)
(138, 183, 6, 5, 88)
(138, 42, 24, 6, 207)
(215, 179, 16, 2, 245)
(60, 175, 33, 3, 142)
(229, 220, 11, 4, 135)
(255, 168, 11, 2, 182)
(223, 67, 28, 2, 192)
(243, 218, 3, 6, 146)
(180, 151, 12, 7, 103)
(138, 224, 114, 0, 46)
(283, 118, 0, 18, 32)
(168, 168, 23, 4, 236)
(279, 1, 0, 144, 109)
(227, 45, 15, 15, 194)
(44, 33, 10, 13, 182)
(198, 184, 4, 3, 178)
(266, 37, 23, 4, 202)
(273, 104, 1, 7, 153)
(205, 162, 3, 33, 233)
(256, 210, 4, 9, 186)
(167, 202, 0, 12, 182)
(293, 45, 6, 10, 185)
(293, 181, 0, 2, 21)
(186, 108, 11, 4, 102)
(286, 205, 5, 6, 184)
(299, 66, 0, 24, 87)
(244, 171, 18, 3, 211)
(143, 39, 4, 0, 80)
(68, 34, 0, 32, 0)
(232, 37, 19, 5, 158)
(30, 89, 8, 7, 106)
(262, 135, 0, 60, 228)
(264, 164, 21, 5, 219)
(153, 35, 34, 7, 195)
(242, 108, 10, 9, 184)
(150, 91, 2, 10, 193)
(229, 161, 11, 4, 115)
(101, 188, 9, 8, 193)
(281, 224, 0, 18, 209)
(218, 73, 3, 14, 201)
(25, 198, 19, 14, 207)
(43, 86, 37, 3, 172)
(132, 0, 8, 17, 175)
(116, 202, 28, 0, 31)
(77, 76, 5, 11, 176)
(82, 33, 6, 27, 173)
(103, 104, 17, 16, 218)
(11, 100, 20, 5, 127)
(130, 148, 1, 21, 68)
(103, 56, 3, 18, 106)
(248, 224, 17, 0, 24)
(0, 188, 36, 0, 71)
(276, 159, 0, 40, 104)
(299, 198, 0, 6, 104)
(254, 98, 1, 2, 137)
(176, 147, 4, 8, 249)
(186, 214, 0, 0, 59)
(61, 193, 8, 13, 235)
(299, 130, 0, 9, 106)
(252, 0, 1, 35, 156)
(287, 79, 3, 19, 164)
(159, 90, 4, 30, 153)
(271, 53, 17, 3, 176)
(292, 82, 2, 1, 249)
(83, 75, 6, 13, 138)
(289, 220, 0, 1, 4)
(169, 84, 2, 14, 108)
(258, 200, 0, 7, 89)
(299, 150, 0, 6, 14)
(57, 21, 20, 10, 218)
(294, 91, 7, 3, 160)
(151, 153, 3, 7, 162)
(299, 191, 0, 28, 138)
(102, 150, 11, 1, 69)
(160, 46, 3, 34, 172)
(163, 15, 67, 11, 227)
(58, 100, 10, 8, 101)
(299, 224, 4, 1, 107)
(126, 131, 1, 8, 183)
(0, 49, 8, 8, 198)
(169, 179, 110, 0, 191)
(260, 91, 10, 14, 188)
(298, 224, 1, 0, 161)
(163, 145, 3, 11, 81)
(299, 75, 0, 102, 152)
(259, 79, 29, 2, 212)
(135, 207, 16, 3, 177)
(215, 101, 15, 11, 155)
(299, 75, 0, 54, 152)
(57, 199, 8, 4, 241)
(216, 150, 6, 2, 227)
(155, 121, 6, 11, 133)
(98, 204, 9, 2, 83)
(0, 0, 26, 13, 190)
(100, 51, 24, 3, 91)
(18, 216, 261, 0, 140)
(194, 163, 8, 6, 252)
(101, 147, 5, 3, 118)
(206, 76, 9, 15, 110)
(195, 209, 29, 0, 215)
(231, 196, 4, 4, 221)
(267, 56, 0, 72, 163)
(288, 168, 11, 3, 231)
(204, 140, 2, 16, 235)
(151, 61, 5, 18, 149)
(274, 51, 6, 16, 180)
(84, 157, 14, 8, 76)
(86, 202, 60, 0, 196)
(244, 215, 7, 3, 157)
(13, 4, 82, 0, 135)
(66, 59, 4, 6, 113)
(299, 98, 0, 21, 255)
(251, 114, 7, 0, 219)
(38, 101, 4, 4, 67)
(164, 51, 2, 20, 197)
(201, 182, 5, 3, 251)
(286, 166, 8, 4, 239)
(254, 224, 0, 0, 60)
(135, 183, 2, 16, 95)
(253, 60, 0, 139, 54)
(20, 131, 10, 10, 211)
(81, 156, 46, 0, 74)
(163, 130, 4, 11, 212)
(272, 121, 4, 15, 186)
(249, 144, 22, 2, 238)
(108, 192, 3, 5, 129)
(196, 204, 13, 0, 225)
(0, 180, 19, 2, 187)
(195, 202, 7, 2, 224)
(152, 192, 8, 1, 94)
(94, 202, 157, 0, 131)
(266, 29, 3, 7, 212)
(299, 224, 0, 0, 73)
(130, 87, 3, 7, 182)
(167, 204, 15, 1, 146)
(290, 120, 9, 0, 167)
(113, 139, 25, 3, 122)
(186, 189, 9, 1, 243)
(296, 184, 3, 8, 155)
(274, 182, 0, 10, 60)
(185, 113, 16, 4, 130)
(115, 185, 5, 3, 92)
(0, 187, 26, 4, 113)
(137, 224, 162, 0, 255)
(245, 198, 13, 3, 222)
(19, 23, 9, 11, 166)
(38, 49, 8, 9, 91)
(106, 169, 18, 3, 217)
(139, 207, 26, 1, 210)
(205, 223, 11, 1, 190)
(196, 192, 6, 6, 154)
(219, 202, 16, 3, 207)
(187, 63, 14, 8, 108)
(280, 179, 3, 9, 212)
(299, 128, 0, 28, 69)
(40, 224, 24, 0, 150)
(297, 33, 2, 5, 150)
(256, 66, 5, 8, 171)
(240, 147, 3, 2, 96)
(246, 198, 45, 0, 98)
(56, 155, 7, 7, 179)
(54, 109, 5, 19, 209)
(216, 33, 3, 18, 129)
(194, 148, 1, 3, 77)
(298, 39, 2, 8, 223)
(57, 222, 109, 0, 208)
(7, 49, 8, 5, 64)
(277, 196, 14, 3, 211)
(299, 111, 0, 33, 47)
(299, 178, 0, 42, 226)
(224, 108, 16, 7, 154)
(267, 202, 5, 2, 199)
(163, 197, 2, 7, 117)
(260, 169, 9, 3, 190)
(298, 206, 11, 4, 178)
(134, 216, 6, 8, 190)
(33, 58, 26, 3, 164)
(184, 183, 6, 4, 172)
(288, 47, 7, 6, 218)
(153, 224, 6, 0, 106)
(296, 145, 2, 6, 162)
(60, 202, 53, 0, 97)
(271, 108, 9, 6, 221)
(284, 93, 4, 3, 220)
(212, 201, 8, 5, 224)
(84, 206, 11, 5, 197)
(271, 201, 5, 3, 165)
(288, 157, 13, 1, 137)
(65, 222, 180, 0, 105)
(264, 78, 0, 85, 140)
(32, 119, 10, 3, 115)
(275, 206, 0, 0, 147)
(255, 215, 9, 2, 224)
(73, 170, 21, 2, 245)
(71, 202, 119, 0, 181)
(86, 111, 7, 9, 179)
(227, 148, 7, 2, 153)
(237, 125, 10, 4, 110)
(176, 107, 8, 11, 181)
(260, 109, 2, 14, 174)
(262, 99, 15, 0, 79)
(245, 42, 5, 3, 220)
(295, 38, 3, 5, 225)
(275, 206, 23, 1, 181)
(0, 212, 9, 8, 170)
(144, 13, 16, 8, 193)
(287, 223, 7, 6, 139)
(263, 40, 14, 1, 195)
(234, 219, 2, 6, 161)
(44, 219, 12, 5, 183)
(146, 77, 3, 12, 158)
(223, 93, 0, 0, 96)
(143, 219, 19, 4, 208)
(128, 185, 1, 8, 160)
(248, 136, 12, 5, 198)
(218, 183, 33, 1, 223)
(66, 119, 7, 12, 174)
(208, 154, 4, 5, 216)
(141, 35, 9, 3, 133)
(232, 71, 12, 11, 143)
(198, 74, 69, 0, 80)
(227, 63, 1, 32, 146)
(172, 144, 43, 0, 221)
(179, 20, 55, 4, 231)
(10, 222, 13, 2, 212)
(299, 166, 0, 0, 92)
(299, 131, 0, 53, 68)
(132, 159, 6, 8, 237)
(282, 178, 0, 1, 0)
(260, 111, 6, 6, 207)
(245, 140, 23, 1, 225)
(109, 16, 8, 0, 145)
(31, 58, 1, 7, 131)
(299, 148, 0, 19, 255)
(43, 191, 43, 4, 217)
(273, 102, 2, 5, 174)
(299, 209, 0, 0, 69)
(96, 25, 17, 6, 185)
(214, 224, 60, 0, 0)
(85, 131, 11, 6, 86)
(256, 56, 6, 7, 237)
(222, 97, 9, 2, 115)
(262, 137, 3, 2, 122)
(273, 3, 0, 105, 0)
(24, 205, 2, 14, 195)
(0, 91, 7, 8, 178)
(98, 170, 14, 3, 178)
(59, 224, 121, 0, 0)
(242, 143, 8, 1, 139)
(271, 151, 2, 3, 149)
(122, 224, 174, 0, 218)
(279, 187, 3, 2, 203)
(257, 180, 29, 0, 205)
(299, 31, 0, 178, 154)
(295, 96, 4, 6, 218)
(89, 137, 4, 3, 110)
(283, 219, 5, 1, 123)
(185, 203, 82, 0, 186)
(227, 220, 63, 0, 0)
(168, 224, 23, 0, 41)
(187, 202, 2, 0, 125)
(277, 15, 11, 5, 205)
(275, 154, 6, 2, 217)
(231, 157, 6, 1, 104)
(248, 159, 8, 1, 165)
(95, 114, 35, 7, 217)
(299, 207, 0, 0, 37)
(154, 131, 0, 0, 178)
(174, 171, 28, 3, 245)
(242, 77, 3, 6, 207)
(39, 155, 22, 5, 185)
(299, 166, 0, 17, 67)
(18, 105, 5, 15, 85)
(292, 153, 1, 8, 201)
(253, 128, 21, 4, 197)
(28, 180, 5, 1, 208)
(115, 9, 11, 9, 115)
(272, 156, 0, 3, 39)
(259, 192, 13, 0, 207)
(123, 204, 69, 0, 44)
(299, 50, 0, 65, 147)
(256, 174, 3, 8, 234)
(117, 204, 5, 4, 167)
(259, 114, 2, 8, 154)
(25, 77, 2, 7, 108)
(164, 82, 0, 22, 9)
(234, 157, 4, 6, 225)
(137, 197, 7, 5, 136)
(171, 17, 19, 10, 233)
(217, 224, 81, 0, 138)
(299, 206, 0, 9, 92)
(296, 58, 7, 6, 211)
(120, 149, 8, 8, 190)
(271, 124, 1, 4, 143)
(271, 224, 0, 0, 62)
(125, 139, 1, 6, 80)
(297, 43, 2, 15, 187)
(17, 80, 6, 3, 188)
(209, 111, 12, 8, 103)
(8, 213, 23, 4, 184)
(299, 205, 0, 0, 182)
(110, 186, 3, 2, 238)
(24, 211, 12, 8, 188)
(258, 21, 2, 22, 202)
(247, 214, 0, 0, 122)
(0, 192, 23, 7, 204)
(160, 147, 1, 10, 192)
(88, 189, 207, 0, 47)
(31, 102, 6, 8, 201)
(287, 44, 12, 1, 177)
(176, 142, 52, 0, 132)
(261, 186, 15, 2, 187)
(167, 145, 7, 10, 142)
(180, 188, 3, 4, 212)
(291, 110, 4, 4, 227)
(185, 224, 106, 0, 129)
(12, 56, 18, 4, 115)
(209, 132, 25, 15, 245)
(195, 69, 11, 6, 118)
(13, 151, 14, 14, 77)
(14, 143, 17, 8, 132)
(63, 219, 19, 3, 166)
(290, 101, 8, 8, 191)
(295, 221, 3, 2, 97)
(218, 121, 2, 9, 223)
(267, 83, 8, 3, 155)
(71, 49, 5, 11, 153)
(104, 139, 14, 3, 104)
(181, 206, 6, 4, 203)
(184, 112, 12, 7, 122)
(299, 167, 0, 0, 48)
(120, 126, 7, 10, 173)
(148, 224, 52, 0, 44)
(264, 214, 27, 1, 155)
(299, 198, 0, 6, 182)
(238, 207, 24, 0, 213)
(182, 224, 4, 4, 158)
(249, 60, 0, 77, 229)
(42, 224, 0, 7, 52)
(178, 165, 4, 1, 83)
(202, 167, 0, 0, 115)
(221, 224, 0, 0, 155)
(13, 77, 4, 6, 65)
(271, 75, 7, 5, 207)
(249, 40, 0, 73, 102)
(91, 177, 102, 0, 223)
(236, 47, 0, 87, 119)
(250, 9, 4, 11, 133)
(293, 86, 1, 15, 147)
(173, 102, 3, 5, 189)
(62, 205, 162, 0, 22)
(215, 125, 43, 0, 22)
(67, 164, 7, 7, 116)
(82, 22, 7, 11, 121)
(260, 36, 0, 133, 185)
(280, 109, 10, 2, 171)
(178, 182, 2, 2, 148)
(274, 118, 0, 78, 86)
(148, 157, 4, 12, 221)
(285, 81, 3, 4, 158)
(259, 156, 16, 0, 29)
(299, 207, 0, 0, 255)
(258, 188, 15, 10, 179)
(291, 67, 0, 0, 106)
(205, 198, 113, 0, 227)
(26, 144, 2, 5, 92)
(100, 224, 18, 0, 149)
(283, 95, 2, 5, 226)
(247, 124, 9, 5, 164)
(44, 170, 0, 25, 184)
(295, 13, 0, 105, 160)
(292, 222, 2, 14, 130)
(299, 163, 0, 58, 239)
(128, 212, 1, 9, 205)
(223, 223, 4, 1, 163)
(114, 55, 212, 0, 86)
(200, 124, 2, 18, 159)
(129, 144, 4, 15, 114)
(29, 15, 4, 28, 211)
(285, 217, 14, 1, 131)
(251, 37, 6, 0, 104)
(96, 211, 7, 7, 231)
(219, 90, 2, 10, 123)
(147, 83, 8, 8, 102)
(144, 129, 5, 7, 120)
(142, 52, 1, 7, 88)
(134, 187, 17, 1, 95)
(299, 20, 18, 4, 110)
(265, 224, 18, 0, 224)
(74, 158, 11, 7, 118)
(273, 157, 9, 3, 179)
(299, 117, 0, 101, 136)
(154, 172, 1, 17, 229)
(4, 224, 39, 0, 236)
(279, 147, 2, 5, 165)
(299, 4, 0, 78, 242)
(287, 41, 7, 3, 152)
(77, 187, 123, 0, 17)
(133, 183, 1, 14, 174)
(299, 136, 0, 86, 107)
(124, 20, 2, 21, 181)
(140, 95, 2, 3, 188)
(259, 128, 0, 10, 157)
(97, 203, 21, 1, 78)
(123, 199, 30, 0, 206)
(276, 49, 0, 67, 247)
(110, 76, 27, 0, 149)
(14, 208, 68, 0, 151)
(195, 111, 36, 1, 158)
(243, 100, 11, 1, 226)
(58, 213, 23, 1, 196)
(237, 100, 0, 124, 243)
(237, 137, 16, 2, 162)
(208, 191, 8, 6, 185)
(271, 60, 14, 3, 201)
(0, 172, 19, 4, 51)
(0, 173, 215, 0, 67)
(182, 196, 7, 3, 228)
(242, 165, 6, 1, 246)
(166, 189, 47, 0, 82)
(161, 211, 88, 0, 24)
(247, 204, 6, 2, 173)
(141, 145, 7, 7, 225)
(29, 131, 153, 0, 14)
(11, 121, 7, 2, 179)
(279, 90, 4, 7, 165)
(148, 132, 2, 11, 241)
(76, 162, 67, 0, 60)
(295, 222, 0, 0, 85)
(299, 201, 0, 20, 103)
(162, 214, 137, 0, 170)
(191, 198, 5, 4, 138)
(109, 145, 15, 0, 160)
(20, 183, 216, 0, 120)
(289, 207, 3, 4, 231)
(188, 125, 4, 27, 236)
(236, 145, 29, 1, 225)
(260, 42, 11, 5, 147)
(189, 84, 8, 1, 92)
(294, 187, 1, 12, 171)
(40, 80, 16, 3, 216)
(280, 158, 0, 7, 96)
(138, 76, 6, 19, 129)
(20, 205, 103, 0, 54)
(254, 1, 13, 12, 164)
(287, 51, 5, 12, 204)
(268, 32, 6, 4, 231)
(299, 181, 0, 10, 102)
(299, 2, 0, 197, 193)
(208, 59, 5, 13, 181)
(256, 86, 3, 10, 169)
(198, 173, 9, 1, 187)
(299, 218, 0, 0, 121)
(162, 218, 106, 0, 73)
(235, 210, 0, 0, 41)
(182, 149, 1, 2, 145)
(265, 224, 34, 0, 255)
(235, 127, 3, 3, 220)
(94, 202, 0, 0, 0)
(247, 184, 33, 3, 194)
(282, 202, 4, 10, 163)
(68, 114, 16, 3, 110)
(276, 180, 0, 0, 0)
(114, 21, 10, 26, 131)
(0, 138, 13, 13, 85)
(299, 224, 0, 0, 221)
(100, 205, 144, 0, 185)
(264, 100, 0, 113, 126)
(287, 210, 6, 1, 205)
(290, 54, 0, 170, 151)
(9, 224, 0, 0, 111)
(299, 153, 0, 55, 148)
(180, 201, 66, 0, 128)
(215, 160, 5, 4, 93)
(299, 224, 26, 3, 88)
(220, 216, 9, 2, 183)
(262, 155, 7, 1, 168)
(75, 224, 13, 3, 199)
(238, 190, 6, 1, 203)
(230, 32, 5, 6, 144)
(236, 0, 9, 17, 229)
(0, 191, 13, 1, 169)
(192, 47, 4, 3, 160)
(299, 130, 0, 84, 75)
(291, 17, 8, 1, 154)
(214, 70, 2, 6, 218)
(278, 80, 2, 4, 208)
(255, 56, 0, 62, 192)
(109, 48, 9, 5, 61)
(262, 86, 2, 14, 197)
(248, 72, 0, 96, 202)
(178, 216, 106, 0, 20)
(299, 198, 0, 0, 69)
(280, 89, 3, 2, 216)
(42, 178, 6, 8, 204)
(219, 135, 16, 5, 232)
(281, 166, 4, 2, 189)
(299, 114, 0, 18, 65)
(288, 29, 0, 25, 77)
(63, 52, 3, 2, 68)
(263, 177, 10, 1, 193)
(1, 169, 11, 5, 52)
(299, 43, 0, 0, 63)
(95, 65, 10, 3, 173)
(216, 197, 3, 2, 179)
(194, 224, 37, 0, 220)
(240, 88, 2, 9, 229)
(188, 30, 11, 7, 235)
(28, 210, 258, 0, 163)
(291, 73, 8, 1, 140)
(299, 16, 0, 4, 43)
(191, 137, 5, 5, 251)
(11, 124, 7, 2, 87)
(196, 196, 4, 1, 203)
(148, 211, 11, 4, 242)
(162, 184, 5, 3, 87)
(56, 177, 21, 2, 142)
(145, 160, 1, 25, 88)
(178, 54, 2, 43, 136)
(284, 155, 0, 36, 27)
(70, 201, 6, 4, 209)
(296, 223, 3, 8, 102)
(270, 108, 12, 2, 208)
(27, 224, 169, 0, 211)
(53, 224, 112, 0, 247)
(208, 224, 0, 0, 67)
(299, 220, 0, 4, 146)
(7, 205, 187, 0, 170)
(252, 190, 23, 2, 187)
(281, 220, 7, 1, 150)
(78, 32, 16, 6, 179)
(156, 224, 0, 0, 129)
(296, 147, 46, 0, 26)
(88, 57, 8, 2, 136)
(178, 183, 2, 6, 231)
(273, 149, 6, 2, 222)
(181, 94, 0, 64, 84)
(197, 112, 0, 32, 0)
(241, 224, 58, 0, 140)
(75, 224, 157, 0, 95)
(208, 223, 4, 1, 197)
(221, 157, 9, 3, 95)
(2, 224, 155, 0, 178)
(220, 196, 35, 0, 57)
(215, 187, 5, 6, 230)
(238, 82, 61, 0, 110)
(272, 224, 0, 0, 79)
(148, 54, 4, 8, 144)
(234, 19, 11, 5, 137)
(196, 211, 21, 0, 2)
(299, 119, 0, 71, 82)
(101, 0, 13, 18, 218)
(299, 116, 0, 49, 0)
(110, 105, 5, 4, 188)
(168, 129, 2, 20, 105)
(256, 209, 2, 1, 169)
(287, 45, 2, 2, 137)
(36, 44, 2, 7, 116)
(144, 111, 4, 4, 164)
(216, 224, 68, 0, 12)
(147, 87, 3, 7, 150)
(299, 98, 1, 4, 232)
(227, 81, 8, 5, 157)
(136, 182, 13, 4, 73)
(124, 169, 2, 11, 93)
(125, 15, 12, 2, 110)
(277, 25, 0, 189, 170)
(284, 47, 0, 58, 231)
(215, 217, 64, 0, 21)
(240, 37, 2, 36, 189)
(229, 224, 3, 0, 165)
(266, 113, 2, 19, 230)
(299, 148, 0, 0, 145)
(64, 143, 16, 2, 147)
(49, 179, 18, 2, 162)
(299, 224, 0, 0, 244)
(64, 129, 5, 4, 101)
(85, 192, 11, 4, 217)
(272, 222, 3, 1, 208)
(291, 78, 9, 2, 163)
(299, 188, 0, 8, 143)
(280, 5, 0, 108, 187)
(244, 224, 3, 0, 97)
(237, 129, 8, 1, 144)
(272, 211, 3, 8, 157)
(49, 192, 126, 0, 153)
(200, 224, 20, 0, 189)
(135, 38, 2, 6, 221)
(107, 75, 3, 25, 227)
(56, 195, 36, 0, 19)
(290, 154, 4, 2, 198)
(140, 224, 30, 0, 0)
(198, 189, 44, 1, 219)
(255, 152, 0, 77, 23)
(183, 101, 0, 37, 175)
(85, 199, 2, 5, 85)
(3, 133, 0, 59, 206)
(170, 203, 15, 1, 183)
(149, 70, 10, 2, 112)
(216, 124, 3, 9, 221)
(224, 179, 0, 18, 19)
(217, 222, 2, 2, 159)
(279, 70, 3, 4, 153)
(148, 0, 6, 4, 158)
(287, 172, 14, 1, 215)
(287, 51, 1, 12, 217)
(237, 94, 0, 10, 213)
(73, 80, 0, 27, 255)
(229, 158, 0, 6, 184)
(97, 44, 4, 16, 123)
(256, 35, 58, 0, 0)
(265, 134, 3, 3, 86)
(66, 224, 97, 0, 0)
(69, 146, 21, 5, 170)
(273, 224, 13, 0, 99)
(166, 101, 2, 17, 182)
(227, 162, 3, 3, 192)
(280, 203, 16, 0, 216)
(178, 186, 3, 4, 244)
(103, 211, 42, 0, 80)
(275, 125, 6, 3, 126)
(172, 206, 39, 1, 217)
(284, 186, 22, 0, 24)
(268, 101, 2, 6, 231)
(204, 172, 8, 1, 192)
(258, 67, 24, 3, 207)
(201, 0, 0, 143, 69)
(129, 185, 2, 14, 245)
(214, 58, 8, 4, 196)
(299, 150, 1, 2, 149)
(276, 209, 1, 4, 137)
(118, 59, 2, 24, 198)
(256, 60, 2, 6, 202)
(268, 88, 2, 16, 203)
(255, 163, 23, 1, 227)
(182, 217, 38, 3, 193)
(266, 207, 0, 11, 177)
(13, 143, 276, 0, 218)
(147, 197, 0, 0, 152)
(16, 134, 29, 3, 208)
(210, 197, 5, 5, 233)
(102, 108, 23, 5, 222)
(278, 145, 0, 0, 207)
(249, 30, 3, 2, 255)
(158, 146, 1, 10, 71)
(16, 215, 182, 0, 82)
(274, 104, 3, 4, 189)
(297, 125, 0, 0, 255)
(287, 199, 0, 0, 88)
(265, 223, 1, 1, 179)
(75, 224, 18, 0, 48)
(299, 18, 0, 89, 82)
(282, 138, 0, 56, 175)
(137, 27, 2, 32, 147)
(223, 76, 6, 2, 208)
(299, 193, 0, 0, 51)
(58, 174, 63, 1, 192)
(56, 140, 0, 0, 248)
(298, 70, 2, 4, 164)
(278, 7, 2, 1, 181)
(52, 41, 2, 18, 152)
(179, 197, 4, 2, 135)
(210, 68, 1, 8, 230)
(270, 102, 0, 69, 0)
(272, 180, 5, 3, 185)
(97, 222, 31, 2, 200)
(289, 192, 0, 0, 131)
(226, 209, 5, 1, 186)
(79, 0, 25, 10, 208)
(26, 65, 4, 9, 108)
(130, 142, 31, 2, 210)
(144, 190, 5, 7, 184)
(251, 26, 0, 0, 9)
(175, 202, 28, 0, 129)
(291, 201, 5, 4, 181)
(52, 155, 15, 1, 204)
(181, 201, 1, 0, 227)
(87, 143, 6, 0, 47)
(212, 224, 87, 0, 170)
(18, 66, 215, 0, 111)
(299, 55, 0, 151, 160)
(199, 38, 8, 6, 133)
(67, 168, 1, 5, 107)
(256, 203, 8, 2, 158)
(290, 224, 0, 8, 201)
(127, 224, 155, 0, 255)
(211, 117, 4, 13, 125)
(249, 80, 0, 11, 113)
(298, 162, 8, 2, 221)
(237, 224, 0, 0, 171)
(278, 99, 0, 63, 161)
(3, 54, 3, 10, 93)
(126, 164, 3, 9, 97)
(208, 188, 17, 0, 132)
(299, 123, 0, 69, 113)
(290, 187, 3, 5, 150)
(46, 224, 135, 0, 140)
(213, 153, 4, 1, 243)
(233, 130, 2, 5, 106)
(82, 224, 23, 0, 28)
(109, 65, 3, 16, 211)
(251, 94, 13, 2, 164)
(286, 207, 0, 0, 64)
(77, 224, 28, 0, 117)
(268, 22, 9, 0, 120)
(299, 185, 7, 6, 150)
(297, 135, 5, 3, 183)
(222, 123, 0, 100, 142)
(282, 149, 0, 67, 90)
(299, 205, 0, 21, 178)
(299, 58, 0, 119, 214)
(130, 5, 5, 22, 107)
(282, 0, 0, 88, 148)
(218, 188, 3, 3, 207)
(164, 224, 0, 0, 72)
(90, 148, 7, 2, 85)
(284, 55, 4, 2, 227)
(299, 190, 0, 12, 24)
(281, 224, 17, 0, 132)
(258, 219, 14, 2, 143)
(84, 224, 122, 0, 74)
(286, 217, 0, 0, 252)
(71, 135, 14, 3, 135)
(198, 91, 23, 2, 116)
(271, 80, 0, 53, 60)
(237, 224, 58, 0, 233)
(192, 104, 7, 3, 217)
(239, 173, 33, 0, 185)
(125, 224, 86, 0, 134)
(255, 137, 0, 8, 23)
(239, 0, 0, 162, 203)
(299, 224, 0, 0, 29)
(284, 41, 5, 3, 186)
(155, 58, 67, 0, 149)
(228, 66, 2, 13, 153)
(257, 152, 0, 50, 51)
(279, 132, 11, 5, 216)
(272, 170, 0, 0, 138)
(127, 211, 11, 0, 158)
(253, 192, 34, 0, 216)
(246, 156, 9, 1, 168)
(236, 197, 0, 0, 40)
(171, 224, 137, 0, 132)
(263, 9, 9, 5, 191)
(197, 182, 3, 2, 151)
(222, 221, 8, 2, 149)
(228, 224, 19, 0, 93)
(299, 99, 0, 125, 0)
(168, 190, 4, 11, 246)
(289, 216, 6, 1, 143)
(158, 218, 94, 0, 61)
(93, 158, 0, 14, 175)
(299, 159, 0, 10, 173)
(285, 161, 6, 5, 227)
(221, 75, 5, 8, 221)
(271, 209, 3, 6, 160)
(91, 224, 0, 0, 124)
(21, 92, 5, 9, 74)
(67, 161, 9, 1, 56)
(47, 179, 182, 0, 70)
(6, 199, 165, 0, 19)
(41, 165, 12, 10, 66)
(292, 141, 0, 11, 140)
(252, 206, 6, 1, 203)
(263, 38, 0, 18, 255)
(290, 203, 9, 0, 231)
(26, 222, 204, 0, 236)
(53, 221, 34, 0, 36)
(299, 176, 0, 13, 145)
(299, 121, 0, 39, 47)
(1, 65, 17, 7, 95)
(274, 102, 2, 4, 149)
(231, 105, 22, 4, 195)
(262, 107, 0, 89, 85)
(77, 198, 5, 3, 161)
(163, 221, 41, 1, 202)
(240, 118, 0, 35, 80)
(162, 204, 104, 0, 154)
(263, 59, 0, 0, 230)
(119, 192, 3, 9, 240)
(17, 191, 53, 1, 212)
(220, 0, 0, 58, 180)
(158, 202, 141, 0, 240)
(294, 160, 3, 1, 133)
(254, 148, 15, 2, 220)
(23, 191, 30, 3, 219)
(299, 204, 0, 20, 39)
(190, 169, 0, 62, 218)
(297, 45, 2, 4, 216)
(160, 213, 9, 1, 180)
(297, 126, 0, 3, 48)
(290, 176, 4, 2, 198)
(263, 39, 3, 0, 232)
(178, 157, 10, 7, 60)
(256, 110, 3, 27, 187)
(48, 193, 106, 0, 103)
(291, 133, 3, 0, 104)
(277, 158, 0, 9, 103)
(229, 224, 86, 0, 182)
(111, 131, 168, 0, 134)
(120, 17, 6, 3, 82)
(227, 152, 2, 3, 173)
(246, 51, 4, 25, 169)
(18, 134, 28, 0, 48)
(4, 182, 17, 2, 84)
(158, 168, 0, 0, 222)
(34, 181, 84, 0, 7)
(257, 104, 2, 3, 224)
(174, 85, 14, 3, 150)
(21, 208, 81, 0, 171)
(229, 79, 3, 4, 115)
(151, 169, 0, 14, 202)
(295, 66, 0, 108, 168)
(296, 224, 2, 3, 105)
(125, 165, 2, 3, 183)
(77, 47, 5, 12, 234)
(192, 150, 2, 7, 191)
(243, 159, 3, 3, 214)
(258, 162, 4, 4, 204)
(290, 40, 4, 1, 175)
(284, 92, 0, 9, 146)
(299, 87, 0, 22, 144)
(129, 30, 1, 8, 132)
(11, 224, 8, 9, 215)
(268, 215, 0, 9, 15)
(124, 203, 100, 0, 151)
(256, 22, 1, 14, 172)
(198, 224, 23, 0, 42)
(283, 48, 0, 118, 50)
(200, 159, 6, 3, 150)
(78, 192, 0, 0, 171)
(275, 147, 12, 0, 45)
(4, 28, 3, 15, 128)
(0, 216, 119, 0, 59)
(69, 27, 2, 29, 225)
(124, 97, 2, 5, 97)
(258, 0, 0, 78, 59)
(271, 224, 0, 0, 157)
(161, 175, 16, 3, 159)
(299, 14, 0, 4, 100)
(99, 65, 3, 23, 193)
(75, 38, 157, 0, 186)
(234, 102, 30, 0, 88)
(109, 224, 140, 0, 27)
(265, 221, 5, 3, 150)
(299, 207, 0, 15, 30)
(275, 139, 0, 31, 88)
(299, 188, 0, 34, 223)
(107, 205, 192, 0, 108)
(219, 224, 0, 0, 255)
(79, 205, 14, 2, 199)
(203, 199, 5, 7, 231)
(299, 182, 0, 22, 132)
(13, 214, 0, 5, 174)
(149, 161, 0, 8, 64)
(164, 44, 12, 4, 168)
(77, 213, 149, 0, 0)
(299, 212, 0, 5, 80)
(130, 20, 2, 48, 187)
(101, 83, 135, 0, 115)
(26, 125, 11, 8, 202)
(299, 27, 0, 177, 12)
(16, 196, 1, 6, 175)
(119, 55, 7, 9, 163)
(209, 209, 8, 0, 197)
(185, 177, 12, 0, 255)
(106, 215, 14, 0, 74)
(263, 133, 0, 49, 129)
(77, 128, 70, 0, 128)
(299, 51, 0, 72, 224)
(10, 203, 59, 0, 108)
(142, 206, 6, 7, 190)
(232, 196, 0, 0, 10)
(245, 192, 41, 2, 173)
(119, 90, 3, 8, 138)
(170, 121, 6, 6, 183)
(132, 217, 4, 3, 202)
(282, 130, 0, 91, 241)
(221, 224, 10, 0, 23)
(299, 39, 0, 96, 12)
(145, 41, 11, 10, 191)
(53, 44, 18, 1, 186)
(25, 212, 195, 0, 223)
(120, 84, 5, 4, 215)
(185, 127, 3, 19, 208)
(296, 110, 3, 1, 169)
(209, 155, 8, 0, 167)
(255, 114, 0, 44, 89)
(193, 183, 5, 3, 250)
(289, 224, 4, 0, 200)
(247, 78, 9, 3, 146)
(205, 212, 22, 1, 204)
(112, 127, 111, 0, 183)
(246, 199, 0, 7, 199)
(299, 53, 0, 10, 100)
(253, 224, 0, 0, 109)
(265, 79, 1, 5, 189)
(299, 35, 0, 100, 44)
(45, 213, 131, 0, 129)
(299, 224, 0, 0, 255)
(299, 11, 0, 25, 249)
(299, 169, 0, 37, 191)
(272, 198, 0, 35, 0)
(23, 189, 24, 1, 151)
(16, 60, 0, 32, 175)
(82, 202, 57, 0, 234)
(280, 195, 12, 2, 192)
(257, 224, 0, 0, 131)
(234, 224, 0, 0, 152)
(56, 201, 112, 0, 211)
(251, 69, 12, 2, 165)
(71, 153, 6, 3, 91)
(183, 0, 34, 7, 222)
(246, 211, 0, 4, 168)
(278, 127, 3, 2, 222)
(35, 189, 4, 3, 221)
(287, 207, 2, 3, 164)
(178, 224, 92, 0, 207)
(262, 148, 0, 62, 170)
(270, 136, 0, 0, 88)
(94, 72, 4, 4, 88)
(285, 188, 2, 6, 167)
(204, 129, 6, 3, 150)
(155, 126, 2, 6, 177)
(258, 212, 14, 1, 181)
(248, 52, 6, 3, 221)
(0, 206, 70, 0, 41)
(175, 131, 2, 17, 117)
(292, 219, 5, 2, 105)
(271, 77, 4, 6, 228)
(208, 19, 8, 17, 229)
(299, 210, 0, 6, 51)
(257, 186, 1, 2, 157)
(138, 196, 10, 1, 125)
(65, 198, 110, 0, 156)
(174, 212, 26, 0, 55)
(93, 189, 189, 0, 95)
(35, 222, 93, 0, 47)
(261, 202, 9, 1, 198)
(182, 121, 4, 5, 104)
(284, 216, 5, 3, 131)
(299, 124, 0, 90, 119)
(256, 224, 21, 0, 19)
(244, 121, 7, 2, 108)
(156, 214, 63, 2, 206)
(154, 224, 28, 0, 28)
(180, 127, 0, 47, 49)
(134, 202, 111, 0, 131)
(277, 164, 1, 3, 229)
(139, 189, 87, 0, 78)
(233, 223, 2, 1, 73)
(299, 116, 0, 14, 215)
(294, 125, 47, 4, 215)
(253, 35, 2, 4, 226)
(291, 0, 23, 3, 165)
(284, 133, 2, 2, 235)
(117, 45, 13, 3, 174)
(78, 37, 43, 2, 141)
(186, 224, 0, 0, 13)
(206, 84, 12, 2, 117)
(294, 157, 16, 0, 243)
(171, 211, 77, 0, 191)
(273, 174, 1, 0, 27)
(296, 224, 3, 0, 12)
(125, 214, 75, 0, 131)
(154, 150, 3, 19, 146)
(299, 8, 0, 97, 158)
(222, 117, 5, 10, 114)
(252, 0, 6, 9, 178)
(247, 151, 0, 28, 164)
(299, 87, 0, 0, 236)
(237, 154, 23, 1, 222)
(247, 224, 3, 1, 112)
(232, 42, 9, 1, 158)
(286, 141, 1, 3, 210)
(118, 67, 0, 20, 124)
(149, 224, 77, 0, 236)
(217, 190, 0, 0, 182)
(225, 209, 3, 4, 187)
(240, 23, 0, 27, 0)
(277, 224, 22, 0, 7)
(217, 187, 3, 0, 10)
(299, 224, 5, 0, 150)
(119, 149, 91, 0, 45)
(159, 73, 22, 3, 142)
(292, 224, 0, 0, 210)
(252, 224, 2, 1, 222)
(135, 203, 0, 14, 132)
(222, 208, 16, 0, 100)
(259, 182, 0, 0, 26)
(172, 187, 6, 11, 145)
(253, 49, 6, 4, 183)
(35, 155, 74, 0, 244)
(195, 224, 29, 0, 208)
(299, 214, 1, 1, 176)
(33, 224, 23, 2, 199)
(284, 207, 20, 0, 217)
(213, 213, 19, 0, 255)
(120, 30, 1, 32, 127)
(114, 215, 21, 4, 208)
(237, 150, 2, 5, 126)
(208, 157, 3, 3, 214)
(199, 117, 0, 52, 222)
(285, 215, 0, 9, 150)
(215, 129, 10, 1, 175)
(285, 159, 1, 4, 209)
(177, 166, 5, 6, 210)
(249, 221, 71, 0, 205)
(227, 124, 0, 11, 249)
(290, 141, 9, 1, 213)
(2, 218, 167, 0, 148)
(265, 48, 4, 5, 158)
(258, 199, 0, 0, 119)
(134, 147, 2, 5, 139)
(201, 122, 0, 100, 81)
(179, 125, 9, 0, 156)
(105, 202, 77, 0, 0)
(262, 153, 1, 4, 168)
(205, 215, 7, 3, 195)
(247, 212, 26, 0, 220)
(81, 52, 6, 3, 228)
(103, 93, 11, 3, 219)
(274, 123, 0, 0, 255)
(228, 224, 30, 0, 77)
(238, 152, 5, 4, 245)
(6, 52, 4, 7, 200)
(269, 22, 0, 83, 165)
(131, 203, 4, 3, 147)
(225, 202, 8, 0, 184)
(21, 150, 99, 0, 136)
(261, 194, 0, 30, 48)
(227, 224, 72, 0, 145)
(164, 209, 18, 0, 255)
(218, 0, 15, 25, 227)
(290, 148, 2, 4, 146)
(127, 185, 1, 6, 143)
(264, 56, 8, 7, 197)
(119, 223, 0, 0, 51)
(154, 208, 125, 0, 234)
(299, 0, 0, 195, 177)
(142, 171, 88, 0, 107)
(280, 187, 0, 11, 162)
(7, 224, 0, 0, 244)
(280, 73, 0, 40, 7)
(299, 109, 0, 60, 34)
(272, 222, 1, 2, 165)
(202, 10, 0, 0, 234)
(252, 8, 2, 11, 141)
(84, 224, 33, 10, 194)
(271, 224, 19, 0, 131)
(229, 75, 4, 2, 208)
(269, 224, 2, 0, 111)
(291, 18, 8, 5, 179)
(281, 139, 1, 2, 252)
(276, 29, 7, 1, 187)
(6, 98, 15, 1, 78)
(77, 161, 0, 0, 86)
(132, 224, 100, 0, 127)
(253, 214, 5, 1, 211)
(135, 205, 1, 2, 115)
(133, 49, 1, 22, 209)
(293, 82, 0, 95, 0)
(107, 187, 1, 3, 97)
(290, 210, 5, 2, 164)
(116, 68, 5, 21, 186)
(255, 224, 0, 0, 162)
(178, 174, 0, 50, 172)
(286, 27, 13, 0, 254)
(95, 203, 5, 4, 120)
(107, 94, 4, 11, 227)
(271, 102, 0, 30, 68)
(122, 61, 2, 5, 71)
(297, 223, 2, 1, 99)
(299, 196, 3, 4, 150)
(160, 208, 4, 5, 213)
(100, 123, 10, 6, 180)
(291, 130, 4, 3, 198)
(299, 28, 0, 16, 0)
(224, 205, 0, 0, 103)
(275, 97, 2, 3, 227)
(296, 120, 0, 66, 227)
(177, 158, 122, 0, 5)
(14, 6, 12, 8, 195)
(25, 209, 251, 0, 232)
(179, 40, 120, 0, 0)
(273, 89, 7, 3, 155)
(29, 213, 244, 0, 73)
(278, 0, 2, 5, 144)
(287, 171, 7, 0, 20)
(235, 202, 39, 0, 50)
(296, 143, 0, 14, 106)
(22, 224, 5, 0, 226)
(250, 15, 4, 1, 177)
(266, 85, 2, 5, 151)
(255, 7, 3, 6, 213)
(282, 0, 9, 3, 180)
(219, 172, 0, 7, 135)
(276, 203, 0, 0, 135)
(247, 168, 9, 1, 205)
(0, 44, 8, 4, 61)
(292, 77, 0, 59, 89)
(285, 199, 6, 1, 211)
(273, 118, 6, 1, 181)
(210, 162, 5, 2, 92)
(299, 207, 0, 0, 96)
(27, 224, 39, 0, 39)
(279, 224, 0, 0, 122)
(91, 201, 90, 0, 152)
(26, 181, 92, 0, 135)
(267, 217, 9, 2, 158)
(267, 49, 0, 0, 201)
(293, 151, 5, 2, 185)
(231, 32, 0, 66, 85)
(299, 53, 0, 137, 172)
(161, 163, 17, 0, 131)
(274, 224, 0, 0, 65)
(242, 151, 1, 11, 218)
(299, 108, 0, 38, 175)
(114, 145, 0, 2, 63)
(71, 184, 0, 54, 83)
(174, 42, 4, 2, 131)
(290, 92, 1, 8, 203)
(267, 0, 2, 8, 196)
(210, 224, 48, 0, 52)
(256, 145, 0, 49, 193)
(34, 205, 17, 6, 203)
(299, 20, 1, 2, 72)
(252, 143, 13, 2, 239)
(230, 8, 0, 23, 140)
(293, 32, 2, 2, 130)
(152, 216, 0, 3, 209)
(117, 171, 2, 5, 237)
(0, 0, 14, 4, 180)
(177, 224, 19, 0, 172)
(284, 41, 0, 183, 134)
(234, 141, 0, 0, 107)
(299, 224, 4, 0, 180)
(85, 224, 8, 2, 180)
(129, 211, 1, 5, 183)
(191, 182, 62, 0, 0)
(289, 97, 3, 2, 223)
(299, 63, 0, 7, 243)
(299, 207, 8, 0, 0)
(295, 177, 15, 0, 158)
(299, 201, 0, 0, 52)
(231, 138, 6, 3, 236)
(266, 210, 18, 1, 149)
(4, 213, 191, 0, 113)
(218, 224, 69, 0, 33)
(137, 136, 6, 3, 82)
(242, 155, 0, 0, 133)
(277, 105, 0, 99, 2)
(251, 151, 6, 1, 130)
(299, 223, 0, 0, 10)
(242, 141, 2, 6, 138)
(245, 197, 0, 16, 79)
(243, 181, 2, 4, 227)
(299, 211, 0, 0, 195)
(299, 224, 5, 0, 86)
(264, 223, 0, 0, 155)
(186, 204, 6, 3, 235)
(111, 151, 4, 4, 51)
(233, 110, 10, 3, 121)
(259, 115, 0, 81, 42)
(165, 175, 45, 0, 213)
(299, 128, 0, 42, 82)
(285, 167, 0, 28, 150)
(74, 220, 0, 0, 14)
(127, 208, 8, 1, 203)
(83, 222, 48, 0, 98)
(43, 224, 2, 1, 173)
(200, 182, 0, 0, 249)
(280, 203, 16, 0, 186)
(288, 183, 23, 0, 142)
(291, 193, 8, 1, 179)
(258, 217, 52, 0, 190)
(212, 224, 0, 0, 34)
(291, 187, 0, 1, 212)
(270, 66, 15, 2, 180)
(23, 185, 124, 0, 151)
(195, 158, 4, 3, 65)
(98, 48, 4, 5, 155)
(132, 215, 167, 0, 8)
(204, 194, 57, 0, 143)
(131, 160, 134, 0, 230)
(262, 137, 5, 1, 114)
(126, 188, 1, 6, 37)
(191, 224, 96, 0, 186)
(264, 66, 3, 1, 179)
(281, 57, 1, 14, 198)
(132, 224, 134, 0, 86)
(43, 83, 3, 14, 162)
(230, 95, 1, 4, 140)
(299, 143, 0, 46, 67)
(29, 224, 29, 0, 84)
(206, 197, 1, 2, 160)
(20, 164, 56, 0, 94)
(50, 210, 0, 0, 65)
(26, 15, 52, 6, 207)
(234, 12, 8, 3, 189)
(235, 213, 20, 1, 187)
(292, 172, 0, 50, 205)
(277, 109, 0, 0, 114)
(225, 85, 2, 4, 221)
(246, 18, 2, 17, 199)
(224, 193, 55, 0, 2)
(16, 222, 190, 0, 37)
(129, 188, 0, 0, 58)
(247, 26, 1, 7, 125)
(295, 84, 0, 63, 80)
(294, 117, 5, 6, 196)
(87, 68, 27, 0, 14)
(210, 45, 4, 4, 143)
(261, 176, 0, 0, 153)
(194, 153, 0, 34, 10)
(116, 211, 9, 6, 208)
(263, 75, 0, 5, 21)
(240, 197, 2, 5, 198)
(186, 134, 1, 4, 252)
(299, 159, 0, 49, 55)
(255, 77, 3, 3, 167)
(246, 140, 3, 2, 225)
(244, 224, 0, 0, 126)
(211, 207, 11, 3, 211)
(233, 74, 0, 31, 119)
(299, 82, 0, 26, 255)
(110, 187, 2, 3, 231)
(40, 224, 99, 0, 222)
(176, 112, 19, 0, 77)
(67, 166, 11, 2, 176)
(67, 137, 5, 6, 225)
(190, 212, 14, 1, 238)
(230, 209, 67, 0, 91)
(94, 215, 83, 0, 113)
(275, 224, 0, 0, 163)
(116, 93, 3, 11, 100)
(268, 105, 0, 19, 9)
(162, 105, 0, 12, 255)
(299, 205, 0, 19, 103)
(279, 172, 0, 33, 255)
(123, 171, 4, 4, 88)
(261, 188, 10, 2, 176)
(73, 224, 89, 0, 255)
(242, 181, 17, 0, 33)
(296, 218, 3, 0, 71)
(299, 133, 0, 13, 164)
(269, 192, 0, 3, 238)
(125, 19, 5, 5, 183)
(36, 213, 6, 1, 214)
(206, 220, 16, 0, 56)
(291, 171, 8, 1, 223)
(190, 170, 5, 1, 153)
(19, 221, 9, 2, 215)
(98, 167, 47, 0, 63)
(241, 198, 0, 0, 128)
(172, 99, 1, 6, 95)
(108, 224, 74, 0, 69)
(246, 174, 7, 0, 233)
(226, 50, 16, 7, 185)
(6, 224, 194, 0, 85)
(165, 34, 5, 19, 201)
(299, 183, 0, 9, 0)
(237, 138, 4, 3, 143)
(299, 159, 14, 0, 231)
(151, 50, 12, 6, 160)
(277, 224, 0, 0, 243)
(241, 13, 1, 8, 194)
(119, 222, 0, 0, 50)
(192, 215, 0, 0, 238)
(159, 152, 1, 8, 179)
(252, 182, 3, 7, 199)
(0, 198, 202, 0, 207)
(280, 26, 8, 2, 214)
(142, 123, 56, 0, 249)
(160, 207, 0, 0, 248)
(177, 224, 0, 0, 85)
(277, 118, 7, 6, 211)
(260, 179, 0, 18, 121)
(124, 224, 89, 0, 95)
(283, 115, 0, 138, 105)
(257, 22, 0, 0, 231)
(19, 202, 5, 12, 194)
(43, 206, 57, 0, 136)
(241, 221, 4, 1, 171)
(227, 42, 2, 5, 236)
(201, 31, 4, 4, 180)
(241, 224, 58, 0, 92)
(147, 213, 113, 0, 251)
(235, 170, 22, 2, 219)
(259, 224, 60, 0, 41)
(111, 220, 0, 0, 110)
(276, 209, 9, 2, 145)
(254, 18, 2, 6, 160)
(299, 201, 0, 3, 205)
(291, 116, 5, 2, 209)
(269, 19, 3, 12, 211)
(256, 0, 3, 2, 214)
(210, 224, 33, 0, 83)
(299, 210, 0, 0, 177)
(276, 36, 4, 7, 210)
(143, 205, 3, 7, 192)
(5, 224, 125, 0, 181)
(165, 205, 100, 0, 167)
(271, 205, 0, 0, 57)
(299, 67, 0, 77, 0)
(117, 203, 21, 0, 177)
(211, 131, 12, 3, 253)
(121, 216, 0, 8, 69)
(288, 218, 0, 0, 224)
(75, 84, 2, 12, 176)
(299, 224, 0, 0, 63)
(255, 163, 25, 0, 249)
(42, 108, 0, 49, 237)
(283, 102, 2, 9, 162)
(31, 224, 0, 0, 216)
(0, 115, 223, 0, 73)
(290, 108, 0, 0, 142)
(274, 161, 0, 1, 144)
(292, 209, 0, 12, 67)
(0, 184, 23, 3, 81)
(272, 223, 1, 1, 141)
(206, 73, 11, 2, 174)
(166, 148, 25, 0, 91)
(96, 197, 0, 0, 35)
(254, 32, 1, 3, 213)
(226, 193, 0, 0, 150)
(299, 9, 10, 0, 153)
(96, 201, 4, 1, 220)
(179, 105, 118, 0, 199)
(74, 59, 3, 9, 235)
(105, 224, 5, 1, 169)
(274, 212, 11, 0, 29)
(298, 223, 1, 1, 94)
(297, 61, 11, 4, 219)
(221, 188, 9, 0, 133)
(60, 171, 16, 0, 131)
(281, 55, 0, 47, 255)
(182, 161, 21, 0, 28)
(261, 195, 5, 1, 196)
(100, 184, 115, 0, 89)
(235, 138, 0, 0, 183)
(299, 224, 0, 0, 240)
(79, 224, 221, 0, 248)
(78, 120, 3, 5, 112)
(214, 118, 2, 1, 247)
(15, 224, 193, 0, 135)
(169, 185, 4, 7, 111)
(232, 106, 39, 0, 83)
(263, 142, 0, 25, 51)
(290, 0, 0, 142, 96)
(232, 60, 4, 11, 147)
(26, 97, 4, 10, 99)
(24, 45, 7, 7, 194)
(260, 212, 0, 4, 97)
(248, 20, 0, 85, 57)
(299, 27, 0, 20, 132)
(275, 55, 0, 92, 152)
(284, 78, 0, 69, 64)
(299, 220, 0, 0, 161)
(159, 189, 7, 1, 222)
(74, 167, 4, 2, 202)
(189, 0, 0, 16, 49)
(212, 154, 0, 53, 27)
(247, 196, 4, 1, 201)
(222, 224, 3, 0, 80)
(198, 188, 4, 1, 228)
(191, 149, 2, 5, 212)
(36, 217, 1, 7, 187)
(40, 21, 7, 5, 165)
(216, 179, 60, 0, 80)
(246, 124, 3, 1, 232)
(273, 224, 21, 0, 234)
(23, 145, 0, 37, 136)
(129, 224, 80, 0, 93)
(299, 193, 0, 0, 150)
(199, 210, 6, 2, 237)
(296, 201, 0, 9, 245)
(187, 195, 42, 0, 187)
(290, 141, 0, 49, 117)
(193, 151, 5, 0, 57)
(292, 43, 2, 7, 185)
(128, 209, 0, 13, 85)
(178, 215, 18, 2, 199)
(270, 167, 26, 0, 122)
(107, 7, 5, 0, 246)
(38, 97, 152, 0, 255)
(179, 183, 0, 14, 255)
(51, 104, 3, 8, 207)
(299, 127, 0, 1, 224)
(31, 31, 18, 0, 0)
(170, 110, 4, 7, 129)
(282, 76, 1, 2, 224)
(296, 22, 3, 0, 153)
(283, 44, 0, 118, 174)
(20, 224, 0, 0, 204)
(191, 190, 10, 1, 229)
(268, 182, 2, 6, 207)
(290, 64, 0, 99, 168)
(251, 74, 2, 17, 187)
(137, 224, 149, 0, 241)
(29, 152, 11, 5, 149)
(260, 224, 39, 0, 80)
(289, 132, 0, 33, 246)
(63, 205, 227, 0, 177)
(289, 32, 2, 5, 218)
(65, 224, 0, 0, 101)
(291, 183, 24, 0, 155)
(188, 210, 6, 4, 215)
(233, 15, 2, 4, 120)
(177, 208, 0, 14, 174)
(5, 206, 16, 0, 121)
(119, 127, 3, 5, 199)
(270, 158, 29, 0, 53)
(267, 0, 0, 111, 156)
(294, 84, 3, 2, 215)
(249, 178, 14, 0, 180)
(200, 65, 10, 4, 137)
(56, 193, 10, 4, 228)
(284, 223, 0, 0, 247)
(90, 88, 3, 5, 57)
(190, 173, 0, 0, 209)
(273, 121, 6, 2, 157)
(45, 218, 6, 3, 213)
(261, 64, 2, 5, 242)
(147, 177, 28, 0, 80)
(107, 50, 1, 18, 172)
(282, 182, 17, 0, 184)
(171, 220, 0, 0, 88)
(64, 224, 18, 0, 179)
(206, 145, 2, 5, 190)
(95, 201, 122, 0, 188)
(288, 11, 6, 5, 146)
(299, 155, 0, 26, 127)
(25, 35, 0, 43, 146)
(145, 192, 5, 1, 234)
(113, 10, 2, 4, 158)
(276, 168, 3, 2, 193)
(168, 216, 5, 4, 212)
(213, 34, 1, 9, 209)
(154, 154, 2, 6, 195)
(126, 77, 6, 3, 218)
(252, 161, 0, 16, 108)
(243, 194, 18, 0, 12)
(8, 224, 161, 0, 65)
(0, 113, 3, 10, 136)
(205, 195, 37, 0, 196)
(297, 159, 13, 0, 0)
(248, 26, 22, 0, 133)
(299, 122, 0, 75, 137)
(150, 218, 2, 4, 225)
(280, 224, 19, 0, 35)
(223, 143, 12, 3, 252)
(205, 131, 2, 10, 158)
(123, 195, 54, 0, 48)
(244, 165, 0, 0, 46)
(0, 136, 3, 3, 43)
(293, 134, 24, 1, 227)
(277, 217, 0, 8, 154)
(151, 224, 127, 0, 0)
(276, 215, 11, 2, 144)
(0, 209, 131, 0, 195)
(264, 213, 0, 0, 228)
(130, 20, 2, 24, 148)
(218, 163, 5, 1, 185)
(2, 175, 146, 0, 197)
(175, 223, 38, 0, 126)
(0, 200, 8, 3, 192)
(299, 161, 0, 55, 125)
(192, 140, 0, 10, 148)
(221, 45, 5, 7, 179)
(238, 156, 0, 79, 183)
(297, 215, 3, 1, 130)
(299, 175, 0, 63, 184)
(222, 13, 6, 14, 230)
(239, 149, 2, 2, 108)
(138, 180, 2, 13, 63)
(230, 199, 37, 0, 106)
(275, 98, 4, 3, 224)
(180, 141, 5, 8, 251)
(165, 54, 0, 20, 173)
(286, 212, 0, 0, 58)
(122, 224, 50, 0, 72)
(205, 221, 3, 3, 181)
(275, 103, 0, 77, 50)
(86, 65, 8, 11, 195)
(201, 73, 1, 4, 156)
(299, 208, 1, 0, 8)
(14, 219, 5, 2, 110)
(290, 220, 4, 1, 114)
(103, 174, 44, 0, 96)
(244, 205, 19, 1, 173)
(245, 44, 0, 66, 204)
(256, 122, 0, 0, 238)
(199, 197, 67, 0, 124)
(250, 45, 0, 114, 1)
(86, 224, 136, 0, 88)
(299, 89, 0, 0, 65)
(229, 87, 5, 7, 229)
(121, 171, 180, 0, 63)
(37, 67, 7, 1, 98)
(266, 46, 10, 3, 161)
(299, 108, 0, 48, 161)
(15, 214, 88, 0, 220)
(268, 210, 0, 0, 30)
(294, 103, 0, 99, 116)
(281, 218, 0, 10, 255)
(251, 132, 13, 0, 229)
(183, 224, 15, 0, 201)
(299, 85, 9, 2, 166)
(287, 212, 0, 0, 255)
(299, 157, 0, 0, 11)
(299, 7, 0, 95, 134)
(271, 159, 2, 4, 181)
(278, 124, 0, 53, 16)
(203, 222, 25, 0, 123)
(299, 221, 1, 1, 97)
(206, 182, 7, 4, 227)
(230, 37, 1, 24, 206)
(279, 150, 4, 1, 104)
(288, 69, 10, 3, 190)
(176, 224, 72, 0, 0)
(177, 217, 0, 0, 53)
(140, 224, 25, 0, 249)
(284, 61, 0, 2, 3)
(73, 152, 30, 0, 254)
(163, 223, 9, 2, 200)
(233, 66, 2, 2, 229)
(239, 115, 7, 6, 144)
(299, 116, 0, 0, 108)
(128, 140, 5, 3, 202)
(158, 153, 0, 50, 25)
(254, 224, 2, 1, 163)
(231, 224, 39, 0, 59)
(16, 71, 2, 5, 215)
(247, 121, 0, 20, 131)
(192, 52, 1, 14, 156)
(170, 224, 57, 0, 230)
(285, 215, 2, 2, 135)
(269, 224, 30, 0, 41)
(250, 17, 0, 0, 175)
(233, 214, 19, 0, 245)
(299, 149, 0, 75, 205)
(208, 107, 0, 13, 41)
(243, 216, 0, 3, 129)
(287, 147, 4, 1, 130)
(105, 126, 60, 0, 241)
(143, 186, 3, 3, 139)
(213, 199, 7, 2, 210)
(205, 224, 25, 0, 41)
(141, 218, 35, 1, 229)
(148, 224, 6, 0, 25)
(185, 170, 23, 0, 212)
(199, 141, 0, 0, 190)
(282, 59, 1, 2, 156)
(299, 0, 0, 0, 205)
(261, 60, 7, 1, 220)
(97, 180, 66, 0, 134)
(286, 203, 1, 7, 174)
(281, 224, 8, 0, 60)
(270, 80, 2, 2, 165)
(72, 222, 208, 0, 204)
(277, 224, 18, 0, 0)
(207, 140, 1, 10, 140)
(139, 85, 0, 0, 54)
(167, 152, 4, 12, 158)
(256, 133, 1, 2, 235)
(276, 156, 0, 17, 28)
(299, 152, 0, 27, 130)
(251, 190, 0, 0, 67)
(181, 173, 0, 33, 175)
(288, 220, 0, 0, 22)
(236, 111, 0, 0, 250)
(126, 108, 9, 3, 150)
(221, 219, 48, 0, 63)
(0, 224, 57, 0, 182)
(196, 222, 13, 1, 179)
(188, 146, 0, 49, 133)
(101, 217, 4, 2, 194)
(260, 55, 0, 85, 56)
(207, 32, 0, 16, 255)
(269, 139, 4, 4, 147)
(298, 224, 0, 0, 46)
(291, 183, 8, 1, 181)
(299, 77, 0, 0, 183)
(284, 217, 1, 1, 148)
(243, 122, 2, 1, 219)
(291, 211, 0, 11, 13)
(127, 207, 8, 2, 199)
(119, 191, 86, 0, 200)
(69, 69, 6, 2, 106)
(252, 184, 6, 1, 180)
(230, 32, 0, 10, 188)
(68, 166, 0, 17, 0)
(48, 42, 12, 0, 0)
(248, 148, 1, 3, 154)
(120, 217, 32, 0, 156)
(276, 95, 0, 0, 149)
(286, 20, 0, 0, 10)
(20, 152, 4, 6, 105)
(299, 88, 0, 100, 208)
(230, 140, 0, 49, 237)
(33, 145, 3, 5, 142)
(111, 193, 1, 8, 120)
(228, 223, 29, 0, 33)
(261, 160, 1, 7, 206)
(181, 150, 3, 6, 127)
(97, 193, 35, 0, 132)
(244, 213, 0, 0, 124)
(171, 64, 15, 1, 125)
(235, 156, 22, 0, 15)
(161, 121, 6, 5, 112)
(266, 224, 0, 0, 234)
(268, 52, 1, 4, 208)
(242, 89, 0, 110, 111)
(267, 214, 8, 5, 156)
(212, 106, 0, 6, 71)
(299, 179, 0, 0, 180)
(299, 192, 0, 0, 92)
(238, 112, 2, 18, 114)
(248, 173, 0, 19, 17)
(100, 212, 93, 0, 161)
(239, 70, 0, 79, 125)
(237, 224, 13, 0, 5)
(166, 119, 8, 5, 172)
(213, 224, 30, 0, 219)
(299, 209, 0, 11, 180)
(7, 218, 0, 0, 29)
(226, 28, 0, 151, 210)
(127, 202, 4, 2, 169)
(111, 124, 7, 6, 216)
(72, 106, 17, 5, 40)
(93, 92, 2, 21, 188)
(274, 183, 10, 0, 24)
(215, 216, 0, 24, 198)
(279, 68, 12, 0, 213)
(194, 53, 13, 1, 176)
(30, 173, 0, 0, 11)
(21, 224, 183, 0, 0)
(29, 145, 7, 9, 155)
(284, 50, 0, 0, 162)
(266, 67, 0, 26, 127)
(189, 65, 5, 7, 99)
(201, 201, 0, 11, 34)
(40, 107, 0, 19, 227)
(214, 224, 0, 0, 0)
(293, 202, 11, 1, 172)
(96, 208, 223, 0, 61)
(57, 224, 192, 0, 207)
(135, 80, 1, 7, 84)
(299, 126, 0, 35, 121)
(278, 212, 0, 1, 107)
(152, 224, 62, 0, 19)
(205, 99, 2, 3, 226)
(87, 203, 54, 0, 213)
(270, 22, 0, 121, 131)
(208, 69, 1, 2, 106)
(259, 46, 0, 0, 61)
(82, 223, 2, 1, 207)
(210, 165, 7, 2, 192)
(287, 56, 0, 112, 132)
(168, 185, 0, 20, 89)
(299, 0, 0, 0, 2)
(273, 201, 6, 3, 162)
(0, 84, 43, 2, 117)
(281, 224, 18, 0, 88)
(298, 224, 0, 0, 196)
(99, 121, 0, 0, 224)
(159, 118, 2, 6, 168)
(178, 163, 121, 0, 218)
(299, 80, 0, 51, 21)
(257, 205, 0, 10, 209)
(124, 69, 1, 3, 88)
(235, 199, 0, 0, 87)
(50, 209, 4, 11, 227)
(71, 130, 12, 4, 243)
(83, 72, 0, 0, 205)
(19, 194, 12, 8, 212)
(230, 219, 18, 0, 206)
(269, 130, 1, 3, 93)
(299, 132, 0, 4, 166)
(285, 216, 0, 6, 224)
(292, 45, 0, 89, 91)
(289, 12, 0, 161, 106)
(78, 207, 21, 2, 200)
(172, 33, 4, 9, 159)
(263, 136, 0, 40, 108)
(48, 215, 2, 3, 232)
(299, 224, 0, 0, 208)
(299, 28, 0, 45, 21)
(54, 185, 6, 2, 122)
(298, 108, 0, 36, 222)
(230, 207, 14, 2, 184)
(128, 200, 3, 1, 153)
(139, 93, 0, 5, 103)
(290, 77, 4, 1, 197)
(299, 0, 0, 45, 19)
(283, 110, 17, 0, 133)
(233, 112, 0, 100, 42)
(299, 29, 0, 0, 39)
(288, 163, 0, 21, 156)
(276, 224, 2, 10, 164)
(12, 178, 28, 2, 80)
(60, 100, 5, 1, 169)
(160, 166, 0, 18, 25)
(17, 83, 198, 0, 141)
(299, 224, 0, 0, 211)
(8, 201, 17, 4, 198)
(156, 213, 93, 0, 127)
(266, 66, 0, 127, 213)
(40, 108, 8, 4, 197)
(9, 182, 158, 0, 152)
(122, 185, 2, 6, 231)
(152, 29, 0, 38, 141)
(299, 77, 5, 4, 167)
(127, 224, 0, 0, 230)
(205, 108, 19, 2, 148)
(194, 176, 4, 4, 229)
(264, 68, 25, 0, 163)
(196, 131, 0, 59, 189)
(69, 224, 111, 0, 37)
(67, 175, 3, 7, 168)
(293, 224, 0, 11, 0)
(251, 80, 0, 125, 12)
(299, 174, 0, 5, 102)
(299, 162, 0, 19, 125)
(103, 77, 6, 4, 175)
(6, 210, 257, 0, 243)
(272, 204, 5, 2, 171)
(299, 89, 0, 72, 164)
(190, 39, 2, 19, 159)
(50, 217, 23, 0, 119)
(299, 224, 0, 0, 198)
(268, 184, 6, 1, 227)
(271, 148, 1, 6, 166)
(299, 218, 0, 6, 211)
(299, 187, 0, 31, 55)
(234, 210, 6, 5, 182)
(231, 67, 3, 2, 228)
(68, 55, 23, 0, 29)
(299, 196, 0, 0, 183)
(299, 104, 0, 26, 224)
(102, 187, 0, 0, 189)
(116, 168, 83, 0, 59)
(203, 214, 8, 0, 11)
(299, 204, 0, 0, 96)
(262, 139, 5, 2, 222)
(82, 218, 133, 0, 217)
(144, 106, 0, 27, 136)
(299, 100, 0, 33, 99)
(67, 160, 0, 0, 142)
(282, 63, 0, 85, 104)
(255, 224, 44, 0, 202)
(299, 218, 0, 3, 91)
(81, 209, 3, 2, 232)
(180, 24, 5, 16, 195)
(81, 66, 6, 9, 157)
(0, 138, 2, 16, 94)
(267, 27, 0, 57, 167)
(177, 168, 0, 10, 255)
(274, 85, 2, 2, 205)
(293, 7, 0, 94, 242)
(147, 136, 10, 4, 250)
(181, 147, 7, 2, 234)
(53, 60, 90, 0, 255)
(299, 211, 4, 2, 146)
(239, 164, 26, 0, 110)
(223, 217, 23, 1, 170)
(295, 99, 4, 1, 236)
(299, 21, 0, 183, 140)
(273, 178, 2, 2, 217)
(299, 215, 9, 3, 127)
(278, 14, 10, 2, 197)
(108, 134, 6, 4, 74)
(60, 214, 20, 0, 108)
(100, 108, 88, 0, 0)
(213, 153, 1, 2, 139)
(107, 190, 0, 0, 0)
(43, 159, 8, 7, 144)
(81, 194, 31, 0, 6)
(214, 147, 18, 0, 228)
(226, 219, 0, 5, 85)
(221, 42, 2, 16, 172)
(280, 128, 2, 4, 175)
(152, 217, 5, 3, 200)
(38, 97, 2, 8, 76)
(189, 189, 32, 0, 161)
(299, 102, 0, 117, 173)
(89, 224, 0, 0, 125)
(248, 147, 0, 0, 93)
(135, 210, 4, 5, 232)
(204, 188, 2, 1, 210)
(277, 99, 8, 0, 88)
(38, 69, 24, 0, 2)
(244, 196, 5, 0, 255)
(247, 104, 0, 88, 28)
(299, 111, 0, 113, 240)
(202, 176, 32, 3, 244)
(298, 222, 6, 1, 90)
(248, 224, 0, 0, 90)
(231, 181, 3, 3, 206)
(0, 115, 12, 1, 115)
(252, 168, 0, 0, 238)
(286, 196, 0, 0, 167)
(178, 164, 21, 0, 75)
(285, 55, 0, 31, 37)
(92, 200, 24, 0, 223)
(74, 224, 206, 0, 178)
(236, 107, 1, 17, 197)
(123, 210, 1, 7, 206)
(14, 153, 4, 3, 56)
(96, 224, 47, 0, 89)
(108, 207, 111, 0, 218)
(275, 157, 1, 3, 125)
(281, 123, 0, 10, 205)
(299, 45, 0, 118, 216)
(27, 206, 57, 0, 0)
(288, 224, 0, 0, 25)
(299, 224, 0, 0, 152)
(294, 170, 0, 0, 206)
(232, 221, 1, 3, 103)
(132, 190, 1, 8, 131)
(153, 210, 3, 3, 255)
(143, 159, 2, 5, 124)
(68, 165, 58, 0, 243)
(249, 98, 0, 2, 136)
(265, 201, 24, 0, 130)
(138, 41, 4, 11, 195)
(97, 223, 17, 0, 119)
(84, 215, 6, 0, 82)
(242, 34, 2, 6, 131)
(162, 131, 53, 0, 133)
(117, 210, 107, 0, 213)
(299, 197, 0, 13, 55)
(0, 219, 31, 0, 45)
(299, 167, 0, 0, 219)
(148, 154, 3, 6, 233)
(64, 164, 12, 2, 121)
(270, 167, 1, 4, 237)
(249, 69, 0, 0, 169)
(269, 126, 0, 35, 48)
(255, 38, 3, 12, 166)
(255, 213, 0, 0, 157)
(245, 199, 21, 1, 228)
(225, 213, 0, 13, 113)
(128, 162, 2, 8, 84)
(244, 97, 0, 0, 27)
(281, 149, 27, 0, 110)
(224, 130, 0, 0, 71)
(253, 218, 46, 0, 148)
(69, 195, 5, 3, 244)
(82, 156, 54, 0, 123)
(221, 224, 3, 1, 126)
(131, 146, 0, 30, 214)
(299, 0, 0, 70, 103)
(40, 207, 54, 0, 69)
(115, 111, 30, 0, 116)
(251, 20, 1, 8, 149)
(68, 84, 1, 16, 155)
(173, 223, 22, 1, 183)
(273, 167, 3, 1, 177)
(299, 120, 0, 0, 29)
(113, 200, 0, 24, 81)
(299, 193, 0, 3, 229)
(6, 150, 10, 3, 71)
(291, 117, 2, 8, 214)
(163, 195, 4, 5, 166)
(149, 185, 2, 6, 91)
(299, 150, 0, 33, 17)
(287, 0, 1, 3, 140)
(116, 224, 44, 0, 213)
(292, 137, 7, 4, 200)
(136, 204, 10, 2, 244)
(214, 22, 0, 9, 206)
(274, 49, 0, 0, 158)
(28, 189, 176, 0, 153)
(100, 21, 4, 14, 180)
(2, 216, 8, 2, 177)
(91, 17, 9, 7, 226)
(192, 186, 49, 0, 127)
(224, 98, 0, 4, 218)
(264, 215, 8, 4, 165)
(164, 205, 138, 0, 51)
(299, 224, 0, 0, 234)
(255, 200, 1, 2, 176)
(284, 159, 2, 5, 211)
(259, 201, 4, 1, 230)
(150, 138, 149, 0, 255)
(234, 23, 3, 3, 214)
(4, 222, 171, 0, 90)
(243, 144, 0, 0, 67)
(155, 174, 1, 9, 170)
(289, 136, 0, 87, 190)
(296, 102, 2, 3, 160)
(173, 184, 7, 1, 219)
(296, 149, 0, 0, 174)
(299, 195, 32, 2, 163)
(147, 203, 0, 11, 99)
(274, 210, 0, 14, 95)
(64, 159, 4, 1, 99)
(299, 37, 0, 9, 185)
(35, 224, 26, 0, 150)
(299, 12, 0, 94, 250)
(225, 209, 0, 0, 123)
(1, 176, 28, 0, 56)
(205, 121, 0, 6, 170)
(299, 53, 0, 4, 176)
(90, 170, 100, 0, 199)
(272, 133, 26, 0, 238)
(299, 163, 0, 31, 73)
(147, 132, 3, 3, 148)
(59, 224, 183, 0, 255)
(230, 216, 0, 2, 120)
(286, 112, 0, 3, 249)
(50, 224, 74, 0, 143)
(296, 0, 0, 16, 232)
(110, 155, 2, 7, 245)
(251, 180, 48, 0, 11)
(285, 201, 0, 6, 241)
(260, 209, 7, 0, 60)
(188, 223, 0, 0, 204)
(236, 224, 49, 0, 97)
(258, 173, 0, 51, 33)
(263, 224, 8, 0, 151)
(274, 202, 0, 0, 133)
(124, 179, 3, 10, 229)
(116, 179, 0, 0, 203)
(287, 142, 1, 5, 118)
(95, 59, 4, 5, 213)
(105, 80, 2, 21, 208)
(299, 0, 0, 5, 128)
(122, 0, 8, 8, 124)
(161, 194, 123, 0, 184)
(139, 216, 1, 4, 184)
(260, 224, 0, 3, 176)
(290, 224, 14, 0, 171)
(290, 153, 9, 1, 211)
(279, 198, 5, 2, 234)
(286, 146, 0, 5, 106)
(232, 203, 0, 0, 0)
(103, 198, 161, 0, 56)
(223, 32, 7, 9, 198)
(277, 207, 6, 0, 214)
(197, 94, 3, 2, 106)
(290, 162, 3, 3, 205)
(132, 72, 133, 0, 113)
(243, 108, 3, 3, 128)
(255, 194, 0, 35, 98)
(122, 180, 73, 0, 37)
(299, 124, 0, 100, 239)
(299, 169, 0, 41, 213)
(293, 122, 0, 0, 175)
(180, 183, 3, 4, 103)
(299, 26, 0, 25, 43)
(299, 171, 2, 8, 213)
(63, 153, 1, 2, 247)
(247, 115, 37, 0, 77)
(89, 203, 7, 2, 197)
(274, 206, 0, 0, 0)
(299, 182, 0, 0, 30)
(243, 182, 0, 42, 81)
(100, 130, 5, 6, 115)
(274, 15, 3, 7, 186)
(275, 31, 2, 3, 167)
(164, 99, 2, 15, 184)
(255, 25, 26, 0, 142)
(262, 171, 5, 2, 200)
(169, 224, 9, 0, 50)
(298, 208, 0, 0, 242)
(276, 212, 0, 0, 77)
(264, 203, 6, 1, 209)
(46, 158, 8, 6, 152)
(134, 195, 165, 0, 232)
(285, 156, 0, 66, 68)
(160, 124, 2, 18, 112)
(299, 82, 21, 3, 223)
(88, 96, 40, 0, 143)
(214, 29, 0, 24, 67)
(284, 139, 0, 31, 230)
(278, 51, 6, 3, 207)
(198, 197, 4, 4, 169)
(85, 189, 4, 1, 181)
(272, 209, 1, 0, 2)
(283, 132, 13, 0, 245)
(191, 192, 2, 6, 143)
(85, 128, 64, 0, 11)
(250, 81, 0, 4, 67)
(299, 206, 0, 20, 106)
(261, 224, 0, 0, 57)
(233, 224, 59, 0, 175)
(157, 213, 51, 0, 71)
(200, 224, 63, 0, 226)
(299, 139, 0, 7, 138)
(184, 125, 55, 0, 84)
(159, 185, 15, 2, 118)
(203, 161, 57, 0, 255)
(299, 176, 0, 0, 99)
(130, 202, 10, 1, 231)
(91, 207, 16, 0, 247)
(282, 104, 3, 1, 195)
(147, 144, 2, 2, 173)
(266, 214, 3, 3, 157)
(197, 149, 2, 4, 204)
(275, 70, 1, 2, 232)
(272, 100, 0, 6, 202)
(155, 77, 3, 7, 103)
(216, 101, 0, 94, 172)
(141, 86, 4, 5, 103)
(51, 214, 241, 0, 149)
(299, 55, 0, 33, 59)
(187, 196, 39, 0, 68)
(167, 224, 0, 0, 23)
(35, 189, 0, 1, 141)
(268, 151, 2, 4, 226)
(271, 61, 0, 82, 101)
(269, 94, 2, 7, 180)
(278, 50, 16, 0, 216)
(211, 224, 64, 0, 180)
(279, 116, 0, 151, 217)
(185, 224, 67, 0, 60)
(74, 224, 0, 0, 43)
(141, 92, 1, 2, 244)
(143, 210, 55, 0, 79)
(288, 89, 8, 3, 141)
(246, 103, 5, 9, 208)
(281, 214, 16, 0, 244)
(249, 38, 2, 2, 121)
(288, 25, 0, 93, 224)
(248, 164, 0, 36, 154)
(61, 224, 44, 0, 219)
(205, 210, 55, 0, 145)
(161, 224, 0, 0, 137)
(228, 215, 6, 1, 182)
(255, 213, 33, 0, 176)
(299, 8, 0, 53, 68)
(224, 135, 7, 6, 224)
(213, 197, 9, 1, 211)
(83, 177, 32, 1, 188)
(169, 198, 31, 0, 187)
(246, 218, 0, 29, 239)
(168, 77, 5, 5, 149)
(280, 17, 0, 154, 185)
(295, 127, 0, 63, 22)
(188, 207, 0, 17, 101)
(111, 224, 146, 0, 42)
(167, 182, 0, 0, 168)
(255, 6, 0, 50, 154)
(176, 192, 35, 0, 250)
(233, 65, 10, 1, 196)
(57, 195, 94, 0, 182)
(259, 218, 0, 0, 109)
(0, 224, 93, 0, 254)
(298, 16, 0, 61, 221)
(285, 59, 0, 166, 66)
(103, 202, 8, 3, 76)
(272, 198, 5, 1, 173)
(20, 224, 206, 0, 79)
(255, 200, 0, 8, 0)
(0, 126, 0, 11, 54)
(262, 190, 0, 0, 20)
(9, 101, 6, 2, 188)
(56, 219, 17, 1, 175)
(259, 174, 25, 2, 232)
(107, 222, 13, 0, 160)
(213, 56, 2, 0, 71)
(226, 27, 1, 35, 169)
(284, 199, 2, 0, 40)
(299, 169, 0, 15, 213)
(256, 2, 1, 5, 153)
(174, 210, 34, 0, 2)
(165, 212, 52, 0, 77)
(0, 185, 170, 0, 221)
(293, 201, 1, 2, 134)
(43, 97, 2, 8, 210)
(112, 217, 6, 4, 206)
(288, 224, 0, 0, 123)
(299, 224, 0, 7, 240)
(197, 222, 22, 0, 195)
(207, 190, 7, 1, 193)
(0, 224, 247, 0, 126)
(236, 192, 0, 2, 103)
(156, 203, 7, 1, 231)
(153, 151, 72, 0, 0)
(4, 223, 19, 0, 0)
(298, 143, 0, 45, 75)
(264, 179, 3, 2, 238)
(295, 200, 2, 3, 171)
(140, 212, 3, 2, 112)
(0, 169, 0, 2, 140)
(238, 209, 12, 2, 186)
(299, 133, 0, 91, 181)
(217, 224, 4, 1, 169)
(56, 217, 2, 1, 192)
(290, 31, 0, 193, 142)
(147, 207, 13, 0, 213)
(71, 140, 4, 11, 182)
(247, 152, 11, 2, 227)
(62, 15, 0, 186, 70)
(130, 224, 91, 0, 58)
(242, 177, 57, 0, 158)
(160, 187, 3, 1, 177)
(203, 151, 32, 0, 235)
(288, 68, 0, 79, 233)
(265, 26, 5, 5, 216)
(86, 224, 83, 0, 139)
(11, 118, 2, 4, 193)
(244, 187, 17, 0, 37)
(276, 205, 26, 0, 88)
(299, 92, 0, 67, 15)
(61, 190, 4, 2, 227)
(253, 206, 0, 0, 77)
(284, 207, 2, 4, 176)
(47, 146, 167, 0, 25)
(238, 170, 57, 0, 98)
(65, 180, 7, 1, 232)
(147, 180, 14, 0, 116)
(299, 19, 0, 198, 118)
(178, 224, 112, 0, 89)
(254, 223, 3, 1, 114)
(32, 55, 3, 24, 189)
(231, 156, 5, 2, 122)
(99, 224, 0, 0, 252)
(165, 22, 3, 5, 190)
(228, 126, 3, 2, 100)
(74, 184, 66, 0, 218)
(138, 169, 2, 6, 164)
(79, 104, 0, 69, 66)
(284, 18, 0, 91, 161)
(101, 224, 113, 0, 36)
(299, 50, 0, 82, 90)
(183, 102, 4, 3, 130)
(276, 27, 0, 129, 255)
(85, 221, 157, 0, 60)
(230, 224, 0, 0, 224)
(98, 112, 69, 0, 123)
(96, 181, 11, 2, 108)
(276, 40, 0, 23, 255)
(176, 223, 7, 3, 178)
(209, 197, 33, 0, 141)
(276, 123, 0, 0, 126)
(294, 9, 1, 12, 148)
(170, 220, 7, 4, 194)
(299, 212, 0, 0, 242)
(235, 224, 1, 6, 207)
(230, 204, 39, 0, 216)
(275, 159, 0, 0, 138)
(0, 173, 60, 0, 9)
(258, 41, 0, 105, 112)
(225, 177, 0, 15, 220)
(274, 141, 0, 10, 15)
(291, 40, 0, 34, 94)
(180, 78, 2, 1, 98)
(299, 159, 0, 10, 180)
(281, 124, 9, 2, 155)
(291, 124, 7, 5, 219)
(136, 123, 20, 0, 218)
(274, 185, 5, 4, 182)
(30, 223, 87, 0, 150)
(289, 153, 0, 25, 178)
(182, 203, 66, 0, 45)
(299, 194, 0, 0, 44)
(174, 167, 1, 12, 249)
(237, 94, 8, 0, 213)
(215, 132, 0, 12, 0)
(173, 209, 0, 0, 100)
(260, 199, 0, 0, 107)
(133, 213, 2, 4, 198)
(145, 197, 3, 1, 121)
(299, 81, 0, 60, 173)
(253, 219, 2, 0, 204)
(256, 212, 7, 1, 174)
(239, 194, 14, 1, 171)
(295, 70, 0, 0, 52)
(195, 211, 36, 0, 34)
(209, 165, 0, 0, 107)
(10, 20, 0, 37, 62)
(286, 224, 13, 0, 4)
(132, 190, 63, 0, 255)
(236, 181, 0, 18, 69)
(297, 203, 0, 21, 33)
(158, 120, 96, 0, 97)
(121, 221, 3, 3, 187)
(274, 199, 3, 1, 197)
(163, 193, 1, 8, 134)
(71, 224, 70, 0, 49)
(265, 151, 19, 0, 41)
(102, 121, 6, 2, 132)
(299, 61, 0, 120, 185)
(44, 190, 161, 0, 236)
(299, 1, 0, 131, 180)
(97, 162, 7, 8, 117)
(257, 175, 7, 5, 225)
(291, 14, 10, 2, 164)
(242, 56, 3, 4, 235)
(43, 224, 205, 0, 228)
(175, 212, 35, 0, 248)
(83, 143, 4, 2, 238)
(294, 176, 3, 1, 204)
(61, 183, 19, 1, 83)
(148, 124, 0, 0, 108)
(196, 132, 1, 7, 164)
(299, 181, 0, 13, 182)
(0, 218, 0, 0, 106)
(38, 144, 23, 5, 238)
(299, 165, 0, 39, 165)
(299, 32, 3, 3, 144)
(0, 161, 15, 5, 60)
(148, 206, 12, 1, 155)
(18, 133, 79, 0, 162)
(219, 196, 17, 0, 144)
(242, 161, 0, 63, 178)
(271, 196, 19, 0, 7)
(58, 85, 4, 12, 156)
(168, 215, 63, 0, 72)
(136, 224, 65, 0, 72)
(222, 210, 0, 14, 231)
(114, 143, 0, 44, 255)
(163, 180, 113, 0, 147)
(299, 190, 1, 1, 151)
(282, 68, 0, 101, 0)
(297, 8, 2, 4, 184)
(46, 224, 0, 0, 59)
(195, 224, 39, 0, 98)
(66, 210, 5, 0, 221)
(108, 61, 1, 18, 184)
(273, 124, 4, 2, 231)
(278, 224, 15, 0, 115)
(190, 182, 42, 0, 106)
(159, 130, 1, 4, 72)
(251, 176, 0, 0, 143)
(252, 221, 2, 2, 182)
(137, 224, 143, 0, 25)
(188, 145, 4, 1, 194)
(174, 200, 0, 4, 125)
(268, 224, 18, 0, 78)
(108, 182, 4, 4, 152)
(153, 139, 1, 25, 182)
(263, 190, 0, 0, 34)
(255, 202, 9, 0, 59)
(112, 58, 2, 5, 207)
(299, 9, 0, 86, 128)
(252, 224, 27, 0, 87)
(284, 212, 0, 0, 33)
(217, 201, 61, 0, 32)
(129, 79, 0, 96, 228)
(299, 0, 1, 4, 139)
(297, 207, 2, 1, 199)
(83, 216, 216, 0, 15)
(223, 222, 1, 2, 143)
(291, 198, 0, 7, 113)
(203, 165, 11, 0, 0)
(259, 24, 3, 11, 165)
(226, 107, 12, 0, 75)
(37, 187, 7, 0, 41)
(134, 186, 99, 0, 0)
(62, 161, 4, 3, 208)
(164, 2, 101, 0, 130)
(279, 72, 9, 3, 155)
(191, 216, 41, 0, 122)
(57, 221, 20, 2, 160)
(290, 193, 0, 11, 140)
(299, 124, 0, 26, 253)
(97, 154, 14, 2, 239)
(259, 142, 0, 15, 56)
(91, 224, 36, 0, 28)
(282, 74, 2, 2, 209)
(269, 208, 0, 13, 134)
(244, 224, 1, 2, 173)
(299, 218, 0, 0, 144)
(282, 145, 0, 64, 175)
(133, 12, 20, 3, 163)
(172, 191, 0, 31, 22)
(285, 52, 2, 2, 132)
(299, 212, 0, 12, 6)
(121, 224, 170, 0, 145)
(290, 112, 0, 0, 251)
(299, 185, 0, 3, 255)
(280, 108, 0, 72, 71)
(297, 158, 2, 1, 84)
(89, 179, 32, 0, 47)
(129, 202, 105, 0, 0)
(156, 220, 59, 0, 233)
(250, 224, 30, 0, 241)
(208, 193, 2, 3, 218)
(78, 190, 75, 0, 100)
(299, 96, 0, 51, 124)
(113, 223, 186, 0, 109)
(168, 110, 71, 0, 80)
(270, 129, 3, 4, 237)
(276, 100, 0, 54, 177)
(15, 224, 266, 0, 196)
(278, 206, 0, 28, 178)
(299, 183, 0, 0, 199)
(299, 224, 0, 0, 248)
(35, 224, 0, 0, 255)
(289, 180, 0, 0, 183)
(15, 163, 0, 0, 79)
(299, 31, 0, 153, 50)
(299, 0, 0, 4, 254)
(299, 180, 0, 0, 33)
(135, 191, 39, 0, 56)
(99, 197, 7, 3, 219)
(178, 191, 3, 7, 117)
(178, 224, 12, 0, 92)
(244, 30, 0, 24, 215)
(299, 5, 0, 86, 18)
(299, 224, 0, 0, 160)
(298, 178, 0, 26, 34)
(250, 39, 0, 193, 78)
(129, 199, 6, 0, 12)
(281, 93, 0, 66, 253)
(62, 148, 3, 1, 63)
(297, 1, 0, 70, 255)
(293, 222, 5, 0, 58)
(268, 217, 0, 0, 123)
(111, 218, 154, 0, 128)
(52, 7, 163, 0, 154)
(153, 144, 8, 0, 205)
(245, 170, 8, 1, 238)
(159, 217, 71, 0, 35)
(299, 135, 0, 40, 116)
(51, 116, 2, 2, 100)
(298, 133, 0, 71, 12)
(113, 80, 4, 15, 167)
(259, 108, 29, 0, 107)
(186, 136, 99, 0, 137)
(299, 192, 0, 0, 70)
(167, 89, 16, 1, 147)
(260, 20, 2, 5, 225)
(123, 203, 0, 0, 107)
(146, 33, 30, 0, 197)
(67, 141, 116, 0, 50)
(299, 153, 0, 48, 170)
(75, 223, 143, 0, 67)
(299, 188, 0, 0, 126)
(46, 130, 9, 8, 178)
(256, 153, 0, 0, 248)
(269, 214, 0, 0, 206)
(270, 7, 0, 137, 150)
(78, 193, 75, 0, 14)
(283, 2, 4, 7, 151)
(174, 222, 64, 0, 0)
(270, 126, 1, 5, 140)
(77, 224, 60, 0, 5)
(151, 194, 167, 0, 150)
(73, 101, 5, 2, 131)
(297, 44, 0, 67, 28)
(262, 123, 0, 18, 120)
(242, 181, 1, 7, 234)
(299, 48, 0, 34, 108)
(98, 206, 90, 0, 144)
(127, 91, 2, 18, 164)
(123, 158, 5, 6, 63)
(284, 120, 0, 72, 24)
(253, 134, 3, 3, 147)
(119, 223, 70, 0, 187)
(124, 192, 7, 0, 114)
(163, 214, 0, 0, 29)
(266, 68, 0, 0, 66)
(224, 149, 3, 3, 187)
(299, 135, 0, 42, 43)
(93, 165, 8, 1, 154)
(291, 224, 0, 0, 108)
(75, 135, 172, 0, 160)
(299, 64, 0, 128, 118)
(238, 189, 14, 0, 65)
(288, 186, 0, 31, 246)
(158, 205, 45, 0, 85)
(101, 193, 5, 2, 124)
(216, 90, 3, 5, 125)
(54, 224, 164, 0, 138)
(299, 106, 0, 26, 127)
(61, 217, 5, 2, 179)
(245, 224, 9, 0, 135)
(246, 224, 0, 0, 77)
(299, 90, 0, 29, 191)
(284, 117, 6, 0, 0)
(282, 140, 0, 46, 223)
(191, 178, 25, 0, 214)
(167, 28, 0, 36, 35)
(283, 171, 3, 5, 223)
(266, 179, 9, 1, 226)
(268, 18, 31, 0, 162)
(299, 2, 0, 20, 199)
(228, 90, 0, 70, 241)
(253, 24, 0, 14, 147)
(22, 138, 19, 0, 243)
(0, 205, 212, 0, 201)
(289, 52, 0, 90, 164)
(295, 184, 0, 15, 44)
(168, 179, 1, 3, 172)
(8, 217, 267, 0, 155)
(139, 224, 0, 0, 74)
(279, 200, 20, 0, 53)
(299, 97, 0, 0, 213)
(192, 224, 9, 1, 163)
(299, 15, 0, 92, 255)
(290, 180, 7, 2, 201)
(271, 201, 0, 0, 90)
(280, 120, 0, 30, 251)
(129, 71, 4, 4, 117)
(205, 157, 8, 1, 174)
(268, 224, 29, 0, 208)
(261, 81, 0, 81, 172)
(299, 20, 0, 62, 177)
(214, 189, 64, 0, 45)
(134, 224, 41, 0, 171)
(267, 172, 14, 0, 195)
(263, 60, 1, 19, 217)
(299, 18, 0, 140, 15)
(299, 158, 0, 0, 59)
(205, 210, 0, 14, 82)
(190, 193, 1, 5, 106)
(299, 119, 0, 8, 123)
(114, 155, 8, 8, 47)
(299, 224, 0, 0, 0)
(169, 172, 0, 20, 205)
(289, 93, 0, 86, 141)
(163, 176, 0, 0, 218)
(299, 224, 0, 0, 24)
(141, 6, 7, 2, 158)
(295, 208, 2, 1, 192)
(125, 204, 7, 3, 211)
(123, 200, 30, 0, 43)
(266, 174, 0, 10, 98)
(258, 97, 41, 0, 102)
(69, 87, 43, 0, 114)
(154, 80, 1, 15, 97)
(240, 150, 1, 1, 188)
(299, 137, 0, 10, 112)
(15, 153, 168, 0, 47)
(93, 214, 4, 3, 227)
(62, 207, 6, 2, 210)
(8, 198, 0, 12, 128)
(249, 220, 3, 1, 152)
(204, 224, 5, 1, 170)
(288, 215, 0, 20, 27)
(299, 29, 0, 30, 92)
(182, 191, 5, 2, 166)
(299, 146, 0, 18, 248)
(299, 192, 0, 6, 100)
(183, 156, 4, 4, 52)
(61, 224, 238, 0, 13)
(288, 199, 0, 29, 38)
(246, 105, 3, 3, 167)
(299, 2, 0, 91, 185)
(247, 11, 0, 18, 148)
(40, 224, 150, 0, 135)
(238, 181, 1, 1, 198)
(131, 210, 2, 3, 237)
(216, 86, 0, 0, 197)
(271, 82, 0, 13, 127)
(173, 142, 6, 4, 154)
(224, 61, 0, 35, 179)
(192, 191, 20, 0, 194)
(82, 174, 10, 3, 123)
(259, 11, 5, 1, 133)
(10, 215, 152, 0, 94)
(217, 66, 62, 0, 78)
(72, 224, 202, 0, 211)
(285, 135, 7, 1, 190)
(299, 60, 0, 76, 189)
(23, 130, 36, 1, 211)
(138, 57, 2, 3, 228)
(180, 129, 2, 8, 97)
(152, 108, 4, 5, 147)
(237, 122, 1, 5, 137)
(203, 224, 45, 0, 76)
(97, 97, 2, 12, 75)
(284, 53, 2, 1, 124)
(73, 222, 27, 0, 74)
(239, 224, 44, 0, 40)
(133, 105, 2, 10, 165)
(105, 221, 120, 0, 141)
(263, 186, 0, 0, 96)
(43, 145, 19, 1, 197)
(100, 224, 75, 0, 38)
(51, 200, 164, 0, 22)
(53, 218, 92, 0, 45)
(254, 157, 0, 16, 82)
(127, 142, 2, 4, 100)
(280, 62, 0, 47, 35)
(211, 60, 34, 0, 198)
(128, 8, 4, 4, 157)
(282, 127, 0, 84, 21)
(216, 224, 18, 0, 108)
(280, 120, 7, 1, 162)
(233, 88, 0, 34, 255)
(299, 213, 0, 0, 251)
(38, 67, 32, 0, 119)
(107, 208, 2, 5, 243)
(6, 58, 0, 0, 168)
(296, 203, 0, 0, 149)
(147, 182, 42, 0, 255)
(131, 30, 4, 7, 202)
(261, 72, 0, 24, 131)
(25, 25, 4, 10, 142)
(197, 224, 18, 0, 207)
(116, 168, 6, 2, 237)
(114, 204, 8, 0, 255)
(271, 175, 0, 14, 158)
(270, 10, 17, 1, 164)
(240, 135, 0, 13, 31)
(296, 78, 3, 1, 135)
(93, 158, 3, 1, 140)
(226, 207, 20, 0, 56)
(299, 202, 0, 0, 7)
(43, 222, 23, 0, 160)
(150, 224, 45, 0, 182)
(120, 224, 65, 0, 0)
(91, 180, 0, 10, 45)
(276, 185, 0, 0, 22)
(297, 224, 0, 0, 128)
(239, 61, 3, 9, 210)
(274, 198, 0, 14, 73)
(280, 161, 0, 0, 68)
(180, 171, 0, 23, 159)
(160, 221, 30, 0, 91)
(36, 180, 165, 0, 32)
(233, 187, 66, 0, 196)
(75, 194, 120, 0, 84)
(76, 224, 44, 0, 210)
(114, 122, 1, 11, 170)
(175, 150, 2, 10, 244)
(122, 201, 0, 0, 98)
(299, 89, 0, 14, 112)
(238, 95, 3, 5, 235)
(299, 224, 0, 0, 242)
(299, 100, 0, 0, 74)
(79, 64, 8, 1, 235)
(268, 224, 0, 0, 16)
(108, 142, 8, 2, 228)
(299, 140, 0, 20, 219)
(264, 171, 0, 67, 19)
(65, 224, 11, 1, 175)
(116, 177, 2, 8, 127)
(200, 224, 50, 0, 33)
(291, 209, 0, 12, 84)
(165, 153, 9, 4, 161)
(0, 224, 165, 0, 14)
(62, 46, 10, 3, 230)
(89, 129, 81, 0, 174)
(271, 91, 20, 0, 255)
(298, 186, 1, 5, 152)
(299, 133, 0, 15, 255)
(299, 199, 0, 22, 102)
(276, 51, 0, 29, 183)
(207, 207, 0, 0, 55)
(161, 21, 0, 0, 68)
(205, 165, 0, 0, 81)
(50, 224, 207, 0, 138)
(217, 163, 9, 3, 167)
(100, 180, 9, 1, 183)
(217, 220, 32, 0, 115)
(243, 184, 1, 3, 215)
(121, 97, 6, 3, 85)
(278, 124, 0, 0, 231)
(299, 150, 0, 19, 198)
(272, 66, 0, 43, 84)
(299, 195, 0, 24, 171)
(48, 198, 191, 0, 110)
(80, 123, 4, 11, 250)
(299, 140, 0, 18, 0)
(208, 224, 47, 0, 76)
(225, 59, 1, 6, 183)
(43, 190, 125, 0, 244)
(258, 206, 0, 18, 106)
(299, 123, 0, 39, 84)
(299, 109, 0, 7, 180)
(174, 214, 0, 0, 255)
(266, 224, 21, 0, 91)
(288, 72, 2, 3, 214)
(66, 90, 0, 0, 18)
(230, 223, 0, 0, 93)
(183, 214, 25, 0, 175)
(101, 196, 60, 0, 22)
(291, 22, 2, 3, 173)
(41, 224, 294, 0, 126)
(233, 11, 2, 4, 208)
(297, 182, 0, 9, 159)
(265, 213, 7, 0, 217)
(254, 57, 0, 5, 136)
(259, 220, 68, 0, 16)
(259, 206, 1, 2, 155)
(280, 79, 1, 7, 221)
(173, 199, 21, 0, 97)
(299, 24, 0, 14, 80)
(299, 101, 0, 40, 12)
(293, 18, 0, 1, 74)
(299, 152, 0, 72, 4)
(234, 102, 4, 2, 223)
(296, 146, 0, 69, 63)
(237, 224, 32, 0, 73)
(240, 114, 4, 2, 217)
(236, 198, 3, 4, 193)
(299, 224, 0, 0, 141)
(285, 186, 6, 1, 173)
(87, 200, 50, 0, 232)
(263, 216, 4, 2, 179)
(299, 63, 0, 35, 88)
(252, 19, 1, 5, 209)
(10, 157, 236, 0, 90)
(299, 186, 0, 20, 197)
(166, 207, 22, 0, 191)
(57, 210, 134, 0, 174)
(269, 200, 13, 1, 194)
(26, 212, 11, 0, 61)
(110, 189, 78, 0, 125)
(96, 27, 52, 0, 31)
(262, 16, 0, 95, 189)
(202, 224, 0, 0, 255)
(299, 176, 0, 28, 136)
(299, 147, 0, 7, 15)
(169, 19, 4, 13, 232)
(91, 108, 0, 73, 226)
(168, 185, 5, 2, 147)
(299, 23, 0, 160, 3)
(287, 218, 12, 1, 113)
(262, 7, 3, 2, 192)
(299, 201, 0, 6, 102)
(89, 22, 0, 70, 100)
(51, 157, 1, 14, 92)
(163, 218, 38, 0, 255)
(191, 224, 3, 0, 84)
(29, 215, 95, 0, 197)
(213, 59, 2, 5, 243)
(86, 224, 91, 0, 171)
(94, 47, 2, 2, 55)
(213, 224, 0, 0, 226)
(196, 224, 0, 0, 203)
(291, 120, 0, 60, 54)
(236, 203, 26, 0, 101)
(299, 64, 0, 0, 144)
(299, 208, 0, 0, 23)
(299, 214, 0, 0, 231)
(22, 64, 2, 18, 165)
(193, 218, 37, 0, 181)
(0, 139, 5, 3, 144)
(148, 224, 0, 0, 88)
(138, 224, 62, 0, 210)
(64, 196, 0, 0, 51)
(172, 197, 120, 0, 155)
(289, 160, 2, 1, 149)
(275, 202, 0, 11, 96)
(252, 6, 0, 119, 25)
(192, 224, 31, 0, 44)
(87, 177, 0, 14, 168)
(182, 187, 1, 7, 196)
(286, 184, 0, 0, 221)
(130, 202, 0, 0, 170)
(169, 167, 0, 40, 55)
(89, 213, 27, 0, 225)
(260, 139, 16, 0, 8)
(49, 223, 3, 1, 201)
(237, 135, 1, 7, 168)
(240, 41, 2, 11, 174)
(251, 31, 0, 7, 224)
(299, 58, 0, 97, 183)
(286, 224, 0, 0, 220)
(223, 187, 0, 0, 224)
(227, 21, 0, 154, 155)
(272, 89, 0, 59, 83)
(283, 153, 13, 0, 37)
(260, 53, 3, 4, 227)
(293, 215, 2, 2, 154)
(228, 184, 8, 5, 220)
(203, 198, 1, 1, 243)
(290, 187, 1, 1, 171)
(267, 214, 23, 0, 34)
(199, 178, 0, 16, 225)
(53, 160, 18, 1, 206)
(289, 166, 0, 39, 72)
(123, 184, 22, 0, 240)
(0, 141, 1, 2, 68)
(0, 196, 201, 0, 151)
(0, 200, 152, 0, 104)
(289, 78, 4, 1, 197)
(42, 224, 211, 0, 63)
(249, 192, 0, 0, 0)
(197, 177, 27, 0, 171)
(105, 198, 3, 2, 208)
(223, 215, 16, 0, 83)
(299, 199, 0, 25, 250)
(97, 173, 105, 0, 255)
(266, 7, 3, 1, 170)
(215, 152, 4, 1, 220)
(67, 130, 71, 0, 3)
(299, 127, 0, 66, 203)
(210, 22, 0, 153, 193)
(13, 166, 66, 0, 95)
(299, 206, 0, 0, 64)
(61, 190, 32, 0, 24)
(299, 203, 0, 0, 209)
(251, 217, 1, 2, 188)
(230, 158, 18, 1, 207)
(235, 124, 0, 108, 243)
(20, 224, 232, 0, 232)
(195, 163, 4, 2, 227)
(264, 125, 0, 36, 0)
(239, 66, 0, 66, 227)
(132, 188, 3, 1, 164)
(189, 108, 12, 1, 103)
(43, 15, 108, 0, 83)
(247, 193, 0, 0, 251)
(299, 27, 0, 102, 7)
(288, 160, 1, 1, 143)
(246, 186, 5, 1, 188)
(198, 224, 104, 0, 189)
(275, 208, 0, 0, 105)
(236, 172, 1, 2, 221)
(289, 209, 0, 0, 141)
(15, 105, 5, 9, 76)
(293, 119, 0, 104, 46)
(89, 202, 3, 2, 149)
(229, 94, 2, 3, 137)
(297, 190, 0, 0, 245)
(299, 169, 0, 25, 160)
(202, 6, 19, 0, 155)
(22, 198, 0, 15, 225)
(265, 224, 0, 0, 183)
(201, 39, 0, 19, 114)
(219, 224, 95, 0, 1)
(207, 173, 0, 0, 206)
(240, 224, 51, 0, 0)
(103, 156, 8, 6, 244)
(25, 0, 10, 3, 189)
(69, 88, 0, 107, 240)
(234, 205, 67, 0, 175)
(193, 216, 27, 0, 3)
(13, 80, 4, 8, 76)
(296, 105, 3, 2, 220)
(93, 224, 35, 0, 174)
(291, 178, 0, 24, 161)
(273, 204, 8, 0, 245)
(181, 181, 23, 0, 159)
(162, 224, 42, 0, 133)
(299, 54, 6, 3, 152)
(280, 117, 7, 1, 224)
(288, 206, 0, 0, 231)
(154, 199, 48, 0, 87)
(77, 118, 6, 1, 215)
(260, 180, 1, 8, 210)
(287, 221, 1, 3, 136)
(38, 186, 83, 0, 190)
(231, 105, 7, 4, 183)
(31, 222, 174, 0, 39)
(38, 222, 13, 0, 100)
(286, 119, 0, 36, 143)
(193, 224, 0, 0, 64)
(114, 15, 0, 37, 230)
(299, 220, 0, 27, 121)
(213, 191, 0, 21, 0)
(285, 169, 15, 1, 236)
(0, 214, 207, 0, 247)
(294, 159, 0, 65, 191)
(146, 190, 0, 35, 190)
(81, 123, 65, 1, 202)
(264, 76, 5, 2, 171)
(293, 177, 0, 25, 254)
(269, 126, 0, 0, 124)
(262, 150, 6, 3, 202)
(299, 224, 0, 0, 90)
(0, 196, 171, 0, 12)
(15, 196, 0, 20, 76)
(296, 197, 3, 2, 172)
(297, 124, 0, 41, 56)
(155, 47, 3, 0, 203)
(231, 42, 2, 4, 113)
(278, 71, 0, 153, 82)
(108, 174, 1, 0, 106)
(299, 213, 0, 17, 130)
(271, 202, 2, 7, 172)
(299, 154, 0, 44, 119)
(175, 179, 1, 2, 242)
(64, 176, 17, 0, 117)
(188, 212, 30, 0, 235)
(190, 161, 3, 2, 139)
(204, 98, 2, 5, 233)
(196, 204, 42, 0, 255)
(295, 175, 0, 0, 131)
(206, 43, 93, 0, 251)
(101, 156, 0, 0, 83)
(234, 58, 2, 7, 162)
(299, 79, 0, 28, 113)
(19, 207, 211, 0, 168)
(299, 137, 0, 9, 227)
(86, 224, 84, 0, 94)
(126, 224, 4, 0, 12)
(38, 54, 14, 1, 90)
(299, 205, 0, 17, 23)
(240, 170, 0, 18, 61)
(172, 52, 0, 73, 113)
(237, 28, 0, 21, 138)
(278, 124, 4, 1, 130)
(0, 213, 28, 0, 202)
(299, 185, 0, 0, 147)
(84, 224, 3, 0, 178)
(228, 187, 0, 27, 104)
(299, 2, 0, 24, 11)
(252, 6, 0, 74, 51)
(265, 157, 11, 0, 28)
(96, 219, 7, 2, 193)
(299, 156, 0, 87, 193)
(56, 219, 121, 0, 131)
(236, 77, 2, 15, 201)
(299, 19, 0, 133, 105)
(226, 206, 20, 0, 167)
(170, 76, 46, 1, 128)
(219, 205, 10, 2, 211)
(166, 218, 2, 1, 164)
(275, 192, 0, 8, 143)
(260, 45, 0, 194, 0)
(120, 174, 2, 6, 72)
(162, 146, 1, 5, 207)
(299, 121, 0, 29, 250)
(247, 27, 0, 73, 117)
(284, 224, 0, 13, 237)
(163, 205, 3, 1, 218)
(299, 91, 0, 119, 75)
(96, 208, 203, 0, 227)
(142, 224, 43, 0, 193)
(104, 204, 195, 0, 188)
(143, 168, 0, 0, 139)
(252, 208, 21, 0, 150)
(202, 189, 0, 0, 237)
(125, 195, 114, 0, 145)
(274, 198, 0, 14, 93)
(219, 197, 2, 1, 218)
(126, 224, 0, 0, 209)
(278, 212, 0, 0, 38)
(271, 149, 12, 0, 28)
(81, 165, 0, 39, 101)
(171, 220, 0, 0, 57)
(262, 166, 10, 0, 32)
(261, 172, 3, 4, 229)
(268, 0, 0, 103, 99)
(171, 224, 31, 0, 16)
(19, 69, 183, 0, 190)
(206, 90, 5, 4, 126)
(148, 38, 31, 0, 71)
(25, 125, 5, 6, 183)
(46, 205, 126, 0, 71)
(299, 96, 0, 0, 143)
(178, 160, 116, 0, 164)
(10, 224, 1, 0, 139)
(288, 34, 0, 62, 91)
(238, 200, 24, 0, 44)
(299, 224, 4, 0, 104)
(182, 224, 0, 0, 134)
(171, 37, 1, 4, 134)
(220, 188, 14, 3, 223)
(12, 167, 135, 0, 82)
(299, 107, 0, 108, 154)
(246, 182, 0, 5, 41)
(158, 63, 10, 4, 187)
(282, 224, 0, 0, 40)
(139, 198, 82, 0, 255)
(260, 142, 4, 2, 249)
(240, 126, 26, 0, 207)
(81, 216, 21, 0, 73)
(226, 95, 3, 2, 218)
(159, 186, 91, 0, 49)
(268, 224, 21, 0, 136)
(290, 219, 2, 4, 121)
(78, 224, 211, 0, 94)
(198, 165, 44, 0, 220)
(94, 49, 82, 0, 163)
(299, 0, 0, 0, 116)
(263, 82, 0, 7, 151)
(299, 8, 0, 173, 33)
(299, 86, 0, 71, 107)
(133, 224, 127, 0, 149)
(51, 209, 4, 0, 38)
(0, 221, 3, 2, 223)
(234, 85, 3, 16, 199)
(295, 76, 2, 2, 143)
(229, 104, 0, 44, 8)
(217, 73, 5, 6, 214)
(286, 205, 8, 0, 171)
(100, 174, 5, 2, 203)
(189, 176, 0, 20, 151)
(67, 188, 85, 0, 100)
(66, 216, 8, 0, 31)
(270, 214, 0, 9, 39)
(27, 174, 0, 0, 79)
(299, 44, 0, 65, 62)
(203, 176, 96, 0, 214)
(292, 67, 0, 3, 233)
(299, 91, 0, 57, 62)
(2, 54, 2, 6, 174)
(68, 211, 231, 0, 56)
(9, 224, 227, 0, 105)
(287, 224, 12, 0, 230)
(101, 224, 151, 0, 255)
(281, 19, 6, 1, 184)
(299, 153, 0, 14, 71)
(277, 32, 0, 25, 136)
(278, 149, 0, 71, 255)
(142, 224, 25, 0, 97)
(284, 136, 0, 39, 3)
(34, 31, 1, 6, 143)
(97, 199, 84, 0, 249)
(299, 156, 0, 13, 40)
(111, 16, 1, 14, 209)
(98, 4, 22, 2, 215)
(13, 40, 6, 4, 168)
(281, 115, 0, 0, 58)
(268, 38, 5, 2, 194)
(158, 190, 2, 6, 89)
(33, 218, 5, 6, 187)
(294, 57, 0, 45, 162)
(198, 153, 25, 0, 146)
(138, 215, 2, 2, 126)
(211, 65, 1, 7, 219)
(181, 224, 96, 0, 232)
(290, 100, 3, 2, 174)
(77, 89, 2, 3, 176)
(283, 180, 0, 36, 96)
(26, 94, 4, 4, 184)
(299, 104, 0, 60, 47)
(201, 173, 44, 0, 89)
(250, 131, 0, 2, 113)
(262, 58, 0, 28, 11)
(128, 116, 18, 1, 201)
(171, 77, 20, 5, 118)
(199, 223, 21, 0, 79)
(270, 163, 0, 0, 116)
(75, 202, 6, 3, 188)
(100, 218, 154, 0, 137)
(58, 201, 5, 5, 237)
(160, 224, 94, 0, 103)
(5, 221, 205, 0, 37)
(247, 140, 0, 27, 73)
(181, 175, 8, 3, 241)
(247, 187, 13, 0, 22)
(156, 69, 1, 6, 168)
(99, 194, 2, 2, 164)
(254, 185, 2, 1, 213)
(117, 212, 120, 0, 53)
(130, 224, 33, 0, 43)
(161, 224, 71, 0, 110)
(299, 114, 0, 0, 201)
(243, 0, 0, 123, 255)
(292, 91, 0, 7, 192)
(298, 41, 0, 164, 218)
(269, 224, 10, 0, 176)
(211, 224, 0, 0, 97)
(299, 139, 6, 0, 0)
(239, 210, 0, 0, 27)
(171, 16, 0, 73, 164)
(11, 224, 218, 0, 84)
(0, 165, 179, 0, 34)
(259, 221, 19, 0, 203)
(108, 189, 1, 2, 243)
(206, 154, 15, 0, 204)
(68, 52, 218, 0, 152)
(249, 216, 16, 0, 44)
(291, 17, 0, 58, 211)
(232, 0, 41, 0, 169)
(298, 176, 43, 0, 238)
(264, 178, 0, 6, 226)
(208, 19, 78, 0, 57)
(64, 224, 19, 0, 69)
(160, 181, 5, 5, 91)
(276, 0, 0, 32, 59)
(265, 208, 28, 0, 0)
(155, 202, 2, 6, 214)
(102, 219, 112, 0, 128)
(94, 198, 2, 2, 141)
(299, 224, 0, 3, 248)
(98, 154, 2, 4, 180)
(30, 224, 148, 0, 150)
(256, 53, 0, 171, 123)
(299, 92, 0, 118, 188)
(299, 60, 0, 123, 18)
(208, 194, 46, 0, 31)
(259, 224, 11, 0, 170)
(103, 162, 104, 0, 20)
(146, 224, 4, 3, 222)
(269, 58, 0, 95, 6)
(169, 0, 0, 18, 108)
(263, 210, 0, 8, 97)
(296, 171, 3, 2, 209)
(40, 153, 12, 4, 203)
(153, 38, 4, 6, 164)
(299, 150, 0, 70, 0)
(219, 182, 46, 0, 122)
(253, 52, 3, 16, 192)
(151, 173, 115, 0, 113)
(228, 224, 71, 0, 208)
(268, 224, 0, 0, 143)
(140, 224, 16, 0, 108)
(0, 224, 192, 0, 75)
(299, 115, 0, 109, 41)
(240, 116, 0, 42, 98)
(120, 54, 37, 0, 99)
(217, 158, 55, 0, 163)
(260, 210, 6, 1, 177)
(268, 68, 0, 0, 219)
(248, 148, 0, 0, 115)
(203, 128, 2, 5, 134)
(276, 114, 0, 84, 43)
(165, 194, 2, 3, 229)
(15, 223, 2, 1, 181)
(170, 149, 115, 0, 44)
(299, 198, 0, 0, 0)
(185, 212, 0, 12, 185)
(174, 224, 2, 0, 4)
(139, 162, 2, 7, 88)
(272, 98, 2, 5, 214)
(283, 36, 4, 0, 255)
(10, 224, 8, 0, 130)
(253, 7, 0, 71, 115)
(205, 224, 39, 0, 208)
(80, 206, 0, 0, 145)
(237, 15, 2, 11, 155)
(275, 118, 0, 56, 6)
(97, 202, 90, 0, 0)
(266, 224, 27, 0, 128)
(118, 224, 145, 0, 104)
(264, 224, 2, 3, 118)
(161, 142, 7, 3, 87)
(122, 185, 1, 1, 176)
(226, 203, 23, 0, 138)
(271, 0, 0, 164, 99)
(250, 188, 1, 4, 208)
(299, 80, 0, 84, 5)
(150, 39, 44, 0, 58)
(277, 87, 5, 2, 144)
(263, 181, 0, 43, 4)
(299, 224, 0, 0, 87)
(164, 219, 0, 6, 255)
(226, 130, 73, 0, 186)
(282, 155, 0, 26, 21)
(181, 184, 22, 0, 56)
(293, 224, 0, 9, 191)
(267, 32, 4, 5, 229)
(159, 185, 0, 7, 53)
(184, 216, 8, 3, 191)
(299, 137, 0, 96, 63)
(143, 168, 48, 0, 225)
(294, 206, 0, 16, 94)
(90, 212, 45, 0, 105)
(230, 171, 33, 0, 222)
(0, 148, 6, 0, 64)
(264, 205, 0, 0, 27)
(32, 121, 3, 6, 204)
(82, 210, 75, 0, 134)
(205, 224, 73, 0, 234)
(267, 222, 5, 2, 146)
(299, 91, 0, 31, 125)
(299, 93, 2, 1, 207)
(261, 112, 28, 0, 114)
(108, 89, 6, 3, 174)
(273, 195, 5, 1, 162)
(154, 220, 79, 0, 196)
(265, 21, 0, 67, 99)
(113, 200, 173, 0, 102)
(180, 92, 8, 6, 121)
(273, 209, 8, 0, 19)
(284, 205, 0, 0, 18)
(233, 137, 0, 24, 21)
(299, 93, 0, 71, 4)
(262, 151, 3, 4, 180)
(146, 151, 4, 8, 231)
(1, 191, 162, 0, 121)
(150, 177, 6, 2, 229)
(292, 210, 1, 4, 176)
(263, 208, 0, 16, 177)
(166, 188, 3, 1, 154)
(274, 110, 0, 112, 246)
(64, 118, 13, 0, 155)
(44, 223, 119, 0, 144)
(279, 151, 0, 41, 43)
(248, 220, 51, 0, 129)
(299, 212, 0, 6, 177)
(177, 107, 0, 61, 56)
(298, 224, 1, 7, 97)
(263, 131, 0, 23, 102)
(0, 101, 2, 12, 90)
(298, 202, 0, 22, 196)
(96, 224, 4, 0, 42)
(278, 139, 2, 3, 175)
(84, 224, 215, 0, 216)
(0, 224, 21, 0, 105)
(299, 20, 0, 184, 184)
(188, 193, 58, 0, 57)
(234, 141, 2, 3, 250)
(299, 191, 0, 33, 198)
(121, 224, 130, 0, 171)
(224, 73, 0, 144, 247)
(289, 203, 7, 1, 198)
(243, 64, 4, 2, 146)
(261, 98, 15, 0, 219)
(289, 146, 0, 0, 118)
(105, 37, 1, 23, 76)
(299, 153, 0, 0, 245)
(65, 218, 33, 0, 173)
(122, 23, 0, 55, 198)
(166, 19, 0, 47, 13)
(22, 40, 0, 160, 150)
(32, 224, 267, 0, 82)
(115, 65, 0, 64, 0)
(299, 224, 0, 0, 61)
(273, 161, 0, 71, 106)
(299, 16, 0, 57, 28)
(278, 224, 0, 0, 234)
(74, 220, 7, 2, 155)
(254, 141, 0, 78, 74)
(198, 185, 4, 0, 15)
(239, 179, 0, 0, 168)
(271, 118, 0, 0, 168)
(46, 184, 68, 0, 122)
(299, 127, 0, 17, 195)
(78, 199, 139, 0, 61)
(0, 224, 102, 0, 46)
(290, 224, 1, 3, 130)
(162, 98, 2, 15, 116)
(261, 224, 38, 0, 179)
(248, 14, 2, 9, 191)
(292, 130, 3, 1, 231)
(91, 219, 12, 0, 117)
(159, 222, 18, 0, 48)
(98, 224, 2, 0, 190)
(71, 224, 121, 0, 35)
(171, 189, 0, 0, 112)
(177, 106, 3, 21, 161)
(45, 188, 144, 0, 168)
(169, 213, 7, 0, 7)
(84, 206, 22, 0, 211)
(271, 154, 0, 41, 39)
(277, 51, 0, 68, 137)
(136, 61, 2, 14, 186)
(72, 187, 11, 1, 116)
(243, 192, 1, 7, 174)
(284, 141, 0, 6, 210)
(242, 222, 57, 0, 255)
(299, 199, 0, 0, 68)
(279, 209, 0, 0, 197)
(290, 162, 9, 2, 206)
(254, 0, 2, 4, 148)
(299, 57, 0, 94, 46)
(98, 81, 7, 3, 150)
(272, 198, 26, 0, 48)
(80, 216, 73, 0, 157)
(236, 134, 17, 1, 224)
(46, 204, 101, 0, 125)
(299, 174, 0, 25, 253)
(291, 107, 8, 2, 178)
(299, 162, 0, 11, 67)
(263, 54, 9, 0, 21)
(20, 209, 45, 0, 152)
(299, 224, 0, 19, 186)
(93, 217, 2, 7, 183)
(144, 200, 10, 4, 113)
(33, 179, 1, 2, 202)
(251, 188, 7, 0, 118)
(275, 111, 0, 35, 108)
(299, 224, 0, 0, 161)
(152, 224, 108, 0, 138)
(142, 224, 66, 0, 34)
(299, 142, 0, 19, 128)
(280, 91, 2, 15, 165)
(61, 224, 0, 0, 142)
(295, 6, 2, 9, 183)
(252, 171, 3, 1, 159)
(142, 211, 4, 1, 165)
(0, 224, 7, 0, 53)
(299, 33, 0, 3, 111)
(252, 222, 22, 0, 72)
(290, 224, 0, 0, 156)
(299, 221, 0, 0, 90)
(295, 145, 3, 1, 128)
(98, 203, 105, 0, 61)
(246, 205, 0, 12, 54)
(271, 12, 0, 32, 83)
(287, 213, 0, 11, 26)
(278, 213, 8, 0, 238)
(299, 5, 0, 149, 43)
(299, 100, 0, 63, 60)
(257, 124, 2, 10, 202)
(16, 192, 47, 1, 222)
(91, 178, 17, 2, 237)
(296, 208, 0, 0, 92)
(194, 148, 79, 0, 143)
(29, 196, 16, 3, 213)
(292, 75, 1, 2, 206)
(276, 221, 1, 1, 137)
(68, 198, 3, 6, 217)
(86, 76, 85, 0, 131)
(0, 164, 12, 0, 136)
(270, 162, 0, 0, 0)
(299, 44, 0, 180, 202)
(254, 224, 1, 0, 209)
(77, 180, 203, 0, 255)
(228, 224, 40, 0, 189)
(66, 180, 46, 0, 184)
(262, 195, 19, 0, 166)
(250, 130, 4, 3, 236)
(299, 130, 0, 9, 66)
(221, 100, 3, 12, 129)
(207, 124, 0, 38, 137)
(283, 175, 0, 47, 91)
(116, 167, 1, 2, 172)
(299, 83, 0, 129, 187)
(141, 212, 21, 0, 238)
(299, 37, 0, 154, 81)
(107, 196, 4, 3, 186)
(278, 150, 2, 1, 113)
(67, 212, 75, 0, 162)
(55, 224, 59, 0, 106)
(266, 13, 0, 53, 170)
(77, 175, 0, 42, 86)
(71, 208, 10, 2, 230)
(299, 52, 0, 0, 0)
(282, 189, 0, 0, 228)
(251, 208, 48, 0, 96)
(149, 100, 3, 3, 145)
(37, 189, 118, 0, 45)
(274, 113, 0, 0, 38)
(231, 124, 0, 0, 149)
(132, 53, 2, 4, 232)
(138, 218, 14, 0, 40)
(267, 224, 9, 0, 156)
(295, 64, 4, 0, 158)
(299, 137, 0, 10, 86)
(152, 174, 0, 5, 44)
(245, 95, 0, 0, 243)
(290, 0, 0, 62, 208)
(91, 217, 74, 0, 210)
(17, 160, 212, 0, 122)
(296, 203, 3, 0, 156)
(279, 224, 35, 0, 3)
(259, 143, 0, 0, 203)
(18, 224, 65, 0, 52)
(137, 97, 3, 16, 119)
(276, 66, 0, 105, 163)
(299, 28, 0, 0, 219)
(286, 224, 1, 1, 173)
(145, 224, 124, 0, 125)
(259, 194, 15, 1, 190)
(176, 224, 7, 0, 33)
(149, 6, 1, 20, 212)
(268, 136, 0, 42, 214)
(102, 224, 78, 0, 26)
(192, 196, 1, 2, 183)
(299, 20, 0, 98, 42)
(299, 191, 0, 31, 148)
(299, 201, 0, 18, 241)
(34, 217, 109, 0, 135)
(60, 224, 188, 0, 118)
(211, 92, 3, 6, 176)
(70, 211, 16, 0, 177)
(4, 224, 142, 0, 254)
(248, 30, 0, 15, 170)
(239, 224, 33, 0, 152)
(276, 112, 0, 106, 0)
(241, 0, 2, 15, 232)
(113, 202, 52, 0, 57)
(233, 90, 0, 7, 122)
(187, 131, 0, 56, 233)
(151, 152, 1, 2, 112)
(299, 188, 0, 7, 236)
(273, 216, 0, 6, 8)
(263, 217, 57, 0, 120)
(295, 15, 3, 4, 147)
(80, 57, 5, 4, 139)
(299, 205, 0, 19, 143)
(48, 56, 9, 6, 193)
(170, 224, 23, 0, 123)
(299, 157, 39, 4, 131)
(280, 152, 0, 59, 53)
(255, 222, 2, 1, 154)
(192, 217, 0, 0, 115)
(275, 224, 7, 0, 130)
(106, 193, 0, 9, 139)
(59, 222, 226, 0, 116)
(22, 224, 33, 0, 236)
(0, 224, 33, 0, 84)
(131, 224, 38, 0, 58)
(40, 224, 227, 0, 167)
(132, 219, 0, 0, 20)
(226, 224, 33, 0, 91)
(298, 48, 1, 5, 170)
(276, 209, 0, 9, 10)
(58, 196, 118, 0, 200)
(195, 224, 104, 0, 211)
(110, 224, 174, 0, 166)
(231, 135, 0, 0, 165)
(229, 205, 14, 0, 7)
(274, 68, 0, 13, 188)
(277, 23, 0, 135, 0)
(282, 125, 1, 3, 176)
(267, 158, 0, 4, 63)
(222, 217, 2, 0, 110)
(78, 136, 2, 7, 130)
(12, 58, 140, 0, 8)
(42, 222, 148, 0, 101)
(222, 16, 0, 109, 211)
(73, 70, 16, 3, 173)
(262, 188, 0, 0, 191)
(140, 224, 133, 0, 33)
(47, 196, 124, 0, 122)
(299, 224, 0, 0, 140)
(275, 0, 0, 99, 147)
(138, 212, 3, 1, 225)
(240, 132, 8, 1, 253)
(274, 205, 0, 26, 214)
(177, 164, 1, 5, 155)
(109, 191, 0, 1, 255)
(5, 222, 5, 1, 160)
(148, 224, 59, 0, 255)
(262, 6, 0, 146, 137)
(184, 211, 73, 0, 87)
(220, 173, 20, 0, 126)
(299, 192, 0, 9, 148)
(299, 0, 0, 69, 113)
(299, 53, 0, 54, 102)
(284, 116, 15, 1, 220)
(172, 213, 25, 0, 120)
(250, 6, 0, 33, 1)
(253, 20, 1, 7, 228)
(257, 203, 0, 4, 15)
(98, 130, 0, 45, 10)
(121, 203, 123, 0, 147)
(173, 202, 7, 0, 80)
(260, 86, 0, 155, 163)
(260, 62, 3, 1, 165)
(286, 35, 0, 138, 17)
(249, 224, 43, 0, 0)
(261, 114, 18, 0, 122)
(165, 211, 44, 0, 0)
(159, 204, 6, 1, 237)
(299, 147, 0, 0, 191)
(202, 199, 12, 1, 236)
(277, 23, 0, 57, 137)
(267, 224, 18, 0, 33)
(299, 12, 0, 212, 116)
(297, 65, 3, 2, 175)
(227, 201, 0, 16, 154)
(210, 118, 4, 4, 191)
(299, 224, 17, 0, 255)
(297, 34, 0, 31, 104)
(299, 156, 0, 5, 89)
(28, 212, 73, 0, 0)
(216, 123, 0, 5, 88)
(77, 20, 4, 5, 140)
(192, 99, 5, 3, 173)
(218, 47, 3, 4, 116)
(50, 198, 25, 0, 0)
(295, 57, 1, 6, 190)
(102, 27, 8, 7, 186)
(127, 211, 3, 4, 190)
(299, 206, 0, 0, 0)
(0, 192, 7, 1, 189)
(103, 212, 3, 3, 234)
(122, 143, 0, 0, 76)
(248, 223, 10, 0, 217)
(235, 174, 0, 0, 27)
(133, 224, 138, 0, 166)
(299, 211, 0, 4, 83)
(272, 211, 10, 0, 163)
(155, 187, 4, 2, 205)
(299, 203, 0, 3, 53)
(19, 223, 3, 1, 230)
(119, 150, 4, 2, 215)
(291, 209, 0, 0, 63)
(73, 224, 140, 0, 148)
(0, 61, 0, 18, 93)
(282, 203, 0, 13, 226)
(173, 202, 0, 0, 230)
(173, 179, 1, 1, 205)
(116, 31, 0, 33, 57)
(206, 153, 48, 0, 170)
(252, 42, 2, 5, 149)
(217, 211, 20, 0, 53)
(14, 204, 12, 4, 191)
(77, 205, 54, 0, 231)
(81, 224, 171, 0, 226)
(136, 200, 3, 6, 234)
(260, 191, 0, 9, 53)
(156, 0, 0, 0, 89)
(26, 180, 4, 4, 162)
(253, 196, 0, 22, 255)
(175, 131, 9, 1, 126)
(203, 209, 3, 1, 234)
(173, 207, 0, 0, 215)
(299, 55, 0, 23, 226)
(198, 162, 3, 1, 164)
(137, 181, 0, 10, 176)
(299, 133, 0, 40, 43)
(147, 198, 16, 0, 12)
(53, 160, 156, 0, 196)
(250, 147, 5, 1, 141)
(198, 224, 101, 0, 238)
(224, 186, 0, 1, 38)
(226, 90, 2, 3, 124)
(39, 155, 1, 6, 130)
(299, 184, 0, 2, 142)
(0, 189, 17, 1, 100)
(146, 217, 93, 0, 2)
(221, 212, 0, 21, 108)
(245, 71, 0, 65, 7)
(157, 218, 32, 0, 178)
(32, 90, 85, 0, 140)
(291, 215, 2, 3, 140)
(262, 205, 0, 6, 85)
(108, 219, 5, 3, 210)
(263, 223, 1, 1, 123)
(267, 119, 1, 0, 255)
(220, 143, 0, 65, 105)
(71, 87, 16, 0, 27)
(291, 132, 0, 57, 180)
(299, 150, 0, 17, 123)
(217, 139, 0, 0, 29)
(139, 27, 0, 56, 58)
(268, 123, 0, 0, 53)
(28, 205, 85, 0, 78)
(287, 222, 0, 0, 147)
(258, 224, 40, 0, 123)
(255, 124, 0, 0, 250)
(264, 159, 0, 68, 54)
(201, 216, 43, 0, 15)
(148, 171, 1, 14, 73)
(242, 112, 7, 2, 189)
(74, 89, 2, 11, 134)
(8, 219, 1, 3, 213)
(101, 72, 1, 15, 210)
(26, 178, 83, 0, 181)
(299, 22, 0, 133, 96)
(175, 203, 3, 4, 184)
(202, 119, 0, 0, 173)
(225, 144, 0, 51, 116)
(282, 181, 7, 1, 208)
(55, 139, 5, 2, 129)
(191, 90, 0, 35, 71)
(233, 152, 4, 2, 188)
(222, 180, 36, 0, 59)
(7, 48, 8, 3, 62)
(153, 213, 30, 0, 11)
(129, 67, 43, 0, 182)
(86, 212, 12, 2, 215)
(297, 68, 0, 57, 135)
(241, 168, 2, 0, 138)
(100, 154, 0, 35, 155)
(43, 52, 5, 11, 110)
(57, 180, 5, 8, 119)
(141, 203, 22, 0, 197)
(288, 211, 2, 0, 195)
(230, 212, 20, 0, 198)
(299, 75, 0, 13, 203)
(0, 224, 145, 0, 105)
(233, 49, 1, 2, 126)
(299, 219, 0, 3, 0)
(238, 152, 1, 2, 172)
(212, 200, 92, 0, 49)
(90, 180, 0, 11, 31)
(299, 203, 0, 15, 73)
(259, 138, 3, 2, 134)
(75, 190, 1, 10, 227)
(249, 142, 6, 1, 159)
(299, 3, 0, 83, 23)
(298, 73, 0, 133, 221)
(250, 216, 6, 0, 254)
(203, 216, 0, 0, 230)
(214, 34, 7, 1, 152)
(289, 145, 4, 2, 205)
(269, 32, 0, 13, 67)
(137, 214, 85, 0, 39)
(299, 0, 0, 93, 52)
(18, 124, 4, 8, 109)
(223, 224, 0, 0, 152)
(250, 134, 0, 0, 73)
(299, 94, 0, 4, 184)
(40, 97, 80, 0, 65)
(264, 15, 14, 1, 164)
(132, 186, 21, 0, 156)
(238, 43, 1, 7, 220)
(156, 115, 2, 6, 67)
(280, 36, 0, 20, 31)
(282, 1, 2, 3, 194)
(299, 58, 0, 1, 195)
(143, 224, 156, 0, 70)
(245, 164, 3, 1, 207)
(299, 148, 0, 68, 96)
(278, 91, 0, 3, 119)
(188, 181, 2, 4, 212)
(271, 200, 11, 0, 188)
(206, 64, 2, 3, 231)
(154, 218, 122, 0, 100)
(276, 66, 0, 142, 167)
(67, 205, 2, 4, 245)
(282, 0, 0, 17, 233)
(220, 119, 2, 4, 188)
(299, 224, 0, 0, 193)
(243, 198, 14, 0, 63)
(63, 165, 159, 0, 180)
(106, 224, 193, 0, 66)
(245, 149, 3, 3, 150)
(296, 80, 2, 1, 215)
(299, 110, 0, 64, 34)
(269, 206, 0, 9, 165)
(295, 224, 4, 0, 104)
(109, 186, 1, 5, 225)
(122, 197, 1, 7, 225)
(144, 117, 95, 0, 200)
(199, 61, 81, 0, 232)
(149, 224, 53, 0, 105)
(245, 191, 0, 6, 188)
(299, 213, 0, 0, 133)
(38, 215, 43, 0, 188)
(254, 224, 28, 0, 192)
(286, 179, 0, 46, 37)
(26, 11, 0, 88, 211)
(37, 153, 2, 8, 99)
(192, 212, 71, 0, 65)
(255, 213, 5, 1, 169)
(299, 212, 0, 22, 196)
(213, 165, 0, 0, 74)
(208, 174, 0, 19, 152)
(216, 224, 14, 0, 78)
(160, 224, 36, 0, 188)
(191, 221, 97, 0, 28)
(183, 168, 15, 1, 254)
(291, 51, 0, 146, 69)
(0, 217, 50, 0, 110)
(108, 186, 170, 0, 240)
(251, 165, 0, 6, 163)
(287, 202, 12, 0, 221)
(76, 165, 13, 2, 60)
(278, 29, 0, 99, 188)
(113, 154, 4, 2, 54)
(290, 191, 1, 4, 163)
(299, 171, 0, 43, 201)
(299, 224, 0, 10, 25)
(138, 206, 115, 0, 158)
(269, 224, 29, 0, 53)
(267, 177, 0, 0, 83)
(50, 198, 119, 0, 110)
(295, 20, 0, 76, 101)
(37, 172, 0, 0, 97)
(251, 107, 25, 0, 127)
(103, 123, 0, 100, 132)
(157, 210, 95, 0, 247)
(195, 201, 13, 0, 249)
(0, 220, 146, 0, 0)
(151, 200, 112, 0, 98)
(208, 137, 16, 7, 247)
(0, 202, 48, 0, 138)
(95, 134, 19, 0, 100)
(278, 187, 0, 1, 100)
(113, 22, 14, 3, 161)
(250, 107, 0, 105, 201)
(256, 224, 0, 0, 41)
(267, 158, 0, 24, 143)
(297, 27, 0, 6, 57)
(133, 187, 71, 0, 97)
(275, 132, 0, 32, 21)
(240, 194, 3, 1, 167)
(298, 160, 2, 1, 165)
(299, 151, 0, 66, 81)
(132, 224, 134, 0, 89)
(132, 108, 39, 0, 179)
(299, 124, 0, 14, 255)
(229, 160, 4, 2, 84)
(158, 188, 3, 3, 208)
(299, 224, 0, 0, 120)
(278, 123, 0, 3, 26)
(219, 30, 0, 81, 152)
(140, 120, 1, 5, 200)
(254, 96, 1, 3, 135)
(2, 224, 176, 0, 40)
(152, 125, 1, 2, 124)
(57, 222, 126, 0, 22)
(299, 101, 0, 0, 130)
(45, 75, 0, 59, 141)
(233, 224, 0, 0, 119)
(252, 24, 0, 42, 234)
(87, 84, 18, 0, 34)
(124, 41, 2, 8, 150)
(271, 179, 0, 24, 213)
(85, 224, 45, 0, 152)
(273, 161, 6, 1, 187)
(299, 224, 0, 0, 146)
(207, 214, 55, 0, 177)
(256, 196, 0, 28, 96)
(267, 193, 0, 5, 193)
(255, 224, 47, 0, 141)
(123, 54, 15, 0, 127)
(0, 5, 0, 186, 162)
(101, 224, 83, 0, 211)
(175, 224, 13, 0, 96)
(114, 43, 4, 3, 194)
(274, 22, 0, 36, 243)
(299, 37, 0, 28, 88)
(299, 163, 0, 6, 163)
(119, 85, 1, 20, 163)
(230, 105, 0, 37, 226)
(153, 194, 5, 5, 246)
(282, 125, 0, 94, 17)
(153, 159, 3, 4, 101)
(282, 164, 11, 0, 197)
(289, 220, 1, 1, 126)
(299, 192, 0, 0, 34)
(98, 23, 2, 17, 205)
(184, 224, 0, 6, 135)
(299, 187, 0, 37, 20)
(268, 224, 26, 0, 225)
(276, 208, 0, 9, 76)
(136, 70, 9, 5, 176)
(293, 104, 0, 0, 200)
(139, 8, 5, 8, 157)
(211, 196, 84, 0, 68)
(299, 224, 0, 7, 53)
(219, 114, 0, 18, 64)
(273, 79, 19, 0, 142)
(62, 148, 0, 0, 105)
(250, 13, 14, 0, 103)
(299, 36, 0, 18, 181)
(263, 182, 9, 1, 188)
(264, 4, 0, 85, 133)
(123, 182, 0, 0, 218)
(295, 129, 0, 69, 102)
(287, 151, 0, 26, 186)
(294, 101, 3, 2, 208)
(111, 95, 0, 120, 58)
(89, 17, 4, 5, 234)
(291, 157, 2, 1, 195)
(234, 110, 2, 13, 105)
(270, 86, 2, 1, 167)
(90, 186, 7, 5, 98)
