Background: 194
(0, 41, 216, 150, 154)
(171, 165, 85, 25, 230)
(133, 137, 23, 27, 217)
(113, 0, 31, 41, 150)
(138, 69, 98, 58, 140)
(0, 152, 41, 35, 70)
(87, 109, 52, 19, 202)
(246, 186, 55, 56, 172)
(184, 131, 49, 17, 236)
(219, 219, 81, 6, 147)
(139, 162, 10, 42, 103)
(216, 27, 83, 69, 186)
(129, 39, 97, 25, 172)
(159, 0, 74, 29, 225)
(30, 108, 34, 49, 194)
(0, 61, 20, 91, 108)
(50, 206, 163, 9, 217)
(95, 34, 29, 24, 123)
(35, 60, 87, 27, 185)
(196, 131, 12, 23, 185)
(250, 0, 51, 18, 170)
(65, 93, 24, 22, 67)
(230, 109, 16, 21, 131)
(277, 35, 23, 35, 203)
(69, 171, 53, 3, 226)
(45, 138, 57, 9, 207)
(52, 219, 43, 5, 174)
(227, 61, 9, 50, 171)
(27, 190, 50, 16, 214)
(36, 180, 18, 10, 182)
(16, 39, 69, 10, 187)
(252, 166, 59, 11, 224)
(192, 113, 24, 17, 104)
(181, 54, 20, 45, 124)
(195, 197, 100, 4, 211)
(228, 71, 27, 11, 155)
(202, 143, 7, 13, 232)
(179, 155, 54, 7, 103)
(97, 191, 96, 5, 148)
(126, 172, 6, 19, 234)
(30, 111, 16, 17, 158)
(40, 141, 20, 13, 233)
(104, 77, 9, 45, 212)
(205, 155, 7, 4, 227)
(200, 188, 27, 22, 214)
(0, 119, 9, 11, 176)
(104, 154, 8, 36, 196)
(159, 138, 6, 65, 123)
(283, 157, 18, 3, 120)
(222, 217, 83, 2, 162)
(83, 200, 35, 5, 126)
(30, 165, 27, 11, 66)
(240, 130, 12, 7, 240)
(131, 94, 24, 19, 100)
(154, 185, 31, 7, 156)
(82, 22, 11, 65, 159)
(58, 181, 46, 9, 92)
(19, 80, 23, 22, 120)
(286, 216, 14, 9, 123)
(273, 15, 23, 18, 181)
(274, 208, 12, 19, 155)
(55, 189, 17, 22, 225)
(166, 101, 19, 37, 153)
(235, 203, 24, 13, 187)
(295, 221, 5, 4, 99)
(236, 201, 35, 3, 199)
(260, 53, 10, 23, 208)
(66, 159, 65, 8, 100)
(135, 183, 9, 16, 94)
(275, 222, 11, 2, 195)
(94, 214, 85, 5, 213)
(73, 118, 14, 16, 230)
(79, 205, 74, 4, 198)
(0, 211, 35, 10, 185)
(194, 163, 103, 3, 213)
(57, 167, 12, 6, 102)
(256, 175, 11, 6, 227)
(291, 183, 10, 10, 159)
(150, 160, 5, 27, 222)
(199, 37, 22, 15, 150)
(159, 40, 17, 32, 184)
(171, 155, 6, 15, 235)
(62, 0, 54, 22, 207)
(146, 110, 12, 15, 100)
(240, 186, 43, 12, 181)
(236, 103, 2, 32, 208)
(230, 86, 17, 20, 209)
(263, 105, 12, 23, 215)
(38, 212, 20, 7, 217)
(280, 71, 10, 35, 174)
(243, 113, 19, 12, 181)
(167, 166, 65, 7, 237)
(102, 142, 24, 13, 191)
(233, 145, 45, 11, 211)
(217, 91, 5, 4, 114)
(145, 198, 9, 8, 114)
(231, 30, 22, 11, 161)
(273, 87, 24, 7, 162)
(185, 43, 3, 34, 130)
(114, 155, 10, 9, 52)
(102, 134, 43, 7, 110)
(67, 23, 15, 34, 204)
(165, 190, 6, 8, 246)
(185, 204, 23, 2, 231)
(282, 29, 7, 6, 146)
(193, 77, 24, 16, 113)
(135, 24, 9, 52, 173)
(285, 125, 11, 13, 216)
(233, 214, 17, 3, 171)
(194, 197, 8, 5, 177)
(230, 222, 20, 2, 125)
(0, 91, 7, 6, 186)
(197, 97, 9, 8, 207)
(289, 203, 7, 7, 193)
(63, 166, 47, 3, 111)
(177, 157, 13, 9, 65)
(106, 149, 8, 4, 49)
(166, 134, 13, 15, 129)
(196, 220, 23, 8, 178)
(141, 220, 23, 5, 210)
(209, 176, 47, 2, 244)
(0, 31, 13, 19, 122)
(68, 178, 47, 3, 219)
(222, 141, 14, 4, 252)
(77, 196, 14, 4, 125)
(56, 221, 21, 19, 163)
(179, 183, 7, 21, 158)
(261, 204, 9, 6, 159)
(79, 26, 18, 7, 122)
(257, 78, 30, 4, 207)
(236, 159, 16, 6, 184)
(115, 213, 17, 10, 206)
(187, 21, 12, 19, 231)
(163, 219, 41, 3, 200)
(141, 38, 29, 13, 193)
(251, 212, 14, 7, 185)
(274, 161, 22, 5, 216)
(285, 215, 15, 3, 134)
(103, 156, 10, 7, 237)
(169, 187, 4, 4, 99)
(278, 224, 9, 1, 202)
(112, 63, 4, 45, 169)
(268, 139, 26, 5, 177)
(237, 136, 6, 7, 160)
(245, 198, 9, 4, 227)
(295, 44, 6, 11, 187)
(233, 16, 12, 27, 162)
(166, 204, 8, 2, 113)
(0, 149, 16, 28, 58)
(131, 164, 6, 18, 203)
(155, 150, 6, 31, 107)
(13, 129, 9, 22, 138)
(134, 23, 34, 10, 205)
(17, 131, 46, 10, 191)
(149, 126, 7, 12, 205)
(0, 224, 121, 0, 194)
(100, 106, 23, 16, 216)
(261, 134, 4, 6, 175)
(250, 7, 3, 14, 129)
(256, 202, 5, 12, 169)
(118, 174, 6, 12, 84)
(247, 143, 29, 3, 234)
(296, 95, 5, 12, 221)
(12, 55, 18, 9, 117)
(246, 125, 11, 4, 168)
(281, 195, 11, 2, 191)
(288, 183, 7, 3, 179)
(263, 163, 19, 17, 222)
(111, 188, 5, 16, 80)
(243, 183, 41, 5, 195)
(69, 143, 8, 28, 145)
(186, 199, 10, 4, 153)
(292, 204, 7, 2, 167)
(116, 187, 8, 15, 231)
(101, 208, 16, 6, 227)
(265, 28, 8, 8, 222)
(227, 0, 20, 12, 230)
(212, 210, 7, 6, 207)
(86, 59, 13, 18, 192)
(228, 182, 7, 11, 220)
(231, 187, 12, 3, 215)
(150, 74, 7, 27, 130)
(209, 55, 20, 20, 171)
(25, 197, 21, 14, 208)
(225, 159, 1, 7, 205)
(131, 27, 4, 41, 187)
(70, 169, 25, 2, 244)
(133, 71, 2, 15, 86)
(177, 214, 35, 2, 203)
(207, 117, 21, 6, 111)
(290, 110, 9, 7, 215)
(268, 187, 0, 0, 255)
(129, 105, 6, 8, 153)
(88, 200, 11, 7, 175)
(244, 164, 27, 11, 218)
(283, 93, 3, 35, 187)
(112, 169, 8, 7, 238)
(255, 188, 1, 0, 209)
(299, 197, 0, 6, 0)
(0, 223, 11, 8, 81)
(260, 191, 0, 5, 23)
(299, 201, 3, 11, 170)
(291, 218, 8, 3, 110)
(243, 69, 18, 10, 157)
(153, 193, 6, 7, 242)
(239, 193, 60, 1, 174)
(291, 124, 28, 4, 219)
(285, 200, 6, 3, 207)
(38, 52, 28, 4, 98)
(173, 223, 32, 3, 179)
(281, 157, 15, 1, 163)
(125, 188, 3, 10, 80)
(251, 22, 1, 6, 145)
(250, 160, 29, 2, 159)
(0, 178, 31, 12, 99)
(245, 224, 54, 0, 54)
(103, 32, 5, 41, 117)
(191, 195, 1, 7, 127)
(299, 19, 4, 5, 118)
(282, 82, 7, 6, 148)
(175, 62, 10, 21, 129)
(143, 211, 17, 4, 242)
(159, 189, 9, 3, 241)
(61, 147, 45, 5, 159)
(235, 220, 5, 4, 137)
(198, 107, 3, 50, 123)
(254, 203, 10, 2, 160)
(149, 150, 14, 3, 160)
(280, 88, 7, 5, 181)
(211, 162, 29, 4, 157)
(255, 55, 7, 6, 228)
(211, 223, 6, 8, 193)
(289, 147, 4, 4, 144)
(242, 76, 4, 15, 192)
(181, 121, 4, 14, 107)
(252, 42, 21, 5, 154)
(104, 202, 8, 2, 82)
(288, 223, 8, 2, 131)
(276, 72, 23, 3, 159)
(8, 47, 8, 8, 80)
(106, 56, 23, 11, 148)
(0, 180, 19, 2, 180)
(121, 201, 20, 4, 223)
(288, 165, 10, 5, 233)
(270, 121, 4, 18, 204)
(115, 224, 0, 0, 47)
(280, 116, 7, 4, 215)
(75, 193, 24, 2, 215)
(235, 152, 2, 5, 135)
(280, 97, 0, 51, 97)
(220, 60, 8, 13, 142)
(114, 184, 5, 4, 69)
(296, 145, 2, 6, 160)
(217, 130, 13, 3, 248)
(242, 55, 3, 7, 209)
(187, 124, 6, 28, 232)
(164, 103, 20, 10, 168)
(128, 189, 4, 11, 234)
(122, 191, 3, 7, 72)
(147, 182, 4, 9, 93)
(26, 119, 10, 10, 184)
(287, 218, 12, 1, 113)
(176, 218, 18, 0, 151)
(216, 121, 0, 78, 117)
(249, 97, 12, 12, 215)
(217, 121, 4, 8, 221)
(177, 145, 21, 5, 220)
(216, 27, 37, 6, 170)
(221, 196, 3, 0, 224)
(103, 41, 16, 13, 95)
(282, 6, 0, 45, 14)
(200, 58, 19, 7, 190)
(258, 168, 12, 5, 196)
(256, 34, 0, 32, 98)
(124, 181, 10, 7, 224)
(215, 138, 8, 13, 243)
(299, 97, 0, 89, 214)
(123, 134, 5, 10, 135)
(110, 121, 12, 10, 200)
(62, 86, 4, 28, 100)
(16, 192, 87, 1, 217)
(140, 204, 6, 10, 199)
(293, 208, 6, 3, 160)
(136, 217, 2, 2, 138)
(254, 40, 6, 16, 182)
(117, 5, 18, 15, 124)
(96, 220, 37, 3, 203)
(263, 193, 36, 0, 145)
(274, 110, 6, 4, 222)
(294, 77, 8, 3, 163)
(95, 199, 11, 2, 221)
(200, 177, 33, 5, 242)
(104, 31, 2, 2, 184)
(56, 120, 85, 7, 202)
(283, 93, 3, 7, 213)
(182, 5, 0, 37, 150)
(299, 83, 0, 65, 182)
(129, 143, 3, 25, 97)
(0, 213, 239, 0, 108)
(46, 131, 18, 10, 164)
(284, 48, 6, 22, 212)
(268, 82, 7, 4, 156)
(248, 29, 5, 7, 213)
(126, 7, 3, 17, 172)
(119, 206, 46, 1, 187)
(101, 207, 15, 8, 226)
(299, 158, 0, 0, 121)
(151, 81, 67, 4, 116)
(223, 222, 11, 0, 0)
(236, 160, 3, 0, 81)
(277, 132, 5, 16, 211)
(18, 191, 14, 10, 213)
(266, 176, 7, 2, 208)
(156, 192, 7, 3, 89)
(10, 222, 15, 2, 212)
(89, 201, 6, 11, 197)
(103, 0, 10, 22, 218)
(193, 172, 2, 26, 241)
(187, 108, 12, 14, 114)
(169, 15, 47, 16, 229)
(180, 165, 13, 1, 191)
(266, 209, 19, 2, 152)
(132, 209, 7, 4, 230)
(288, 89, 8, 3, 141)
(226, 42, 13, 8, 200)
(273, 25, 7, 4, 152)
(299, 186, 0, 18, 83)
(14, 12, 61, 14, 206)
(172, 64, 1, 53, 134)
(176, 95, 0, 53, 27)
(124, 33, 25, 6, 159)
(283, 216, 3, 4, 138)
(195, 152, 3, 10, 77)
(282, 15, 7, 13, 205)
(267, 209, 0, 0, 95)
(297, 86, 2, 5, 211)
(251, 223, 3, 2, 204)
(28, 144, 4, 11, 158)
(273, 32, 8, 14, 200)
(268, 214, 2, 2, 150)
(299, 222, 3, 5, 90)
(111, 84, 22, 7, 171)
(223, 65, 0, 9, 31)
(241, 121, 13, 4, 138)
(251, 141, 29, 1, 158)
(133, 147, 3, 5, 115)
(156, 143, 4, 21, 136)
(196, 192, 6, 6, 149)
(176, 175, 4, 13, 204)
(213, 28, 0, 21, 71)
(279, 217, 0, 7, 118)
(254, 6, 4, 13, 198)
(140, 191, 150, 0, 147)
(289, 207, 8, 2, 224)
(18, 8, 62, 6, 201)
(8, 100, 9, 4, 146)
(84, 132, 13, 5, 101)
(273, 187, 0, 0, 184)
(63, 94, 30, 4, 97)
(266, 214, 30, 2, 157)
(148, 193, 9, 4, 240)
(258, 145, 26, 3, 217)
(253, 215, 11, 2, 214)
(273, 195, 4, 6, 186)
(272, 176, 2, 1, 233)
(96, 66, 2, 13, 114)
(10, 12, 9, 24, 199)
(244, 139, 22, 2, 223)
(292, 162, 10, 2, 209)
(273, 96, 6, 4, 221)
(138, 179, 10, 7, 70)
(262, 153, 15, 3, 184)
(194, 164, 10, 5, 252)
(281, 91, 18, 3, 164)
(98, 170, 17, 7, 187)
(174, 40, 3, 4, 109)
(238, 194, 22, 2, 172)
(222, 53, 36, 0, 136)
(55, 175, 34, 4, 141)
(168, 198, 8, 4, 243)
(81, 157, 17, 8, 81)
(41, 62, 22, 22, 197)
(238, 184, 6, 3, 236)
(89, 131, 3, 9, 90)
(58, 197, 10, 9, 236)
(284, 61, 0, 80, 71)
(231, 214, 8, 2, 183)
(193, 223, 14, 10, 168)
(92, 174, 25, 4, 185)
(294, 194, 7, 12, 165)
(294, 38, 14, 5, 224)
(273, 168, 0, 0, 58)
(249, 190, 27, 2, 186)
(291, 216, 0, 3, 69)
(24, 144, 4, 8, 99)
(219, 216, 16, 5, 178)
(81, 126, 9, 5, 249)
(242, 149, 1, 13, 221)
(153, 81, 2, 14, 92)
(222, 161, 7, 3, 198)
(78, 36, 75, 3, 153)
(265, 147, 5, 8, 226)
(157, 28, 29, 4, 208)
(294, 178, 0, 32, 49)
(287, 40, 7, 5, 168)
(200, 163, 0, 10, 74)
(266, 181, 0, 0, 66)
(277, 212, 9, 5, 148)
(6, 139, 5, 6, 68)
(56, 19, 24, 11, 205)
(163, 131, 4, 10, 218)
(164, 208, 42, 5, 225)
(161, 172, 9, 10, 148)
(286, 221, 1, 3, 160)
(105, 224, 27, 0, 82)
(298, 138, 1, 16, 210)
(299, 147, 0, 5, 26)
(63, 195, 13, 4, 239)
(280, 80, 1, 6, 231)
(0, 214, 8, 6, 169)
(155, 200, 6, 5, 222)
(180, 224, 55, 0, 60)
(139, 180, 1, 12, 59)
(56, 100, 6, 7, 79)
(59, 213, 30, 2, 199)
(245, 143, 6, 1, 166)
(2, 116, 4, 14, 179)
(236, 192, 2, 14, 191)
(191, 189, 43, 2, 222)
(87, 90, 6, 8, 58)
(226, 224, 17, 0, 164)
(286, 141, 13, 1, 211)
(299, 108, 5, 9, 220)
(250, 48, 4, 14, 210)
(237, 224, 0, 0, 32)
(229, 119, 6, 9, 118)
(86, 191, 14, 1, 126)
(250, 221, 35, 1, 159)
(261, 49, 3, 20, 223)
(117, 96, 10, 5, 99)
(103, 183, 54, 0, 217)
(194, 202, 14, 4, 230)
(239, 78, 18, 0, 175)
(261, 164, 0, 45, 234)
(114, 7, 6, 40, 131)
(243, 197, 14, 1, 204)
(293, 36, 4, 3, 226)
(83, 188, 191, 0, 56)
(24, 40, 7, 13, 192)
(111, 57, 15, 4, 174)
(272, 3, 23, 11, 164)
(295, 204, 0, 0, 114)
(0, 200, 7, 14, 182)
(227, 79, 7, 5, 123)
(284, 133, 23, 2, 218)
(47, 188, 17, 11, 213)
(102, 33, 7, 7, 129)
(248, 196, 14, 0, 124)
(60, 224, 85, 0, 78)
(231, 158, 13, 2, 216)
(77, 218, 18, 6, 179)
(263, 224, 3, 1, 125)
(260, 132, 9, 6, 171)
(0, 70, 9, 9, 63)
(297, 33, 2, 5, 151)
(299, 193, 0, 9, 99)
(299, 152, 0, 37, 224)
(287, 108, 2, 6, 174)
(257, 68, 23, 2, 208)
(180, 151, 10, 4, 96)
(299, 65, 0, 80, 30)
(292, 158, 1, 8, 213)
(130, 37, 8, 13, 160)
(228, 138, 9, 3, 230)
(170, 207, 22, 1, 232)
(49, 209, 7, 10, 228)
(299, 224, 0, 0, 227)
(124, 92, 18, 5, 156)
(217, 221, 2, 3, 157)
(109, 168, 16, 2, 227)
(257, 223, 3, 1, 99)
(141, 71, 26, 0, 150)
(124, 168, 3, 8, 94)
(280, 108, 0, 54, 209)
(94, 117, 38, 5, 220)
(249, 163, 38, 5, 221)
(231, 224, 16, 0, 150)
(253, 157, 11, 2, 217)
(229, 220, 22, 2, 148)
(128, 212, 15, 0, 3)
(44, 127, 11, 14, 172)
(57, 155, 0, 0, 165)
(165, 144, 1, 9, 77)
(296, 211, 3, 1, 147)
(195, 212, 40, 0, 221)
(73, 181, 32, 4, 87)
(97, 213, 5, 5, 239)
(219, 184, 29, 0, 77)
(248, 6, 4, 3, 161)
(182, 206, 6, 4, 207)
(101, 224, 155, 0, 47)
(275, 6, 4, 21, 179)
(265, 145, 19, 4, 222)
(99, 78, 32, 3, 195)
(236, 126, 17, 0, 5)
(285, 209, 5, 3, 199)
(138, 187, 38, 0, 20)
(38, 143, 27, 5, 239)
(204, 220, 4, 4, 182)
(284, 163, 0, 0, 106)
(264, 85, 0, 45, 111)
(293, 23, 6, 6, 199)
(175, 191, 7, 8, 140)
(135, 206, 45, 0, 76)
(159, 100, 2, 58, 156)
(177, 93, 1, 13, 111)
(299, 127, 0, 58, 136)
(169, 49, 6, 3, 210)
(237, 224, 32, 0, 178)
(241, 224, 15, 0, 219)
(162, 224, 0, 0, 209)
(157, 124, 8, 5, 113)
(37, 119, 5, 9, 122)
(299, 174, 0, 50, 182)
(274, 218, 23, 0, 29)
(223, 148, 8, 2, 191)
(126, 201, 4, 14, 200)
(134, 191, 71, 0, 222)
(208, 161, 12, 3, 94)
(279, 70, 0, 44, 167)
(282, 59, 3, 12, 205)
(167, 224, 46, 0, 71)
(29, 153, 11, 4, 145)
(288, 201, 0, 20, 3)
(86, 111, 6, 9, 174)
(241, 47, 41, 0, 79)
(141, 167, 5, 13, 76)
(253, 224, 4, 0, 162)
(274, 155, 0, 48, 135)
(248, 0, 6, 6, 182)
(111, 153, 6, 2, 53)
(274, 4, 2, 2, 203)
(281, 0, 0, 81, 184)
(187, 101, 11, 7, 166)
(252, 58, 0, 76, 135)
(299, 142, 0, 64, 128)
(243, 169, 10, 2, 235)
(252, 15, 1, 26, 170)
(256, 0, 3, 2, 214)
(267, 107, 0, 0, 139)
(76, 168, 10, 1, 222)
(152, 155, 2, 6, 111)
(209, 37, 6, 8, 193)
(257, 224, 13, 0, 45)
(238, 150, 2, 2, 111)
(177, 158, 11, 5, 58)
(163, 142, 6, 8, 87)
(250, 146, 15, 2, 190)
(278, 107, 3, 4, 217)
(272, 121, 6, 3, 170)
(60, 148, 6, 5, 138)
(250, 223, 2, 1, 195)
(259, 207, 0, 5, 81)
(299, 38, 0, 160, 154)
(70, 161, 6, 1, 47)
(52, 105, 3, 11, 215)
(257, 45, 0, 52, 119)
(268, 140, 5, 4, 156)
(252, 215, 3, 5, 172)
(245, 224, 33, 0, 231)
(259, 12, 0, 18, 169)
(145, 189, 3, 7, 206)
(135, 84, 5, 3, 83)
(255, 55, 0, 139, 19)
(233, 130, 3, 6, 116)
(67, 162, 18, 3, 122)
(135, 0, 4, 13, 192)
(104, 120, 4, 14, 164)
(282, 103, 0, 81, 31)
(87, 83, 1, 23, 105)
(256, 22, 1, 23, 160)
(12, 151, 15, 15, 72)
(210, 48, 3, 25, 186)
(211, 220, 8, 0, 193)
(141, 213, 8, 5, 255)
(258, 81, 16, 2, 186)
(210, 69, 0, 57, 8)
(290, 207, 3, 2, 244)
(299, 76, 0, 28, 0)
(64, 135, 22, 1, 138)
(223, 111, 15, 5, 151)
(168, 201, 4, 6, 143)
(115, 56, 1, 26, 128)
(134, 208, 16, 2, 181)
(126, 146, 3, 9, 216)
(52, 43, 36, 2, 174)
(126, 206, 38, 0, 190)
(238, 160, 0, 0, 92)
(180, 141, 5, 7, 249)
(187, 217, 20, 4, 194)
(95, 205, 28, 2, 164)
(106, 206, 10, 1, 207)
(253, 224, 46, 0, 55)
(203, 80, 0, 1, 26)
(156, 89, 6, 8, 176)
(162, 222, 8, 3, 202)
(138, 197, 14, 5, 124)
(83, 188, 17, 3, 95)
(284, 193, 0, 23, 88)
(299, 221, 14, 0, 22)
(258, 170, 2, 2, 230)
(263, 224, 25, 0, 45)
(183, 224, 57, 0, 243)
(216, 0, 15, 24, 229)
(154, 0, 26, 13, 218)
(87, 224, 53, 2, 188)
(272, 195, 3, 2, 166)
(224, 53, 2, 21, 139)
(130, 204, 5, 1, 141)
(207, 209, 17, 5, 207)
(278, 38, 0, 132, 96)
(47, 206, 223, 0, 92)
(226, 196, 9, 2, 223)
(201, 129, 7, 3, 150)
(290, 187, 3, 4, 156)
(157, 214, 5, 7, 205)
(296, 224, 3, 0, 24)
(144, 136, 16, 3, 230)
(271, 202, 9, 1, 160)
(216, 32, 4, 19, 134)
(107, 192, 14, 0, 52)
(221, 209, 6, 5, 198)
(299, 129, 0, 46, 60)
(201, 104, 8, 5, 117)
(290, 133, 0, 0, 12)
(117, 47, 7, 1, 175)
(68, 220, 71, 0, 206)
(299, 86, 0, 24, 74)
(293, 221, 0, 3, 249)
(279, 21, 3, 2, 139)
(273, 111, 3, 6, 229)
(249, 173, 43, 2, 227)
(176, 165, 93, 0, 169)
(286, 224, 13, 0, 54)
(266, 105, 2, 26, 226)
(169, 72, 0, 53, 55)
(299, 208, 0, 0, 253)
(200, 157, 2, 6, 167)
(224, 204, 27, 0, 230)
(8, 213, 95, 0, 0)
(260, 207, 10, 3, 146)
(267, 61, 9, 2, 173)
(297, 139, 0, 0, 94)
(177, 177, 56, 0, 214)
(36, 211, 10, 3, 204)
(210, 118, 5, 2, 210)
(232, 224, 4, 0, 161)
(185, 152, 0, 0, 176)
(10, 127, 12, 7, 143)
(299, 0, 0, 69, 0)
(264, 196, 0, 25, 159)
(237, 123, 8, 5, 108)
(299, 207, 0, 25, 92)
(230, 27, 9, 17, 156)
(210, 194, 7, 3, 175)
(268, 0, 1, 15, 193)
(159, 210, 0, 0, 117)
(199, 148, 1, 8, 105)
(280, 149, 3, 2, 118)
(169, 78, 4, 9, 140)
(185, 126, 3, 21, 201)
(236, 224, 0, 0, 255)
(14, 219, 5, 2, 119)
(297, 205, 2, 0, 194)
(238, 173, 61, 0, 125)
(144, 67, 21, 13, 152)
(286, 0, 0, 72, 41)
(174, 218, 83, 0, 60)
(45, 188, 24, 4, 196)
(270, 137, 0, 16, 184)
(297, 184, 2, 5, 155)
(140, 101, 9, 8, 75)
(140, 195, 89, 0, 115)
(184, 196, 3, 3, 233)
(142, 128, 8, 6, 129)
(199, 39, 7, 14, 131)
(209, 187, 6, 2, 255)
(119, 124, 7, 12, 177)
(218, 152, 8, 4, 112)
(299, 95, 0, 75, 97)
(299, 110, 0, 113, 57)
(9, 104, 14, 11, 88)
(55, 181, 52, 1, 118)
(153, 108, 3, 5, 149)
(299, 135, 0, 5, 139)
(66, 182, 28, 4, 83)
(231, 224, 14, 0, 192)
(195, 196, 22, 1, 183)
(185, 14, 0, 67, 229)
(299, 211, 10, 2, 160)
(270, 148, 3, 8, 185)
(172, 212, 5, 2, 247)
(159, 181, 6, 6, 102)
(264, 152, 0, 24, 83)
(78, 224, 172, 0, 244)
(35, 212, 204, 0, 236)
(266, 224, 10, 15, 145)
(150, 27, 17, 11, 209)
(223, 181, 36, 2, 219)
(274, 54, 8, 5, 172)
(72, 40, 4, 17, 163)
(245, 149, 3, 3, 148)
(299, 48, 4, 9, 156)
(227, 97, 3, 5, 120)
(224, 151, 0, 0, 43)
(223, 219, 0, 0, 0)
(175, 182, 0, 14, 210)
(94, 218, 162, 0, 184)
(107, 219, 19, 2, 206)
(162, 154, 2, 3, 93)
(281, 106, 0, 102, 239)
(96, 163, 10, 7, 119)
(254, 187, 12, 3, 184)
(82, 91, 7, 15, 75)
(37, 192, 29, 3, 223)
(176, 176, 2, 6, 125)
(235, 221, 5, 1, 125)
(295, 223, 3, 4, 105)
(299, 214, 0, 1, 143)
(297, 114, 0, 46, 182)
(120, 0, 41, 0, 25)
(11, 69, 12, 14, 154)
(258, 60, 2, 3, 247)
(215, 102, 6, 10, 167)
(175, 149, 5, 6, 249)
(254, 224, 0, 0, 194)
(227, 223, 40, 0, 85)
(299, 62, 0, 13, 85)
(278, 180, 6, 9, 209)
(297, 102, 1, 1, 137)
(299, 171, 1, 8, 212)
(142, 218, 39, 1, 229)
(189, 63, 6, 9, 98)
(190, 39, 1, 19, 174)
(95, 10, 4, 20, 216)
(273, 196, 0, 12, 188)
(299, 189, 0, 0, 162)
(222, 217, 15, 2, 169)
(120, 66, 10, 4, 140)
(63, 169, 10, 1, 118)
(179, 44, 12, 12, 145)
(285, 168, 16, 3, 234)
(237, 205, 10, 8, 185)
(137, 139, 23, 4, 219)
(215, 23, 0, 125, 204)
(285, 179, 11, 1, 175)
(279, 60, 0, 0, 1)
(241, 111, 6, 6, 186)
(76, 149, 118, 0, 48)
(68, 173, 12, 2, 204)
(237, 94, 4, 5, 230)
(245, 186, 0, 38, 181)
(206, 44, 4, 7, 173)
(91, 199, 4, 9, 189)
(34, 26, 11, 10, 160)
(275, 208, 14, 2, 162)
(265, 47, 8, 5, 158)
(208, 190, 3, 4, 171)
(240, 135, 20, 0, 192)
(287, 85, 0, 14, 151)
(131, 23, 5, 3, 95)
(299, 32, 0, 158, 255)
(287, 200, 2, 6, 195)
(164, 193, 8, 5, 241)
(259, 198, 14, 1, 197)
(270, 166, 16, 2, 205)
(299, 158, 0, 0, 208)
(0, 97, 4, 3, 155)
(64, 211, 24, 3, 202)
(296, 185, 12, 7, 152)
(41, 222, 126, 0, 103)
(273, 119, 7, 1, 221)
(112, 224, 148, 0, 168)
(285, 118, 3, 8, 162)
(277, 197, 12, 1, 211)
(249, 188, 6, 2, 197)
(16, 89, 11, 2, 172)
(185, 165, 2, 16, 241)
(291, 81, 3, 5, 219)
(295, 6, 15, 7, 183)
(298, 41, 2, 6, 215)
(252, 126, 79, 0, 195)
(299, 132, 0, 0, 0)
(210, 112, 0, 2, 249)
(299, 143, 6, 6, 207)
(255, 200, 1, 14, 176)
(299, 44, 0, 9, 171)
(31, 138, 24, 2, 166)
(47, 89, 6, 8, 119)
(0, 194, 18, 5, 204)
(63, 224, 14, 4, 174)
(197, 69, 1, 76, 116)
(299, 54, 0, 127, 143)
(274, 102, 2, 5, 144)
(123, 207, 4, 5, 148)
(295, 211, 2, 3, 157)
(105, 193, 2, 7, 210)
(192, 0, 30, 14, 224)
(299, 38, 0, 9, 119)
(255, 121, 7, 1, 139)
(79, 190, 84, 0, 185)
(246, 57, 3, 11, 154)
(44, 122, 22, 4, 205)
(285, 40, 0, 0, 206)
(120, 84, 6, 3, 221)
(65, 120, 18, 3, 174)
(180, 151, 0, 43, 17)
(138, 203, 5, 5, 219)
(249, 78, 0, 74, 29)
(149, 163, 2, 22, 175)
(276, 200, 0, 0, 104)
(208, 202, 36, 0, 176)
(219, 119, 3, 3, 199)
(140, 63, 17, 10, 146)
(77, 176, 0, 35, 72)
(117, 177, 3, 11, 86)
(287, 156, 0, 0, 107)
(248, 205, 0, 0, 0)
(70, 59, 1, 19, 124)
(219, 77, 7, 6, 223)
(231, 163, 8, 2, 109)
(274, 156, 2, 3, 124)
(281, 24, 0, 99, 206)
(271, 76, 4, 6, 222)
(268, 129, 3, 4, 116)
(242, 12, 0, 106, 50)
(182, 217, 13, 1, 187)
(246, 172, 27, 2, 211)
(123, 186, 0, 0, 148)
(236, 207, 44, 0, 101)
(293, 187, 0, 17, 160)
(294, 15, 4, 4, 147)
(132, 74, 1, 8, 75)
(254, 210, 8, 2, 182)
(88, 219, 122, 0, 252)
(287, 2, 0, 118, 130)
(284, 216, 6, 2, 132)
(222, 211, 68, 0, 178)
(170, 17, 20, 8, 233)
(251, 216, 48, 0, 46)
(161, 213, 7, 1, 119)
(232, 202, 43, 0, 122)
(276, 60, 0, 107, 199)
(40, 224, 4, 0, 175)
(195, 216, 10, 2, 204)
(13, 77, 4, 11, 72)
(227, 105, 0, 39, 209)
(183, 184, 8, 2, 170)
(281, 200, 0, 7, 27)
(98, 33, 1, 41, 170)
(299, 194, 0, 23, 254)
(197, 220, 2, 0, 28)
(251, 174, 2, 0, 93)
(73, 163, 14, 0, 234)
(267, 112, 16, 2, 226)
(191, 77, 11, 3, 87)
(225, 2, 0, 197, 14)
(155, 49, 8, 6, 153)
(131, 185, 52, 0, 165)
(151, 128, 6, 11, 243)
(299, 196, 22, 6, 162)
(122, 158, 6, 7, 62)
(236, 212, 15, 0, 165)
(106, 74, 23, 3, 187)
(96, 205, 11, 1, 82)
(298, 91, 0, 43, 44)
(149, 224, 26, 0, 28)
(95, 102, 6, 11, 154)
(0, 104, 15, 8, 97)
(175, 128, 8, 11, 116)
(245, 215, 33, 0, 200)
(231, 99, 3, 9, 194)
(299, 219, 0, 6, 175)
(43, 203, 4, 21, 201)
(200, 0, 0, 56, 175)
(186, 221, 11, 0, 236)
(299, 203, 0, 4, 60)
(299, 183, 0, 16, 0)
(272, 212, 2, 0, 142)
(120, 197, 4, 1, 199)
(0, 187, 26, 4, 114)
(261, 94, 0, 7, 121)
(212, 91, 8, 2, 123)
(258, 147, 4, 11, 221)
(76, 106, 14, 4, 41)
(245, 224, 0, 2, 94)
(293, 183, 6, 1, 180)
(72, 165, 18, 1, 62)
(187, 204, 4, 3, 234)
(190, 210, 16, 1, 216)
(274, 167, 4, 3, 194)
(96, 133, 4, 7, 241)
(254, 19, 2, 4, 157)
(104, 136, 18, 3, 73)
(227, 198, 4, 9, 207)
(289, 8, 0, 162, 59)
(209, 25, 6, 8, 237)
(128, 185, 1, 8, 161)
(261, 219, 11, 1, 138)
(255, 184, 0, 33, 238)
(30, 117, 0, 0, 236)
(294, 2, 7, 2, 155)
(96, 196, 2, 1, 82)
(207, 198, 7, 4, 232)
(25, 57, 3, 15, 98)
(196, 210, 76, 0, 94)
(246, 205, 18, 1, 173)
(197, 54, 4, 3, 109)
(299, 208, 0, 2, 160)
(2, 179, 8, 3, 196)
(299, 154, 0, 0, 51)
(275, 209, 9, 4, 145)
(173, 196, 8, 1, 118)
(130, 171, 6, 12, 201)
(110, 66, 2, 14, 222)
(148, 156, 2, 13, 213)
(216, 224, 28, 0, 81)
(207, 147, 7, 4, 112)
(215, 182, 2, 12, 233)
(251, 151, 6, 1, 129)
(286, 125, 0, 67, 19)
(129, 176, 121, 0, 216)
(0, 135, 2, 3, 40)
(0, 51, 9, 6, 200)
(54, 86, 23, 1, 165)
(196, 70, 9, 5, 108)
(96, 173, 11, 3, 234)
(114, 26, 18, 4, 112)
(112, 223, 6, 12, 202)
(122, 210, 3, 10, 205)
(281, 75, 10, 2, 149)
(288, 11, 6, 5, 146)
(299, 193, 0, 18, 94)
(299, 164, 0, 32, 200)
(178, 179, 15, 2, 215)
(163, 224, 92, 0, 255)
(211, 155, 5, 1, 170)
(253, 185, 0, 0, 255)
(99, 20, 4, 31, 179)
(204, 161, 2, 26, 242)
(205, 178, 11, 2, 243)
(297, 206, 2, 2, 198)
(298, 133, 0, 19, 140)
(90, 19, 0, 26, 114)
(299, 49, 0, 95, 16)
(299, 123, 0, 95, 66)
(294, 200, 2, 5, 189)
(262, 32, 4, 6, 184)
(216, 79, 1, 5, 221)
(145, 224, 18, 11, 220)
(270, 179, 0, 6, 191)
(299, 76, 0, 130, 137)
(217, 206, 92, 0, 99)
(99, 118, 78, 0, 23)
(260, 205, 24, 0, 34)
(243, 61, 7, 5, 163)
(295, 126, 3, 1, 204)
(17, 152, 8, 12, 83)
(213, 165, 3, 1, 211)
(160, 186, 16, 1, 116)
(299, 150, 1, 7, 164)
(233, 224, 0, 0, 133)
(32, 66, 29, 11, 193)
(120, 223, 104, 0, 48)
(19, 92, 6, 8, 74)
(21, 224, 5, 9, 114)
(0, 224, 53, 0, 73)
(152, 222, 43, 0, 158)
(167, 125, 97, 0, 171)
(299, 54, 0, 83, 207)
(58, 224, 61, 0, 221)
(43, 63, 53, 2, 208)
(111, 169, 4, 17, 206)
(55, 200, 43, 0, 0)
(299, 67, 0, 50, 191)
(272, 78, 0, 13, 255)
(284, 17, 14, 0, 73)
(257, 71, 2, 4, 189)
(147, 66, 3, 11, 129)
(237, 151, 1, 5, 120)
(279, 0, 0, 157, 210)
(298, 135, 7, 3, 175)
(110, 154, 0, 0, 125)
(292, 202, 0, 22, 213)
(186, 171, 16, 2, 248)
(284, 202, 2, 9, 165)
(181, 130, 0, 12, 32)
(199, 128, 3, 8, 173)
(199, 123, 2, 15, 153)
(277, 218, 4, 4, 167)
(238, 100, 6, 10, 195)
(60, 224, 10, 0, 220)
(177, 115, 1, 32, 149)
(272, 175, 18, 2, 232)
(199, 224, 60, 0, 4)
(281, 105, 1, 3, 227)
(0, 186, 19, 1, 79)
(241, 153, 0, 0, 255)
(134, 153, 4, 14, 239)
(179, 188, 2, 2, 240)
(285, 66, 14, 0, 116)
(191, 224, 108, 0, 254)
(278, 124, 2, 3, 146)
(83, 195, 13, 1, 218)
(223, 160, 2, 6, 180)
(269, 169, 7, 2, 229)
(272, 214, 0, 10, 16)
(242, 192, 86, 0, 17)
(40, 188, 226, 0, 137)
(271, 94, 2, 16, 205)
(148, 189, 11, 3, 106)
(291, 96, 4, 10, 180)
(241, 132, 61, 0, 13)
(213, 61, 4, 3, 229)
(279, 14, 2, 6, 220)
(229, 87, 4, 7, 226)
(280, 19, 20, 1, 182)
(67, 0, 14, 33, 204)
(262, 196, 37, 0, 255)
(201, 8, 0, 155, 169)
(164, 143, 59, 0, 131)
(199, 217, 100, 0, 192)
(299, 162, 0, 26, 215)
(258, 143, 0, 67, 6)
(103, 186, 2, 4, 168)
(172, 77, 11, 6, 117)
(238, 163, 0, 6, 0)
(234, 18, 38, 0, 0)
(270, 126, 0, 2, 59)
(29, 180, 2, 3, 204)
(214, 193, 2, 5, 162)
(76, 202, 9, 3, 180)
(233, 200, 3, 6, 199)
(191, 200, 10, 1, 144)
(194, 178, 0, 23, 237)
(116, 188, 1, 7, 168)
(234, 109, 2, 13, 104)
(284, 215, 6, 1, 137)
(281, 103, 0, 101, 26)
(235, 170, 7, 2, 203)
(261, 0, 1, 17, 150)
(162, 168, 6, 0, 204)
(237, 192, 0, 13, 213)
(277, 78, 11, 1, 190)
(253, 9, 2, 11, 156)
(0, 207, 80, 0, 195)
(291, 224, 8, 0, 150)
(222, 217, 20, 1, 171)
(299, 124, 0, 11, 0)
(218, 224, 35, 0, 235)
(295, 216, 0, 2, 255)
(53, 158, 14, 6, 180)
(37, 194, 16, 14, 209)
(159, 6, 7, 23, 215)
(215, 98, 13, 3, 122)
(261, 114, 36, 1, 202)
(24, 224, 93, 0, 156)
(85, 224, 7, 1, 180)
(285, 93, 7, 3, 190)
(275, 181, 1, 7, 178)
(118, 40, 1, 7, 203)
(295, 112, 0, 10, 95)
(144, 119, 11, 3, 80)
(204, 224, 119, 0, 150)
(20, 204, 6, 11, 193)
(224, 203, 44, 0, 157)
(299, 189, 0, 21, 53)
(93, 145, 12, 2, 216)
(192, 40, 6, 14, 211)
(288, 147, 0, 1, 124)
(229, 82, 0, 0, 236)
(34, 160, 9, 18, 67)
(236, 67, 0, 65, 56)
(299, 79, 0, 29, 243)
(122, 218, 24, 0, 54)
(299, 0, 0, 0, 129)
(144, 185, 1, 10, 174)
(288, 212, 2, 1, 215)
(266, 202, 0, 7, 135)
(252, 103, 3, 19, 204)
(109, 89, 28, 4, 166)
(62, 107, 0, 53, 110)
(20, 224, 76, 0, 172)
(234, 192, 63, 2, 174)
(124, 3, 0, 90, 35)
(223, 160, 4, 3, 225)
(250, 221, 21, 0, 68)
(299, 224, 0, 0, 19)
(296, 210, 3, 1, 150)
(297, 47, 2, 2, 192)
(172, 128, 0, 1, 97)
(41, 175, 19, 2, 107)
(299, 216, 0, 1, 255)
(267, 224, 32, 0, 190)
(299, 11, 3, 4, 158)
(66, 178, 98, 0, 124)
(237, 126, 0, 0, 189)
(242, 25, 5, 4, 191)
(299, 148, 0, 21, 71)
(88, 85, 9, 6, 108)
(279, 210, 0, 8, 223)
(126, 198, 1, 4, 145)
(155, 224, 154, 0, 120)
(34, 221, 21, 3, 186)
(126, 206, 68, 0, 207)
(274, 45, 0, 123, 127)
(232, 223, 3, 1, 91)
(60, 218, 7, 1, 178)
(274, 93, 4, 3, 200)
(158, 217, 23, 0, 178)
(98, 158, 12, 1, 176)
(279, 139, 1, 13, 181)
(285, 156, 6, 1, 171)
(162, 215, 137, 0, 173)
(223, 66, 4, 2, 213)
(13, 204, 156, 0, 195)
(192, 198, 4, 4, 139)
(262, 103, 0, 49, 208)
(50, 32, 6, 22, 173)
(52, 207, 26, 3, 227)
(287, 45, 3, 2, 152)
(110, 224, 130, 0, 73)
(0, 183, 0, 0, 213)
(294, 97, 3, 7, 211)
(299, 210, 0, 0, 123)
(122, 207, 99, 0, 155)
(225, 162, 0, 11, 127)
(259, 85, 2, 15, 173)
(26, 224, 0, 0, 222)
(277, 124, 0, 0, 57)
(293, 108, 1, 10, 227)
(41, 126, 19, 0, 178)
(292, 145, 0, 35, 135)
(291, 224, 0, 0, 60)
(298, 54, 0, 81, 97)
(299, 14, 0, 8, 88)
(16, 80, 6, 3, 189)
(261, 23, 0, 32, 96)
(294, 66, 0, 66, 238)
(282, 74, 1, 9, 222)
(299, 137, 0, 14, 132)
(242, 165, 6, 4, 230)
(222, 203, 52, 0, 135)
(299, 118, 0, 24, 47)
(274, 209, 0, 13, 70)
(289, 66, 0, 47, 243)
(198, 121, 1, 27, 98)
(285, 224, 1, 0, 121)
(254, 165, 0, 15, 84)
(13, 121, 5, 2, 179)
(272, 214, 2, 9, 159)
(212, 224, 0, 0, 91)
(299, 223, 0, 0, 235)
(232, 159, 6, 2, 244)
(94, 218, 10, 1, 193)
(271, 101, 0, 7, 0)
(184, 115, 17, 5, 117)
(91, 224, 133, 0, 2)
(299, 140, 0, 5, 183)
(50, 210, 65, 0, 109)
(192, 49, 1, 17, 151)
(286, 85, 13, 1, 208)
(74, 219, 9, 2, 160)
(4, 220, 19, 0, 90)
(207, 112, 14, 6, 104)
(244, 223, 2, 4, 145)
(125, 224, 12, 0, 15)
(220, 197, 9, 4, 220)
(289, 165, 26, 0, 38)
(243, 221, 3, 1, 152)
(108, 224, 103, 0, 205)
(149, 92, 2, 11, 165)
(124, 20, 2, 21, 182)
(110, 206, 80, 0, 191)
(43, 59, 6, 4, 130)
(19, 179, 0, 17, 151)
(270, 131, 3, 4, 216)
(22, 9, 0, 33, 3)
(176, 201, 5, 2, 217)
(285, 53, 2, 18, 218)
(35, 224, 220, 0, 255)
(294, 171, 5, 2, 210)
(299, 51, 0, 142, 11)
(299, 170, 0, 0, 47)
(206, 139, 2, 8, 168)
(178, 206, 0, 0, 144)
(250, 198, 10, 2, 228)
(175, 205, 139, 0, 227)
(263, 45, 5, 1, 120)
(73, 134, 73, 0, 90)
(153, 165, 10, 0, 36)
(78, 138, 4, 1, 92)
(299, 169, 0, 48, 0)
(239, 152, 18, 3, 226)
(299, 209, 0, 0, 142)
(222, 124, 13, 3, 114)
(204, 191, 1, 8, 200)
(274, 115, 0, 104, 69)
(260, 199, 2, 3, 231)
(245, 223, 1, 0, 129)
(293, 206, 8, 1, 185)
(277, 196, 4, 2, 207)
(23, 223, 20, 1, 189)
(208, 203, 11, 2, 215)
(290, 224, 9, 0, 232)
(285, 220, 4, 1, 148)
(248, 160, 23, 1, 142)
(115, 4, 6, 3, 198)
(141, 203, 44, 0, 108)
(87, 32, 6, 5, 195)
(251, 39, 40, 2, 196)
(252, 224, 0, 0, 18)
(261, 214, 37, 1, 155)
(292, 22, 0, 0, 247)
(57, 176, 99, 0, 2)
(179, 213, 65, 0, 173)
(271, 178, 0, 0, 76)
(4, 54, 2, 11, 83)
(0, 216, 43, 0, 173)
(299, 165, 0, 34, 230)
(252, 98, 8, 2, 193)
(259, 0, 0, 191, 217)
(250, 136, 13, 1, 187)
(291, 42, 0, 162, 55)
(294, 71, 0, 92, 229)
(260, 212, 0, 0, 197)
(132, 190, 1, 8, 114)
(229, 187, 0, 0, 0)
(299, 197, 0, 41, 217)
(18, 216, 13, 0, 237)
(196, 34, 98, 0, 220)
(179, 221, 10, 1, 208)
(20, 204, 88, 0, 126)
(29, 208, 94, 0, 40)
(249, 97, 0, 9, 16)
(299, 224, 0, 0, 196)
(59, 196, 134, 0, 182)
(192, 224, 49, 0, 12)
(12, 224, 6, 9, 218)
(147, 0, 7, 4, 161)
(197, 96, 6, 9, 209)
(78, 51, 10, 4, 231)
(30, 163, 0, 0, 17)
(81, 224, 53, 0, 119)
(232, 214, 24, 0, 197)
(152, 216, 4, 3, 201)
(233, 73, 12, 4, 139)
(234, 224, 2, 2, 201)
(277, 224, 15, 0, 219)
(273, 222, 2, 1, 214)
(132, 224, 125, 0, 222)
(273, 221, 1, 1, 186)
(223, 56, 1, 9, 115)
(125, 109, 3, 4, 120)
(299, 74, 0, 7, 175)
(215, 123, 0, 16, 123)
(194, 207, 24, 2, 211)
(244, 174, 0, 8, 94)
(0, 181, 4, 2, 212)
(39, 65, 4, 4, 132)
(132, 224, 26, 0, 145)
(257, 126, 0, 64, 223)
(1, 206, 61, 0, 32)
(258, 222, 5, 1, 127)
(208, 156, 3, 4, 219)
(259, 224, 61, 0, 126)
(95, 33, 107, 0, 199)
(205, 191, 2, 6, 236)
(225, 128, 5, 3, 241)
(50, 189, 157, 0, 0)
(256, 198, 42, 0, 61)
(63, 180, 10, 1, 234)
(248, 82, 1, 17, 162)
(233, 198, 36, 0, 36)
(64, 24, 13, 7, 225)
(278, 201, 15, 0, 181)
(164, 195, 2, 4, 181)
(216, 221, 5, 2, 142)
(261, 152, 0, 60, 203)
(44, 94, 0, 0, 183)
(90, 178, 22, 2, 239)
(282, 70, 0, 74, 251)
(160, 146, 3, 7, 192)
(250, 155, 5, 2, 175)
(63, 224, 127, 0, 244)
(169, 187, 25, 0, 166)
(51, 49, 0, 0, 116)
(57, 185, 13, 2, 108)
(127, 216, 50, 0, 87)
(46, 100, 24, 0, 252)
(287, 205, 0, 0, 247)
(0, 201, 25, 2, 197)
(215, 136, 0, 29, 96)
(236, 11, 1, 21, 187)
(263, 196, 0, 0, 94)
(263, 171, 6, 0, 172)
(133, 205, 123, 0, 122)
(122, 153, 2, 5, 106)
(299, 213, 0, 0, 38)
(220, 67, 1, 18, 199)
(247, 224, 7, 0, 6)
(174, 73, 17, 2, 148)
(147, 191, 3, 4, 208)
(200, 125, 3, 7, 153)
(61, 224, 170, 0, 205)
(216, 3, 20, 9, 226)
(61, 211, 0, 0, 129)
(264, 150, 0, 74, 41)
(188, 224, 83, 0, 255)
(67, 108, 18, 3, 41)
(182, 19, 0, 0, 107)
(295, 138, 0, 75, 85)
(101, 224, 193, 0, 125)
(281, 224, 6, 0, 97)
(299, 114, 0, 9, 6)
(191, 117, 5, 9, 108)
(230, 224, 0, 0, 23)
(273, 181, 0, 43, 0)
(273, 198, 0, 17, 255)
(241, 136, 2, 13, 145)
(299, 201, 0, 0, 111)
(141, 55, 3, 4, 128)
(276, 185, 3, 4, 185)
(252, 224, 0, 0, 208)
(278, 139, 2, 2, 175)
(31, 100, 7, 10, 197)
(194, 224, 74, 0, 145)
(133, 26, 4, 18, 188)
(296, 158, 3, 1, 93)
(143, 203, 2, 3, 242)
(77, 21, 12, 5, 143)
(18, 212, 0, 3, 68)
(186, 88, 19, 3, 129)
(278, 194, 18, 1, 163)
(145, 207, 0, 0, 240)
(248, 99, 0, 13, 92)
(274, 10, 0, 18, 140)
(116, 15, 21, 3, 107)
(22, 203, 163, 0, 183)
(42, 178, 7, 8, 203)
(75, 89, 3, 7, 174)
(102, 202, 5, 3, 65)
(76, 224, 167, 0, 122)
(269, 224, 23, 0, 91)
(123, 224, 0, 0, 136)
(293, 177, 7, 5, 196)
(110, 195, 3, 6, 122)
(254, 221, 14, 0, 182)
(61, 181, 7, 2, 135)
(76, 224, 89, 0, 199)
(166, 113, 0, 24, 243)
(79, 121, 2, 3, 101)
(197, 221, 0, 11, 80)
(252, 212, 20, 1, 179)
(0, 200, 174, 0, 218)
(225, 109, 11, 1, 158)
(5, 224, 174, 0, 218)
(24, 182, 6, 2, 170)
(205, 178, 16, 0, 92)
(299, 123, 0, 52, 152)
(275, 117, 0, 47, 84)
(117, 196, 5, 2, 234)
(276, 153, 17, 1, 193)
(299, 64, 0, 30, 222)
(252, 162, 6, 8, 219)
(275, 22, 0, 101, 216)
(224, 100, 0, 5, 215)
(299, 165, 0, 0, 63)
(124, 39, 18, 1, 154)
(299, 56, 0, 11, 76)
(158, 188, 7, 2, 230)
(209, 33, 4, 5, 222)
(299, 41, 0, 75, 156)
(228, 188, 22, 0, 66)
(196, 111, 8, 4, 148)
(20, 191, 29, 3, 220)
(268, 88, 4, 6, 200)
(281, 126, 0, 20, 100)
(129, 202, 81, 0, 6)
(128, 224, 59, 0, 109)
(268, 103, 0, 1, 10)
(213, 76, 1, 2, 205)
(244, 115, 2, 9, 144)
(232, 224, 19, 0, 148)
(264, 60, 23, 1, 205)
(177, 193, 1, 7, 163)
(242, 202, 57, 0, 115)
(179, 217, 46, 0, 47)
(212, 93, 4, 2, 199)
(209, 99, 4, 7, 117)
(165, 92, 10, 5, 119)
(299, 17, 0, 0, 102)
(58, 61, 13, 4, 136)
(292, 212, 6, 3, 166)
(299, 157, 0, 8, 251)
(285, 52, 0, 167, 86)
(110, 224, 40, 0, 0)
(12, 38, 9, 3, 157)
(182, 129, 0, 24, 219)
(247, 36, 42, 1, 194)
(192, 148, 3, 9, 163)
(172, 59, 19, 0, 29)
(222, 75, 11, 2, 200)
(260, 20, 2, 5, 227)
(299, 224, 0, 0, 134)
(292, 183, 0, 12, 230)
(297, 123, 0, 64, 120)
(37, 224, 258, 0, 161)
(143, 146, 5, 9, 230)
(299, 33, 0, 116, 111)
(197, 211, 6, 2, 231)
(99, 224, 153, 0, 60)
(150, 58, 9, 1, 204)
(236, 193, 29, 0, 0)
(275, 215, 0, 6, 110)
(290, 31, 1, 6, 218)
(272, 224, 27, 0, 217)
(299, 0, 0, 13, 220)
(230, 150, 4, 6, 221)
(293, 94, 2, 7, 148)
(176, 166, 7, 5, 214)
(286, 173, 0, 0, 193)
(168, 120, 7, 7, 180)
(299, 213, 0, 0, 103)
(278, 3, 0, 121, 224)
(265, 177, 5, 2, 205)
(299, 151, 0, 5, 242)
(181, 175, 77, 1, 237)
(299, 169, 0, 53, 6)
(100, 47, 0, 9, 177)
(287, 59, 0, 105, 206)
(299, 213, 0, 0, 139)
(119, 180, 56, 0, 217)
(116, 12, 5, 4, 92)
(172, 105, 27, 2, 197)
(57, 49, 0, 10, 69)
(299, 218, 0, 1, 179)
(230, 61, 0, 0, 29)
(215, 205, 0, 6, 0)
(289, 164, 9, 2, 204)
(129, 57, 12, 10, 197)
(55, 204, 86, 0, 143)
(299, 150, 0, 88, 60)
(60, 184, 57, 0, 255)
(294, 219, 1, 3, 102)
(256, 134, 43, 0, 15)
(163, 222, 0, 0, 245)
(267, 0, 0, 127, 150)
(84, 223, 36, 0, 168)
(299, 145, 0, 70, 82)
(228, 53, 1, 29, 168)
(160, 199, 6, 4, 114)
(169, 155, 0, 0, 226)
(21, 224, 206, 0, 61)
(100, 158, 213, 0, 149)
(175, 214, 0, 2, 162)
(299, 65, 0, 51, 200)
(267, 161, 0, 0, 96)
(293, 43, 1, 2, 212)
(268, 179, 0, 0, 5)
(1, 202, 223, 0, 96)
(196, 224, 29, 0, 135)
(265, 166, 6, 3, 240)
(226, 209, 2, 4, 186)
(288, 84, 11, 1, 222)
(203, 171, 8, 3, 201)
(220, 30, 51, 0, 248)
(97, 201, 0, 2, 101)
(209, 222, 7, 1, 165)
(294, 145, 5, 1, 147)
(264, 220, 7, 4, 147)
(294, 193, 5, 0, 89)
(143, 207, 5, 5, 189)
(294, 160, 0, 0, 227)
(287, 202, 12, 0, 241)
(236, 221, 1, 3, 146)
(290, 176, 8, 1, 205)
(0, 143, 13, 6, 85)
(163, 192, 2, 1, 237)
(154, 160, 2, 5, 102)
(124, 220, 140, 0, 158)
(210, 109, 10, 0, 225)
(299, 215, 1, 3, 127)
(219, 22, 2, 9, 206)
(164, 141, 2, 3, 175)
(159, 67, 17, 3, 174)
(256, 184, 3, 5, 179)
(291, 169, 0, 8, 95)
(299, 23, 0, 8, 219)
(284, 169, 0, 36, 8)
(268, 16, 0, 49, 88)
(235, 215, 19, 1, 170)
(285, 165, 0, 20, 130)
(274, 203, 0, 0, 123)
(18, 23, 9, 9, 167)
(16, 53, 3, 8, 132)
(152, 222, 94, 0, 80)
(299, 82, 0, 97, 178)
(182, 190, 1, 4, 215)
(147, 70, 10, 2, 106)
(296, 216, 3, 1, 128)
(108, 221, 5, 1, 210)
(198, 150, 1, 4, 197)
(79, 219, 163, 0, 253)
(234, 85, 3, 16, 199)
(0, 224, 251, 0, 136)
(248, 208, 1, 2, 167)
(267, 0, 2, 15, 194)
(227, 150, 0, 0, 137)
(159, 192, 74, 0, 239)
(299, 162, 0, 0, 217)
(292, 207, 5, 2, 215)
(285, 224, 0, 0, 242)
(231, 224, 20, 0, 66)
(255, 208, 0, 30, 246)
(273, 104, 1, 4, 157)
(266, 196, 0, 0, 141)
(200, 75, 0, 77, 129)
(173, 223, 22, 1, 182)
(27, 78, 2, 29, 106)
(273, 15, 0, 8, 229)
(151, 198, 134, 0, 145)
(271, 51, 3, 1, 214)
(229, 4, 0, 0, 0)
(297, 73, 0, 56, 98)
(178, 222, 38, 0, 220)
(288, 67, 2, 7, 200)
(78, 216, 27, 0, 215)
(253, 218, 0, 0, 104)
(159, 211, 71, 0, 255)
(277, 218, 35, 0, 193)
(235, 13, 1, 2, 110)
(285, 103, 4, 3, 151)
(110, 205, 5, 1, 214)
(189, 183, 2, 5, 221)
(0, 149, 14, 5, 69)
(27, 159, 39, 0, 51)
(0, 0, 18, 6, 182)
(25, 178, 13, 3, 87)
(7, 224, 46, 0, 15)
(231, 67, 16, 2, 198)
(176, 187, 1, 2, 76)
(177, 48, 0, 89, 9)
(254, 132, 2, 4, 151)
(193, 104, 1, 4, 230)
(247, 42, 2, 5, 216)
(65, 54, 3, 3, 239)
(231, 224, 0, 0, 136)
(299, 5, 0, 75, 83)
(155, 155, 1, 5, 159)
(91, 217, 21, 1, 220)
(0, 138, 7, 1, 48)
(299, 126, 19, 0, 87)
(299, 71, 1, 3, 161)
(286, 113, 0, 96, 127)
(279, 32, 0, 68, 110)
(283, 9, 0, 81, 113)
(0, 222, 5, 2, 172)
(132, 157, 1, 13, 224)
(112, 18, 8, 4, 161)
(299, 162, 0, 57, 17)
(292, 44, 1, 16, 192)
(47, 3, 0, 120, 244)
(112, 210, 18, 0, 42)
(285, 192, 7, 2, 167)
(141, 214, 29, 0, 140)
(38, 224, 14, 0, 104)
(251, 187, 27, 0, 134)
(134, 184, 4, 6, 90)
(7, 170, 12, 9, 56)
(85, 224, 27, 0, 52)
(283, 168, 1, 0, 33)
(299, 116, 0, 11, 170)
(253, 224, 19, 0, 227)
(285, 73, 0, 48, 154)
(148, 208, 0, 0, 227)
(292, 57, 1, 11, 215)
(34, 40, 35, 3, 195)
(123, 148, 1, 9, 173)
(136, 155, 7, 4, 244)
(62, 115, 4, 5, 180)
(243, 152, 3, 11, 203)
(126, 140, 8, 2, 181)
(270, 113, 0, 111, 196)
(277, 128, 2, 2, 240)
(131, 214, 129, 0, 212)
(180, 0, 37, 5, 222)
(159, 222, 38, 0, 151)
(299, 206, 8, 4, 181)
(259, 5, 2, 7, 143)
(299, 100, 0, 55, 31)
(162, 224, 36, 0, 90)
(277, 74, 1, 0, 11)
(192, 218, 38, 0, 185)
(198, 166, 12, 0, 106)
(252, 60, 0, 8, 52)
(299, 222, 0, 4, 219)
(180, 113, 0, 15, 106)
(215, 205, 52, 0, 213)
(115, 208, 53, 0, 219)
(159, 130, 2, 11, 108)
(201, 217, 23, 0, 103)
(185, 140, 2, 2, 160)
(104, 206, 146, 0, 7)
(70, 140, 5, 11, 181)
(225, 178, 34, 0, 55)
(239, 149, 2, 1, 99)
(33, 22, 20, 5, 192)
(125, 202, 174, 0, 110)
(254, 208, 0, 16, 24)
(98, 54, 8, 8, 112)
(276, 115, 0, 15, 132)
(207, 108, 15, 1, 165)
(222, 166, 0, 25, 58)
(248, 215, 13, 0, 176)
(65, 144, 9, 3, 174)
(13, 198, 5, 4, 179)
(299, 183, 0, 41, 51)
(37, 144, 153, 0, 255)
(259, 69, 6, 1, 172)
(299, 224, 0, 0, 57)
(282, 142, 1, 1, 234)
(295, 224, 4, 0, 125)
(223, 116, 5, 8, 109)
(298, 124, 0, 55, 229)
(299, 219, 24, 0, 211)
(176, 159, 1, 5, 150)
(284, 0, 0, 108, 175)
(192, 186, 2, 6, 242)
(250, 224, 54, 0, 122)
(67, 224, 53, 0, 107)
(146, 110, 1, 6, 147)
(289, 49, 0, 134, 28)
(208, 223, 4, 1, 197)
(217, 190, 0, 0, 172)
(266, 163, 0, 8, 30)
(233, 172, 4, 3, 222)
(269, 178, 0, 25, 150)
(292, 167, 0, 57, 234)
(274, 183, 0, 21, 107)
(179, 194, 12, 2, 119)
(198, 172, 0, 6, 71)
(255, 32, 0, 73, 48)
(34, 96, 1, 26, 153)
(290, 96, 2, 4, 223)
(148, 135, 11, 4, 248)
(214, 224, 0, 0, 191)
(213, 129, 0, 52, 0)
(260, 63, 1, 1, 133)
(274, 224, 0, 0, 15)
(294, 40, 0, 28, 114)
(100, 91, 0, 116, 190)
(281, 34, 9, 0, 164)
(148, 203, 38, 0, 25)
(277, 0, 3, 5, 151)
(299, 45, 0, 64, 174)
(43, 181, 119, 0, 147)
(283, 135, 9, 1, 190)
(36, 155, 0, 0, 242)
(46, 75, 20, 11, 198)
(170, 163, 1, 10, 230)
(74, 208, 27, 0, 83)
(233, 209, 0, 0, 35)
(277, 195, 0, 24, 239)
(139, 195, 21, 0, 255)
(96, 67, 0, 24, 213)
(272, 170, 8, 5, 226)
(299, 16, 0, 82, 81)
(291, 120, 1, 1, 232)
(127, 204, 3, 2, 232)
(99, 203, 179, 0, 142)
(299, 76, 0, 1, 82)
(205, 202, 0, 29, 160)
(213, 206, 12, 0, 134)
(192, 224, 0, 0, 16)
(238, 207, 31, 0, 43)
(95, 224, 0, 0, 15)
(225, 95, 4, 2, 216)
(276, 173, 14, 1, 224)
(275, 112, 0, 105, 187)
(222, 219, 61, 0, 31)
(188, 207, 91, 0, 92)
(44, 194, 30, 1, 222)
(169, 101, 5, 4, 114)
(82, 204, 4, 1, 183)
(0, 95, 32, 0, 103)
(63, 207, 118, 0, 57)
(293, 220, 3, 2, 107)
(299, 197, 1, 3, 150)
(264, 117, 0, 95, 193)
(102, 23, 6, 11, 184)
(28, 224, 193, 0, 0)
(171, 192, 101, 0, 112)
(299, 166, 0, 11, 0)
(299, 201, 0, 0, 245)
(78, 59, 5, 4, 118)
(265, 109, 3, 2, 174)
(282, 146, 17, 0, 150)
(203, 212, 21, 0, 0)
(196, 218, 0, 0, 34)
(283, 127, 0, 51, 189)
(281, 197, 0, 0, 54)
(254, 175, 0, 47, 166)
(112, 186, 0, 0, 101)
(38, 221, 225, 0, 97)
(151, 163, 63, 0, 11)
(150, 210, 11, 1, 245)
(267, 142, 8, 1, 128)
(299, 113, 0, 59, 17)
(279, 50, 16, 4, 208)
(232, 160, 1, 5, 107)
(280, 211, 2, 2, 162)
(132, 220, 56, 0, 68)
(186, 224, 45, 0, 185)
(295, 103, 3, 2, 174)
(260, 186, 0, 0, 238)
(251, 142, 8, 1, 167)
(289, 208, 1, 3, 230)
(260, 194, 0, 3, 40)
(247, 215, 20, 0, 159)
(58, 215, 220, 0, 119)
(171, 147, 2, 11, 144)
(299, 0, 1, 3, 148)
(156, 168, 83, 0, 238)
(223, 68, 0, 62, 82)
(276, 183, 0, 0, 123)
(299, 203, 0, 16, 12)
(72, 166, 109, 0, 56)
(175, 105, 12, 4, 167)
(72, 167, 6, 3, 196)
(63, 130, 6, 3, 100)
(172, 175, 1, 6, 170)
(176, 114, 7, 3, 184)
(299, 13, 0, 136, 104)
(265, 145, 6, 1, 252)
(202, 224, 23, 0, 0)
(139, 224, 100, 0, 6)
(296, 221, 3, 3, 94)
(277, 181, 0, 22, 102)
(181, 173, 15, 4, 238)
(165, 146, 31, 0, 218)
(298, 0, 0, 64, 228)
(102, 188, 1, 5, 214)
(104, 152, 4, 5, 246)
(291, 140, 0, 31, 235)
(292, 109, 1, 28, 215)
(34, 190, 161, 0, 175)
(252, 201, 0, 5, 144)
(259, 184, 0, 15, 176)
(299, 7, 0, 82, 141)
(107, 180, 1, 18, 178)
(299, 174, 0, 0, 227)
(146, 218, 42, 0, 210)
(90, 109, 8, 2, 172)
(285, 219, 0, 0, 21)
(180, 152, 0, 30, 172)
(149, 155, 0, 11, 202)
(6, 140, 173, 0, 57)
(15, 210, 0, 0, 131)
(299, 138, 0, 85, 178)
(299, 218, 0, 0, 62)
(299, 28, 18, 11, 187)
(132, 30, 0, 50, 255)
(8, 222, 213, 0, 31)
(195, 18, 0, 114, 95)
(299, 224, 0, 0, 106)
(89, 224, 150, 0, 34)
(109, 183, 2, 2, 109)
(91, 104, 75, 0, 225)
(222, 171, 9, 4, 230)
(268, 160, 4, 0, 132)
(60, 190, 90, 0, 230)
(269, 142, 0, 35, 125)
(151, 219, 0, 5, 14)
(191, 159, 54, 0, 207)
(72, 224, 189, 0, 32)
(284, 224, 0, 0, 31)
(287, 141, 0, 37, 185)
(274, 224, 0, 13, 229)
(259, 173, 23, 0, 69)
(202, 115, 5, 7, 93)
(240, 143, 2, 3, 226)
(287, 39, 0, 0, 0)
(291, 187, 2, 4, 142)
(123, 224, 69, 0, 197)
(299, 207, 0, 19, 45)
(283, 83, 0, 58, 135)
(299, 178, 0, 43, 58)
(180, 24, 5, 8, 203)
(94, 31, 2, 19, 127)
(272, 224, 27, 0, 7)
(189, 224, 52, 0, 161)
(25, 92, 5, 12, 101)
(107, 210, 158, 0, 195)
(230, 170, 16, 0, 61)
(247, 224, 23, 0, 221)
(224, 203, 17, 2, 207)
(179, 106, 9, 0, 25)
(274, 213, 3, 4, 149)
(273, 137, 3, 2, 217)
(265, 158, 0, 4, 189)
(181, 190, 1, 2, 223)
(299, 204, 0, 33, 109)
(175, 80, 0, 20, 49)
(198, 224, 53, 0, 6)
(260, 124, 0, 28, 217)
(294, 199, 0, 2, 129)
(231, 207, 63, 0, 156)
(299, 91, 0, 54, 25)
(96, 224, 33, 0, 0)
(298, 64, 0, 1, 24)
(280, 56, 2, 14, 196)
(199, 203, 123, 0, 90)
(236, 224, 42, 0, 0)
(117, 50, 170, 0, 98)
(291, 127, 8, 2, 221)
(160, 49, 0, 63, 27)
(187, 47, 9, 3, 165)
(108, 62, 1, 15, 178)
(282, 145, 1, 0, 30)
(66, 224, 7, 0, 226)
(194, 191, 0, 31, 82)
(299, 208, 0, 16, 156)
(142, 224, 27, 0, 202)
(143, 219, 8, 1, 220)
(229, 213, 48, 0, 237)
(293, 160, 11, 1, 166)
(227, 84, 1, 11, 126)
(173, 222, 24, 1, 199)
(276, 122, 3, 6, 127)
(124, 195, 2, 6, 100)
(265, 163, 0, 32, 130)
(299, 224, 0, 0, 212)
(275, 214, 24, 0, 0)
(141, 203, 5, 1, 167)
(232, 178, 0, 0, 116)
(40, 21, 6, 5, 157)
(175, 150, 3, 8, 247)
(159, 160, 5, 5, 82)
(191, 213, 3, 0, 156)
(299, 83, 18, 8, 221)
(225, 111, 0, 0, 84)
(138, 224, 34, 0, 158)
(299, 211, 0, 0, 104)
(159, 213, 71, 0, 69)
(244, 186, 0, 0, 182)
(0, 224, 0, 0, 112)
(95, 201, 5, 1, 207)
(61, 224, 154, 0, 68)
(229, 207, 15, 2, 184)
(184, 212, 57, 0, 104)
(259, 164, 0, 42, 255)
(254, 88, 14, 2, 176)
(250, 203, 5, 1, 177)
(110, 27, 3, 10, 159)
(173, 139, 1, 17, 140)
(299, 219, 0, 0, 255)
(299, 37, 0, 8, 42)
(263, 88, 12, 0, 211)
(292, 174, 0, 42, 16)
(299, 224, 0, 1, 170)
(233, 190, 26, 0, 87)
(299, 57, 0, 34, 188)
(299, 180, 0, 44, 253)
(165, 197, 3, 4, 174)
(124, 144, 66, 0, 223)
(234, 83, 0, 61, 233)
(255, 224, 9, 0, 126)
(255, 223, 3, 1, 111)
(240, 209, 5, 1, 186)
(292, 212, 0, 7, 140)
(155, 17, 0, 20, 139)
(265, 93, 0, 38, 81)
(0, 204, 242, 0, 196)
(250, 212, 0, 5, 108)
(220, 56, 3, 6, 208)
(234, 78, 37, 0, 228)
(106, 50, 3, 5, 155)
(279, 75, 1, 4, 162)
(175, 206, 51, 0, 87)
(231, 139, 0, 47, 249)
(148, 103, 13, 0, 210)
(114, 209, 162, 0, 104)
(299, 31, 0, 117, 158)
(299, 98, 0, 4, 63)
(280, 207, 1, 0, 223)
(212, 145, 12, 3, 244)
(272, 178, 0, 0, 155)
(83, 145, 0, 25, 231)
(202, 135, 28, 0, 188)
(195, 80, 0, 0, 56)
(230, 220, 15, 0, 17)
(128, 202, 4, 2, 147)
(211, 102, 70, 0, 59)
(246, 129, 4, 1, 222)
(185, 108, 11, 4, 102)
(3, 224, 96, 0, 48)
(88, 190, 0, 13, 24)
(143, 202, 94, 0, 255)
(277, 200, 8, 1, 192)
(248, 33, 28, 0, 123)
(272, 188, 0, 4, 153)
(143, 160, 3, 4, 118)
(299, 206, 0, 8, 136)
(299, 141, 0, 60, 53)
(276, 123, 13, 1, 202)
(261, 163, 0, 7, 202)
(284, 153, 0, 17, 169)
(294, 26, 1, 8, 146)
(241, 184, 25, 0, 0)
(299, 186, 0, 24, 129)
(44, 141, 27, 2, 225)
(247, 222, 2, 9, 114)
(188, 47, 5, 12, 156)
(101, 148, 10, 3, 64)
(189, 223, 0, 12, 148)
(276, 148, 0, 35, 155)
(268, 204, 5, 1, 189)
(90, 172, 4, 2, 248)
(0, 130, 4, 2, 164)
(299, 0, 0, 65, 208)
(294, 176, 0, 1, 107)
(274, 224, 25, 0, 23)
(230, 224, 18, 0, 143)
(0, 221, 4, 2, 219)
(299, 51, 0, 87, 131)
(106, 224, 83, 0, 215)
(140, 150, 3, 14, 238)
(154, 130, 0, 6, 128)
(276, 52, 0, 128, 43)
(293, 89, 0, 94, 133)
(82, 61, 4, 6, 229)
(235, 199, 1, 1, 196)
(217, 154, 10, 2, 111)
(119, 192, 144, 0, 144)
(239, 20, 2, 9, 127)
(259, 150, 13, 0, 241)
(189, 178, 0, 32, 141)
(187, 24, 40, 0, 145)
(166, 224, 1, 0, 115)
(99, 215, 96, 0, 161)
(160, 43, 0, 0, 180)
(255, 217, 39, 0, 89)
(299, 76, 0, 25, 61)
(62, 207, 237, 0, 168)
(216, 167, 9, 2, 245)
(261, 198, 0, 16, 181)
(27, 224, 161, 0, 219)
(299, 164, 0, 39, 177)
(275, 0, 0, 0, 33)
(114, 224, 18, 0, 109)
(297, 58, 5, 6, 213)
(214, 198, 0, 13, 149)
(265, 90, 2, 13, 179)
(200, 163, 2, 1, 235)
(251, 106, 2, 3, 179)
(299, 83, 0, 48, 40)
(286, 137, 0, 34, 204)
(129, 180, 1, 1, 85)
(60, 197, 6, 5, 242)
(230, 43, 0, 181, 71)
(248, 207, 3, 1, 213)
(0, 222, 84, 0, 87)
(122, 147, 1, 10, 199)
(74, 196, 247, 0, 25)
(284, 63, 3, 8, 224)
(296, 127, 0, 53, 0)
(126, 215, 8, 5, 213)
(272, 222, 27, 0, 169)
(259, 224, 28, 0, 108)
(212, 154, 1, 5, 126)
(43, 218, 2, 4, 197)
(247, 65, 39, 0, 4)
(138, 163, 4, 1, 133)
(75, 224, 97, 0, 82)
(265, 107, 1, 18, 207)
(249, 224, 37, 0, 213)
(244, 204, 24, 0, 215)
(233, 181, 27, 1, 229)
(33, 129, 10, 3, 206)
(299, 140, 0, 11, 0)
(252, 224, 5, 0, 106)
(299, 69, 0, 37, 183)
(120, 59, 3, 2, 101)
(298, 143, 0, 28, 76)
(160, 185, 129, 0, 56)
(268, 65, 0, 28, 170)
(259, 165, 0, 15, 149)
(255, 36, 2, 14, 177)
(97, 219, 0, 0, 73)
(233, 0, 0, 11, 82)
(73, 224, 144, 0, 90)
(117, 40, 1, 7, 194)
(226, 224, 18, 0, 1)
(256, 191, 17, 1, 188)
(272, 156, 1, 7, 197)
(244, 148, 8, 0, 54)
(299, 220, 0, 7, 220)
(161, 192, 2, 9, 81)
(299, 207, 0, 0, 25)
(284, 55, 4, 2, 227)
(146, 224, 11, 0, 87)
(260, 122, 0, 52, 141)
(26, 145, 107, 0, 249)
(74, 224, 0, 0, 96)
(289, 115, 4, 2, 185)
(197, 182, 23, 0, 88)
(211, 123, 2, 2, 180)
(101, 202, 39, 0, 206)
(252, 221, 2, 2, 182)
(52, 224, 124, 0, 197)
(271, 201, 0, 11, 205)
(239, 190, 0, 0, 14)
(281, 111, 0, 110, 109)
(299, 96, 4, 7, 225)
(299, 123, 0, 47, 30)
(289, 22, 5, 5, 196)
(299, 129, 0, 3, 171)
(292, 222, 0, 0, 12)
(276, 163, 0, 0, 255)
(286, 209, 0, 9, 193)
(284, 23, 0, 0, 112)
(263, 206, 0, 9, 65)
(187, 87, 10, 10, 133)
(139, 190, 90, 0, 130)
(144, 220, 18, 0, 15)
(132, 198, 146, 0, 127)
(29, 224, 67, 0, 159)
(216, 82, 0, 0, 94)
(250, 187, 0, 37, 231)
(0, 208, 13, 0, 35)
(283, 187, 0, 0, 48)
(275, 122, 0, 79, 98)
(146, 137, 1, 21, 235)
(264, 205, 10, 2, 168)
(273, 219, 8, 0, 6)
(184, 158, 51, 0, 177)
(299, 168, 0, 73, 167)
(294, 223, 3, 1, 111)
(121, 222, 36, 0, 99)
(299, 224, 0, 0, 33)
(98, 82, 3, 2, 105)
(172, 4, 13, 9, 224)
(247, 193, 41, 0, 39)
(57, 64, 9, 1, 174)
(76, 224, 119, 0, 190)
(85, 147, 13, 2, 142)
(257, 154, 3, 1, 217)
(277, 211, 0, 13, 178)
(94, 42, 23, 0, 236)
(291, 160, 8, 0, 80)
(177, 37, 16, 4, 185)
(91, 191, 0, 0, 255)
(232, 77, 4, 6, 129)
(266, 85, 3, 3, 152)
(84, 205, 5, 6, 204)
(44, 186, 174, 0, 215)
(298, 185, 0, 0, 21)
(262, 0, 0, 106, 142)
(266, 186, 26, 0, 92)
(70, 188, 96, 0, 134)
(1, 210, 253, 0, 32)
(96, 143, 5, 6, 202)
(279, 59, 0, 0, 222)
(166, 224, 94, 0, 107)
(271, 198, 0, 0, 16)
(97, 187, 4, 5, 68)
(223, 224, 3, 0, 163)
(21, 221, 7, 2, 218)
(117, 93, 1, 11, 62)
(299, 224, 1, 0, 84)
(144, 49, 2, 16, 201)
(299, 178, 0, 0, 38)
(164, 100, 4, 16, 176)
(152, 224, 101, 0, 78)
(299, 203, 0, 12, 183)
(3, 181, 157, 0, 114)
(299, 205, 0, 0, 0)
(287, 180, 0, 0, 134)
(139, 65, 1, 9, 182)
(112, 56, 2, 7, 200)
(290, 59, 0, 46, 27)
(178, 224, 26, 0, 120)
(188, 224, 61, 0, 255)
(299, 55, 0, 66, 0)
(95, 44, 4, 7, 77)
(120, 210, 66, 0, 80)
(263, 113, 0, 18, 163)
(284, 216, 15, 0, 183)
(240, 85, 2, 10, 224)
(209, 133, 0, 0, 255)
(137, 224, 81, 0, 22)
(51, 41, 3, 18, 155)
(92, 148, 5, 1, 66)
(299, 102, 0, 85, 4)
(299, 102, 0, 75, 215)
(87, 218, 136, 0, 47)
(282, 203, 3, 5, 163)
(234, 30, 0, 121, 199)
(299, 91, 0, 59, 234)
(278, 98, 7, 1, 225)
(276, 80, 5, 5, 210)
(255, 223, 56, 0, 136)
(234, 66, 2, 17, 134)
(248, 177, 11, 0, 37)
(263, 169, 5, 1, 181)
(2, 91, 11, 2, 174)
(87, 174, 42, 0, 32)
(299, 165, 0, 22, 6)
(292, 223, 32, 0, 209)
(215, 71, 0, 91, 223)
(286, 224, 1, 2, 174)
(256, 125, 0, 78, 240)
(68, 211, 6, 1, 222)
(150, 80, 3, 11, 97)
(273, 40, 0, 27, 202)
(27, 217, 190, 0, 57)
(262, 151, 6, 3, 185)
(299, 57, 0, 67, 84)
(291, 30, 6, 2, 148)
(299, 140, 0, 0, 10)
(175, 223, 16, 0, 37)
(294, 61, 2, 4, 179)
(220, 224, 5, 2, 127)
(86, 224, 90, 0, 194)
(299, 117, 0, 22, 175)
(138, 42, 2, 9, 214)
(193, 216, 80, 0, 255)
(72, 58, 6, 4, 227)
(263, 142, 0, 14, 142)
(220, 223, 4, 1, 138)
(299, 0, 0, 120, 45)
(210, 133, 23, 3, 240)
(140, 221, 0, 3, 71)
(281, 222, 3, 0, 82)
(167, 135, 2, 1, 233)
(219, 211, 0, 0, 60)
(91, 199, 1, 13, 198)
(299, 206, 0, 8, 41)
(260, 208, 1, 1, 125)
(275, 135, 10, 1, 218)
(262, 195, 37, 0, 110)
(295, 27, 0, 111, 82)
(299, 39, 0, 13, 183)
(98, 219, 100, 0, 101)
(9, 137, 215, 0, 33)
(245, 155, 17, 0, 61)
(247, 2, 4, 5, 158)
(124, 215, 16, 2, 202)
(294, 151, 0, 0, 215)
(132, 194, 0, 17, 65)
(299, 150, 0, 0, 6)
(209, 207, 1, 0, 99)
(299, 79, 0, 0, 127)
(299, 145, 0, 2, 106)
(288, 186, 0, 0, 111)
(270, 154, 3, 3, 218)
(124, 165, 3, 5, 172)
(91, 10, 191, 0, 188)
(299, 147, 0, 13, 18)
(299, 224, 10, 0, 234)
(146, 201, 40, 0, 137)
(265, 223, 1, 1, 179)
(283, 123, 3, 2, 148)
(256, 135, 43, 0, 144)
(280, 204, 0, 5, 75)
(169, 182, 51, 0, 125)
(159, 208, 132, 0, 163)
(186, 199, 5, 1, 209)
(257, 187, 0, 0, 167)
(299, 217, 0, 17, 0)
(123, 224, 176, 0, 92)
(265, 203, 0, 21, 153)
(291, 197, 2, 1, 181)
(91, 119, 85, 0, 71)
(215, 148, 0, 0, 8)
(50, 158, 2, 20, 73)
(235, 97, 0, 112, 56)
(129, 200, 3, 3, 190)
(295, 122, 4, 0, 171)
(66, 91, 3, 8, 146)
(219, 125, 9, 1, 129)
(277, 173, 0, 8, 253)
(265, 133, 3, 5, 113)
(224, 105, 0, 19, 149)
(0, 158, 4, 1, 26)
(258, 221, 2, 1, 149)
(299, 160, 0, 28, 14)
(104, 132, 33, 1, 174)
(38, 204, 15, 2, 206)
(269, 224, 0, 0, 52)
(276, 221, 17, 0, 47)
(222, 224, 27, 0, 211)
(229, 182, 22, 2, 220)
(207, 192, 2, 3, 226)
(299, 136, 0, 24, 22)
(275, 64, 0, 154, 163)
(139, 103, 5, 1, 136)
(253, 206, 5, 1, 204)
(234, 223, 1, 1, 67)
(63, 168, 10, 2, 100)
(286, 206, 2, 2, 178)
(136, 50, 1, 30, 161)
(204, 179, 27, 0, 117)
(268, 103, 2, 6, 243)
(273, 161, 2, 4, 226)
(48, 133, 221, 0, 30)
(230, 180, 2, 1, 234)
(299, 224, 0, 0, 200)
(33, 208, 124, 0, 33)
(52, 144, 33, 0, 213)
(299, 144, 0, 64, 125)
(241, 224, 45, 0, 124)
(250, 93, 0, 83, 143)
(192, 133, 0, 41, 146)
(176, 28, 0, 148, 70)
(268, 183, 2, 5, 215)
(281, 201, 0, 0, 217)
(147, 180, 6, 0, 220)
(294, 48, 5, 2, 219)
(282, 50, 0, 149, 84)
(260, 71, 11, 2, 219)
(227, 224, 29, 0, 13)
(298, 224, 0, 0, 158)
(165, 184, 89, 0, 133)
(8, 192, 23, 0, 236)
(299, 59, 0, 0, 136)
(255, 224, 36, 0, 47)
(253, 179, 0, 16, 63)
(270, 25, 0, 161, 86)
(255, 224, 26, 0, 128)
(299, 4, 0, 180, 185)
(231, 196, 0, 0, 50)
(53, 224, 206, 0, 66)
(201, 162, 6, 3, 233)
(263, 85, 1, 8, 199)
(299, 168, 0, 22, 88)
(182, 224, 0, 0, 255)
(280, 224, 10, 0, 216)
(265, 222, 4, 0, 66)
(299, 118, 0, 45, 120)
(256, 133, 11, 1, 189)
(284, 181, 4, 0, 176)
(263, 224, 15, 0, 255)
(224, 68, 3, 1, 210)
(209, 190, 45, 0, 255)
(253, 49, 0, 57, 138)
(285, 166, 9, 1, 241)
(117, 195, 16, 0, 165)
(263, 82, 0, 0, 4)
(287, 47, 5, 5, 218)
(247, 34, 3, 3, 233)
(299, 224, 29, 0, 11)
(0, 223, 3, 1, 153)
(267, 214, 0, 0, 136)
(293, 90, 0, 0, 82)
(262, 119, 21, 0, 68)
(64, 198, 245, 0, 13)
(63, 224, 62, 0, 183)
(231, 32, 3, 15, 146)
(262, 103, 4, 3, 185)
(188, 0, 0, 23, 14)
(225, 147, 10, 1, 195)
(292, 53, 5, 2, 178)
(143, 177, 0, 0, 165)
(155, 76, 5, 9, 118)
(285, 64, 0, 123, 167)
(259, 115, 0, 60, 198)
(237, 177, 59, 0, 36)
(283, 179, 4, 2, 183)
(293, 153, 6, 1, 214)
(232, 122, 1, 8, 94)
(211, 207, 46, 0, 210)
(178, 85, 10, 3, 159)
(207, 224, 64, 0, 229)
(241, 102, 20, 2, 205)
(299, 197, 0, 0, 89)
(290, 177, 8, 1, 188)
(270, 54, 0, 176, 75)
(171, 183, 1, 4, 161)
(13, 149, 180, 0, 88)
(173, 191, 1, 6, 128)
(298, 115, 0, 50, 189)
(181, 40, 2, 50, 135)
(109, 224, 69, 0, 103)
(299, 46, 0, 49, 182)
(252, 224, 2, 2, 221)
(269, 162, 2, 5, 229)
(45, 201, 70, 0, 200)
(299, 149, 0, 32, 215)
(44, 224, 233, 0, 12)
(299, 224, 0, 10, 76)
(93, 224, 13, 14, 191)
(299, 42, 0, 51, 22)
(83, 205, 0, 0, 0)
(160, 187, 0, 0, 23)
(48, 36, 0, 138, 149)
(54, 224, 54, 0, 217)
(298, 148, 0, 26, 112)
(222, 188, 77, 0, 38)
(279, 150, 0, 71, 190)
(202, 168, 101, 0, 220)
(152, 208, 4, 5, 249)
(221, 11, 0, 84, 229)
(249, 112, 3, 3, 156)
(164, 162, 4, 12, 171)
(88, 39, 4, 21, 142)
(284, 152, 4, 6, 174)
(284, 25, 0, 126, 166)
(279, 99, 0, 42, 136)
(19, 43, 36, 0, 149)
(51, 224, 118, 0, 122)
(138, 224, 124, 0, 81)
(79, 206, 204, 0, 10)
(207, 214, 0, 0, 146)
(258, 207, 39, 0, 100)
(269, 110, 28, 0, 214)
(206, 142, 1, 7, 200)
(299, 218, 0, 0, 160)
(122, 60, 2, 8, 80)
(0, 44, 8, 4, 68)
(285, 170, 27, 1, 230)
(239, 202, 12, 1, 212)
(295, 11, 0, 135, 4)
(163, 203, 5, 1, 115)
(194, 190, 0, 3, 0)
(299, 177, 0, 0, 105)
(228, 214, 23, 0, 29)
(296, 146, 3, 0, 70)
(117, 224, 38, 0, 1)
(160, 224, 55, 0, 184)
(271, 189, 2, 0, 237)
(299, 53, 0, 35, 249)
(299, 41, 0, 113, 107)
(70, 170, 2, 6, 200)
(276, 124, 14, 1, 130)
(218, 112, 0, 43, 0)
(293, 154, 0, 23, 24)
(15, 151, 137, 0, 2)
(278, 208, 0, 0, 173)
(244, 203, 44, 0, 116)
(299, 177, 0, 6, 119)
(286, 132, 4, 2, 228)
(292, 75, 4, 1, 215)
(246, 177, 0, 7, 61)
(38, 197, 95, 0, 252)
(255, 217, 10, 0, 252)
(22, 219, 106, 0, 220)
(171, 64, 21, 1, 114)
(202, 97, 2, 7, 236)
(202, 224, 0, 4, 197)
(0, 195, 0, 0, 236)
(299, 4, 0, 50, 75)
(237, 148, 0, 76, 209)
(299, 33, 0, 174, 160)
(132, 199, 4, 3, 236)
(299, 96, 0, 70, 209)
(0, 193, 10, 2, 205)
(0, 121, 212, 0, 0)
(126, 207, 1, 1, 196)
(155, 176, 1, 13, 194)
(188, 201, 13, 0, 124)
(130, 213, 153, 0, 161)
(259, 224, 7, 0, 88)
(284, 80, 0, 58, 211)
(270, 124, 2, 5, 169)
(132, 169, 2, 7, 162)
(114, 209, 4, 0, 158)
(191, 104, 2, 2, 149)
(244, 16, 0, 10, 74)
(282, 101, 9, 2, 160)
(299, 101, 0, 49, 152)
(74, 100, 43, 0, 0)
(252, 218, 2, 2, 162)
(259, 140, 57, 0, 186)
(261, 224, 0, 0, 190)
(276, 82, 8, 1, 217)
(256, 120, 7, 1, 159)
(104, 202, 13, 2, 67)
(253, 51, 2, 13, 185)
(213, 182, 3, 10, 236)
(99, 218, 68, 0, 0)
(282, 53, 17, 0, 242)
(286, 21, 0, 161, 97)
(282, 157, 1, 3, 107)
(164, 219, 71, 0, 56)
(23, 220, 5, 1, 148)
(299, 85, 0, 43, 252)
(299, 224, 0, 0, 214)
(74, 224, 188, 0, 229)
(246, 124, 2, 1, 234)
(169, 127, 7, 3, 131)
(299, 179, 0, 9, 248)
(255, 151, 0, 31, 163)
(159, 77, 12, 3, 167)
(299, 44, 0, 112, 111)
(47, 100, 3, 17, 178)
(283, 61, 0, 15, 112)
(166, 111, 2, 8, 214)
(84, 208, 0, 2, 25)
(299, 55, 0, 29, 127)
(299, 83, 0, 127, 223)
(119, 164, 6, 0, 30)
(139, 186, 13, 1, 95)
(266, 197, 0, 0, 183)
(153, 129, 4, 4, 175)
(144, 207, 2, 1, 120)
(123, 20, 143, 0, 90)
(299, 121, 0, 9, 212)
(242, 134, 0, 71, 183)
(46, 183, 0, 28, 150)
(297, 144, 0, 19, 0)
(256, 92, 3, 4, 164)
(27, 180, 8, 1, 157)
(143, 158, 1, 3, 163)
(299, 206, 2, 0, 255)
(268, 83, 0, 19, 255)
(274, 188, 0, 0, 224)
(137, 103, 0, 6, 96)
(192, 23, 4, 22, 231)
(160, 220, 140, 0, 9)
(273, 192, 0, 31, 28)
(299, 0, 0, 54, 160)
(299, 160, 0, 22, 167)
(230, 69, 0, 135, 153)
(113, 199, 186, 0, 255)
(275, 198, 0, 7, 121)
(262, 224, 29, 0, 109)
(183, 224, 31, 0, 32)
(214, 123, 58, 0, 40)
(27, 16, 274, 0, 41)
(113, 224, 0, 0, 92)
(179, 191, 16, 0, 175)
(217, 204, 98, 0, 200)
(273, 24, 12, 1, 163)
(269, 139, 10, 1, 166)
(163, 53, 3, 21, 189)
(278, 212, 0, 8, 244)
(118, 224, 33, 0, 104)
(16, 136, 37, 1, 204)
(219, 52, 0, 0, 41)
(283, 219, 1, 2, 125)
(298, 48, 1, 10, 180)
(200, 168, 40, 1, 241)
(265, 151, 0, 0, 0)
(118, 138, 6, 4, 122)
(121, 178, 29, 0, 64)
(263, 209, 2, 1, 166)
(269, 16, 0, 83, 144)
(286, 106, 2, 3, 224)
(175, 190, 75, 0, 137)
(92, 175, 25, 2, 173)
(228, 80, 0, 0, 201)
(265, 210, 0, 9, 116)
(71, 69, 19, 5, 164)
(233, 144, 0, 3, 110)
(198, 210, 47, 0, 146)
(144, 223, 18, 1, 215)
(194, 99, 16, 2, 202)
(267, 137, 2, 2, 226)
(112, 160, 9, 3, 53)
(275, 224, 18, 0, 255)
(205, 102, 4, 5, 112)
(299, 177, 0, 47, 77)
(226, 79, 59, 0, 116)
(189, 132, 6, 8, 246)
(75, 155, 1, 1, 46)
(247, 73, 3, 2, 230)
(91, 208, 208, 0, 7)
(189, 224, 0, 0, 164)
(236, 190, 8, 1, 204)
(269, 224, 5, 0, 121)
(241, 52, 0, 23, 254)
(228, 70, 9, 4, 131)
(26, 109, 7, 3, 181)
(246, 71, 0, 32, 229)
(201, 224, 42, 0, 4)
(274, 224, 15, 0, 62)
(299, 112, 0, 66, 90)
(244, 204, 0, 0, 145)
(272, 36, 7, 2, 205)
(299, 12, 0, 197, 52)
(87, 122, 191, 0, 112)
(299, 49, 0, 45, 16)
(260, 25, 2, 16, 166)
(172, 224, 63, 0, 39)
(90, 148, 4, 5, 83)
(276, 199, 0, 0, 21)
(68, 137, 5, 3, 240)
(236, 59, 6, 7, 204)
(195, 176, 0, 7, 121)
(117, 183, 43, 0, 76)
(207, 224, 75, 0, 181)
(274, 138, 0, 27, 61)
(284, 211, 15, 0, 28)
(299, 70, 0, 98, 108)
(284, 107, 15, 0, 255)
(111, 0, 6, 7, 221)
(169, 218, 105, 0, 126)
(288, 159, 0, 0, 66)
(208, 132, 10, 8, 248)
(113, 187, 2, 15, 73)
(151, 160, 3, 21, 246)
(162, 185, 5, 2, 119)
(149, 125, 3, 4, 143)
(114, 176, 2, 3, 146)
(254, 210, 0, 27, 151)
(282, 224, 14, 0, 83)
(273, 138, 0, 17, 150)
(215, 148, 4, 5, 220)
(150, 45, 2, 22, 162)
(80, 193, 219, 0, 125)
(299, 216, 0, 7, 77)
(299, 171, 0, 39, 87)
(196, 224, 61, 0, 222)
(191, 192, 29, 0, 25)
(256, 177, 3, 0, 20)
(168, 211, 110, 0, 149)
(269, 203, 0, 21, 132)
(299, 207, 0, 0, 19)
(258, 124, 19, 1, 216)
(285, 221, 0, 0, 198)
(227, 115, 0, 91, 35)
(216, 198, 3, 1, 170)
(247, 44, 0, 70, 80)
(235, 220, 1, 4, 151)
(232, 224, 29, 0, 64)
(290, 208, 0, 0, 41)
(201, 102, 0, 15, 237)
(248, 75, 2, 5, 130)
(251, 133, 0, 3, 52)
(19, 224, 101, 0, 182)
(268, 151, 0, 82, 141)
(77, 175, 44, 0, 219)
(148, 94, 2, 31, 82)
(10, 175, 75, 0, 156)
(193, 180, 5, 2, 193)
(290, 210, 3, 0, 90)
(66, 212, 216, 0, 56)
(299, 100, 0, 98, 189)
(145, 185, 0, 3, 55)
(176, 75, 5, 1, 180)
(182, 137, 0, 41, 40)
(5, 202, 42, 0, 15)
(152, 31, 1, 35, 203)
(13, 211, 26, 2, 190)
(36, 220, 91, 0, 235)
(239, 182, 0, 0, 13)
(294, 185, 1, 14, 172)
(279, 124, 0, 50, 200)
(19, 144, 3, 10, 127)
(150, 197, 1, 2, 84)
(297, 70, 2, 0, 206)
(97, 223, 8, 1, 202)
(148, 206, 13, 1, 158)
(93, 135, 2, 9, 185)
(105, 212, 49, 0, 82)
(145, 203, 0, 0, 125)
(89, 194, 72, 0, 234)
(119, 224, 15, 0, 103)
(227, 157, 9, 1, 103)
(265, 161, 4, 1, 123)
(3, 195, 155, 0, 237)
(174, 189, 0, 0, 60)
(228, 35, 3, 10, 213)
(149, 75, 2, 2, 202)
(162, 107, 3, 18, 117)
(255, 200, 0, 0, 91)
(120, 221, 7, 3, 192)
(215, 224, 27, 0, 100)
(116, 224, 106, 0, 104)
(241, 211, 0, 0, 141)
(133, 166, 6, 2, 209)
(0, 144, 23, 0, 211)
(226, 64, 0, 105, 136)
(165, 93, 0, 0, 71)
(170, 183, 91, 0, 116)
(297, 160, 0, 3, 213)
(270, 42, 0, 20, 27)
(171, 222, 9, 0, 132)
(158, 224, 109, 0, 255)
(299, 60, 0, 47, 196)
(191, 204, 5, 3, 213)
(224, 0, 1, 38, 230)
(103, 211, 0, 12, 151)
(159, 192, 4, 7, 89)
(236, 224, 45, 0, 196)
(180, 175, 89, 0, 255)
(189, 157, 5, 2, 141)
(168, 132, 2, 15, 105)
(28, 152, 9, 2, 154)
(226, 118, 7, 2, 153)
(83, 224, 26, 0, 121)
(20, 223, 46, 0, 154)
(12, 161, 247, 0, 220)
(285, 222, 1, 1, 223)
(0, 65, 0, 6, 148)
(279, 200, 0, 6, 0)
(229, 162, 14, 0, 97)
(48, 202, 176, 0, 213)
(299, 99, 0, 92, 39)
(264, 4, 3, 5, 142)
(252, 222, 36, 0, 199)
(299, 73, 0, 137, 225)
(55, 20, 20, 5, 210)
(156, 208, 60, 0, 164)
(248, 224, 16, 0, 222)
(299, 216, 0, 8, 0)
(84, 78, 10, 3, 131)
(171, 224, 73, 0, 199)
(270, 224, 0, 0, 110)
(2, 224, 56, 0, 189)
(299, 170, 0, 0, 146)
(289, 215, 6, 2, 153)
(82, 215, 24, 0, 212)
(112, 85, 2, 3, 88)
(290, 0, 0, 99, 146)
(299, 121, 0, 49, 214)
(42, 97, 4, 15, 199)
(127, 224, 0, 0, 42)
(47, 224, 137, 0, 255)
(102, 224, 100, 0, 1)
(130, 44, 1, 26, 209)
(299, 170, 0, 6, 67)
(19, 224, 240, 0, 63)
(276, 197, 1, 1, 158)
(102, 203, 0, 21, 231)
(63, 224, 158, 0, 235)
(272, 166, 0, 0, 255)
(158, 208, 44, 0, 206)
(299, 11, 0, 91, 19)
(176, 26, 6, 0, 16)
(299, 184, 0, 12, 198)
(240, 12, 6, 6, 215)
(271, 224, 0, 0, 103)
(224, 159, 1, 1, 209)
(299, 2, 0, 116, 0)
(284, 78, 0, 17, 163)
(279, 29, 0, 14, 62)
(58, 0, 0, 0, 100)
(279, 143, 0, 2, 26)
(0, 78, 7, 11, 83)
(34, 201, 45, 0, 172)
(228, 190, 0, 43, 181)
(208, 119, 0, 62, 205)
(294, 209, 0, 0, 93)
(130, 224, 141, 0, 208)
(149, 136, 0, 18, 183)
(264, 11, 7, 3, 199)
(147, 0, 0, 10, 235)
(233, 162, 8, 0, 30)
(55, 113, 6, 18, 208)
(145, 224, 14, 0, 116)
(244, 156, 22, 0, 3)
(286, 148, 1, 5, 214)
(0, 100, 9, 6, 93)
(112, 110, 72, 0, 178)
(249, 224, 1, 1, 81)
(0, 191, 14, 1, 168)
(29, 81, 1, 17, 149)
(84, 140, 0, 10, 105)
(52, 100, 16, 2, 111)
(131, 83, 3, 4, 133)
(141, 108, 1, 8, 76)
(299, 192, 0, 16, 140)
(221, 214, 43, 0, 243)
(187, 203, 17, 0, 57)
(281, 165, 4, 2, 203)
(212, 182, 11, 0, 221)
(299, 85, 18, 2, 164)
(294, 58, 0, 20, 140)
(299, 150, 0, 0, 107)
(0, 192, 61, 0, 209)
(296, 40, 0, 71, 207)
(245, 15, 1, 26, 169)
(145, 224, 139, 0, 226)
(296, 208, 0, 16, 173)
(244, 16, 1, 4, 127)
(299, 106, 0, 45, 180)
(137, 29, 2, 13, 146)
(41, 157, 102, 0, 119)
(132, 45, 5, 2, 96)
(284, 52, 2, 3, 130)
(257, 127, 6, 1, 208)
(264, 210, 15, 0, 90)
(19, 222, 280, 0, 49)
(299, 224, 0, 0, 112)
(299, 10, 0, 1, 2)
(25, 32, 3, 3, 108)
(178, 208, 4, 0, 176)
(299, 153, 0, 0, 177)
(205, 157, 1, 3, 91)
(70, 210, 0, 14, 170)
(167, 61, 0, 59, 66)
(41, 156, 67, 0, 163)
(183, 170, 23, 2, 247)
(267, 39, 0, 28, 210)
(228, 30, 5, 2, 136)
(6, 224, 191, 0, 0)
(282, 137, 4, 4, 161)
(269, 0, 0, 119, 232)
(194, 166, 17, 0, 221)
(283, 44, 2, 9, 218)
(294, 19, 0, 93, 207)
(299, 198, 0, 0, 14)
(262, 202, 20, 0, 207)
(42, 224, 67, 0, 248)
(122, 185, 4, 1, 202)
(299, 123, 0, 101, 122)
(47, 55, 4, 5, 208)
(219, 36, 4, 7, 163)
(72, 170, 1, 5, 236)
(133, 91, 3, 4, 135)
(281, 224, 18, 0, 137)
(209, 222, 102, 0, 149)
(261, 223, 1, 1, 165)
(291, 91, 2, 6, 166)
(197, 196, 14, 0, 90)
(185, 131, 2, 8, 250)
(299, 212, 0, 0, 38)
(287, 159, 0, 60, 255)
(256, 100, 0, 12, 170)
(235, 209, 63, 0, 88)
(289, 82, 0, 77, 73)
(299, 200, 0, 4, 180)
(243, 122, 2, 1, 167)
(200, 184, 2, 3, 158)
(269, 196, 0, 2, 252)
(209, 197, 63, 0, 221)
(291, 222, 2, 0, 38)
(292, 132, 2, 1, 165)
(246, 116, 10, 4, 209)
(281, 89, 1, 2, 234)
(274, 224, 21, 0, 76)
(105, 142, 9, 1, 240)
(83, 166, 14, 1, 131)
(299, 73, 0, 81, 213)
(137, 78, 1, 14, 141)
(24, 117, 6, 9, 176)
(211, 209, 0, 8, 0)
(234, 23, 3, 3, 215)
(203, 75, 2, 8, 145)
(214, 71, 1, 5, 229)
(299, 71, 0, 79, 229)
(220, 25, 0, 125, 0)
(248, 122, 3, 2, 105)
(280, 18, 0, 28, 111)
(277, 199, 5, 1, 235)
(131, 128, 14, 1, 189)
(9, 174, 197, 0, 3)
(288, 216, 0, 8, 12)
(268, 125, 1, 5, 224)
(299, 65, 0, 80, 146)
(37, 188, 2, 11, 212)
(299, 202, 0, 22, 0)
(174, 164, 0, 0, 0)
(191, 81, 12, 2, 149)
(153, 148, 1, 16, 161)
(73, 119, 5, 5, 207)
(142, 205, 151, 0, 198)
(280, 152, 5, 3, 205)
(2, 224, 101, 0, 181)
(198, 10, 16, 11, 226)
(108, 107, 5, 1, 178)
(21, 210, 15, 0, 107)
(299, 91, 0, 23, 0)
(163, 206, 111, 0, 96)
(69, 67, 3, 4, 98)
(0, 209, 182, 0, 60)
(73, 219, 35, 0, 62)
(299, 206, 0, 0, 181)
(116, 197, 0, 22, 148)
(34, 68, 4, 0, 12)
(178, 98, 14, 3, 126)
(290, 224, 7, 0, 76)
(253, 21, 1, 5, 226)
(299, 199, 0, 0, 70)
(76, 224, 202, 0, 38)
(14, 47, 2, 4, 152)
(269, 66, 17, 1, 179)
(36, 224, 83, 0, 73)
(252, 30, 29, 0, 86)
(299, 42, 0, 130, 137)
(265, 26, 5, 2, 212)
(277, 165, 0, 40, 0)
(236, 136, 2, 3, 133)
(71, 224, 187, 0, 202)
(284, 181, 12, 1, 204)
(228, 111, 71, 0, 206)
(172, 78, 10, 1, 99)
(190, 84, 19, 1, 92)
(299, 155, 0, 10, 159)
(292, 223, 3, 2, 126)
(246, 216, 0, 8, 122)
(299, 164, 0, 39, 255)
(117, 197, 2, 7, 183)
(269, 68, 0, 0, 156)
(244, 208, 21, 0, 147)
(150, 224, 76, 0, 133)
(190, 166, 5, 6, 226)
(107, 126, 3, 9, 177)
(241, 204, 54, 0, 118)
(187, 207, 0, 0, 100)
(5, 208, 11, 0, 0)
(283, 192, 0, 32, 98)
(148, 115, 5, 3, 72)
(299, 155, 0, 0, 193)
(298, 177, 0, 0, 31)
(299, 214, 0, 0, 0)
(67, 114, 17, 3, 105)
(188, 122, 2, 2, 244)
(190, 45, 0, 11, 166)
(31, 224, 61, 0, 97)
(260, 133, 3, 0, 60)
(41, 224, 67, 0, 22)
(20, 209, 7, 2, 204)
(154, 224, 32, 0, 202)
(299, 224, 0, 0, 136)
(266, 194, 0, 0, 54)
(213, 121, 5, 2, 101)
(221, 209, 4, 0, 113)
(286, 99, 0, 114, 187)
(299, 72, 0, 144, 55)
(7, 217, 7, 4, 205)
(175, 125, 0, 36, 182)
(277, 188, 1, 4, 164)
(205, 175, 23, 0, 133)
(254, 224, 5, 0, 255)
(299, 224, 0, 0, 20)
(136, 179, 111, 0, 0)
(112, 10, 15, 3, 117)
(223, 224, 0, 0, 73)
(141, 80, 1, 7, 185)
(226, 153, 0, 49, 174)
(13, 224, 37, 0, 0)
(279, 224, 0, 10, 56)
(299, 22, 0, 158, 12)
(12, 224, 28, 0, 244)
(238, 175, 0, 0, 217)
(204, 137, 1, 19, 234)
(21, 224, 238, 0, 107)
(270, 92, 27, 1, 173)
(288, 189, 2, 4, 164)
(215, 175, 0, 0, 159)
(219, 187, 0, 12, 44)
(216, 0, 0, 136, 86)
(296, 144, 0, 62, 214)
(64, 188, 0, 17, 88)
(58, 45, 2, 6, 128)
(50, 193, 154, 0, 118)
(208, 53, 3, 7, 147)
(152, 208, 129, 0, 175)
(261, 137, 0, 64, 197)
(38, 221, 6, 2, 200)
(179, 206, 142, 0, 215)
(243, 152, 0, 0, 17)
(32, 119, 9, 2, 108)
(81, 222, 234, 0, 154)
(280, 115, 0, 27, 77)
(293, 174, 0, 0, 25)
(17, 164, 26, 7, 67)
(257, 224, 14, 0, 104)
(299, 134, 0, 17, 90)
(8, 213, 161, 0, 233)
(273, 0, 0, 87, 119)
(39, 157, 10, 2, 191)
(287, 157, 10, 1, 146)
(21, 189, 39, 0, 80)
(139, 220, 98, 0, 67)
(299, 186, 0, 5, 175)
(31, 43, 12, 6, 157)
(247, 183, 52, 0, 7)
(238, 121, 0, 78, 142)
(265, 132, 24, 0, 107)
(247, 216, 4, 2, 151)
(293, 103, 0, 47, 0)
(75, 125, 8, 10, 248)
(299, 224, 0, 0, 188)
(240, 93, 0, 14, 28)
(214, 153, 2, 2, 225)
(291, 14, 2, 11, 176)
(299, 159, 0, 13, 64)
(256, 43, 0, 100, 40)
(289, 46, 2, 2, 222)
(299, 214, 0, 12, 30)
(111, 152, 4, 1, 49)
(281, 121, 0, 15, 201)
(0, 133, 3, 3, 70)
(73, 213, 133, 0, 154)
(299, 141, 0, 30, 72)
(229, 123, 2, 1, 152)
(256, 224, 36, 0, 207)
(178, 215, 114, 0, 99)
(275, 115, 0, 52, 240)
(0, 204, 28, 0, 182)
(273, 188, 1, 2, 196)
(288, 140, 3, 1, 146)
(254, 210, 53, 0, 0)
(134, 191, 1, 5, 216)
(267, 8, 7, 1, 170)
(139, 224, 7, 0, 155)
(134, 64, 3, 2, 130)
(299, 41, 0, 24, 178)
(106, 209, 4, 4, 243)
(18, 224, 239, 0, 33)
(286, 81, 6, 1, 148)
(295, 47, 0, 173, 203)
(299, 33, 1, 2, 126)
(299, 224, 0, 0, 206)
(292, 34, 0, 16, 34)
(271, 224, 7, 0, 154)
(291, 35, 0, 24, 146)
(121, 224, 22, 0, 56)
(7, 224, 33, 0, 0)
(168, 14, 65, 2, 227)
(169, 224, 114, 0, 132)
(71, 171, 35, 0, 0)
(299, 98, 0, 19, 5)
(36, 69, 3, 6, 208)
(204, 193, 0, 0, 31)
(206, 192, 0, 17, 66)
(221, 109, 2, 3, 109)
(19, 188, 0, 14, 226)
(244, 0, 0, 11, 108)
(168, 180, 0, 20, 20)
(53, 203, 0, 2, 220)
(0, 217, 0, 0, 246)
(9, 68, 4, 6, 85)
(155, 32, 18, 1, 198)
(244, 224, 0, 0, 51)
(268, 167, 0, 0, 45)
(284, 154, 15, 0, 117)
(236, 26, 2, 5, 177)
(299, 115, 0, 34, 145)
(81, 200, 7, 1, 70)
(231, 11, 21, 0, 76)
(62, 221, 12, 0, 189)
(265, 84, 0, 83, 0)
(129, 220, 4, 1, 177)
(208, 71, 4, 2, 234)
(256, 111, 0, 40, 227)
(295, 76, 3, 3, 150)
(238, 198, 7, 1, 197)
(201, 173, 4, 1, 172)
(191, 224, 26, 0, 210)
(188, 36, 0, 130, 216)
(47, 182, 118, 0, 118)
(102, 102, 8, 16, 214)
(275, 195, 4, 1, 166)
(153, 100, 5, 5, 97)
(299, 26, 0, 85, 172)
(139, 131, 5, 9, 110)
(289, 162, 0, 0, 80)
(299, 131, 0, 12, 142)
(288, 179, 0, 27, 154)
(88, 220, 139, 0, 101)
(299, 96, 0, 74, 146)
(204, 22, 31, 2, 230)
(192, 199, 0, 0, 226)
(299, 224, 0, 0, 240)
(0, 213, 0, 11, 23)
(265, 217, 8, 1, 168)
(299, 164, 0, 60, 34)
(122, 109, 0, 9, 169)
(224, 98, 0, 0, 41)
(289, 224, 3, 0, 165)
(52, 207, 31, 0, 37)
(233, 203, 0, 0, 149)
(58, 221, 22, 1, 158)
(259, 38, 18, 0, 230)
(278, 194, 0, 30, 255)
(269, 200, 0, 24, 91)
(208, 135, 1, 14, 244)
(278, 170, 3, 7, 235)
(279, 224, 1, 3, 231)
(269, 0, 29, 0, 79)
(101, 214, 81, 0, 82)
(148, 102, 0, 122, 60)
(181, 60, 3, 2, 160)
(82, 177, 25, 1, 181)
(290, 224, 1, 0, 56)
(297, 217, 0, 16, 132)
(15, 218, 73, 0, 200)
(259, 148, 1, 2, 166)
(214, 200, 45, 0, 85)
(295, 121, 0, 45, 77)
(280, 17, 0, 202, 214)
(94, 71, 3, 12, 137)
(69, 209, 127, 0, 177)
(203, 78, 2, 4, 175)
(261, 101, 7, 4, 181)
(291, 201, 3, 1, 128)
(28, 160, 3, 17, 64)
(299, 181, 0, 0, 0)
(271, 200, 0, 0, 84)
(252, 134, 0, 53, 173)
(299, 224, 0, 6, 138)
(134, 224, 140, 0, 226)
(107, 82, 3, 23, 234)
(292, 162, 1, 0, 255)
(257, 163, 4, 2, 210)
(227, 164, 2, 1, 197)
(266, 224, 6, 0, 180)
(288, 219, 27, 0, 160)
(200, 82, 3, 6, 106)
(103, 224, 73, 0, 89)
(219, 154, 0, 0, 227)
(135, 220, 0, 0, 236)
(38, 193, 108, 0, 82)
(287, 81, 0, 0, 215)
(280, 0, 0, 82, 54)
(0, 152, 0, 71, 197)
(217, 224, 28, 0, 126)
(37, 26, 1, 14, 205)
(241, 215, 0, 0, 23)
(148, 215, 1, 3, 229)
(58, 135, 145, 0, 255)
(299, 173, 0, 41, 42)
(241, 91, 29, 0, 85)
(78, 14, 38, 5, 212)
(216, 156, 64, 0, 183)
(73, 181, 10, 1, 92)
(210, 129, 8, 1, 109)
(0, 224, 138, 0, 255)
(48, 45, 2, 6, 205)
(126, 168, 5, 2, 93)
(270, 130, 1, 8, 216)
(263, 46, 0, 36, 255)
(22, 88, 0, 19, 83)
(293, 185, 17, 0, 24)
(227, 148, 6, 2, 145)
(123, 139, 90, 0, 68)
(197, 192, 6, 1, 157)
(212, 159, 0, 0, 197)
(134, 197, 103, 0, 43)
(299, 63, 0, 134, 34)
(63, 224, 23, 0, 154)
(279, 187, 0, 12, 74)
(156, 187, 7, 2, 209)
(158, 224, 10, 0, 66)
(293, 188, 0, 17, 107)
(0, 224, 1, 1, 120)
(205, 78, 62, 0, 89)
(64, 75, 0, 26, 197)
(204, 97, 5, 1, 124)
(274, 132, 43, 0, 231)
(256, 33, 2, 17, 161)
(59, 55, 3, 5, 74)
(18, 21, 170, 0, 70)
(285, 136, 1, 2, 181)
(143, 63, 0, 120, 141)
(273, 48, 8, 1, 174)
(299, 136, 0, 65, 122)
(288, 44, 0, 52, 235)
(72, 88, 4, 5, 116)
(299, 189, 0, 0, 198)
(245, 224, 42, 0, 230)
(242, 12, 7, 2, 229)
(299, 173, 0, 13, 16)
(50, 0, 22, 8, 198)
(160, 134, 10, 0, 126)
(284, 150, 5, 3, 210)
(299, 57, 0, 125, 93)
(299, 161, 0, 0, 43)
(244, 199, 0, 0, 70)
(293, 143, 0, 0, 130)
(224, 28, 4, 13, 195)
(299, 0, 0, 44, 77)
(170, 211, 0, 0, 138)
(77, 190, 2, 6, 210)
(133, 77, 0, 126, 225)
(191, 205, 62, 0, 0)
(156, 144, 3, 12, 98)
(297, 84, 2, 3, 199)
(241, 195, 0, 16, 210)
(270, 71, 15, 0, 161)
(203, 31, 3, 7, 168)
(299, 121, 0, 31, 121)
(274, 70, 0, 55, 0)
(180, 220, 0, 0, 201)
(281, 224, 0, 0, 173)
(49, 224, 195, 0, 144)
(20, 132, 12, 7, 211)
(4, 224, 86, 0, 252)
(283, 128, 0, 67, 183)
(43, 189, 0, 0, 103)
(299, 215, 0, 9, 225)
(34, 83, 0, 5, 241)
(255, 89, 0, 96, 89)
(71, 153, 6, 2, 93)
(299, 125, 0, 64, 236)
(251, 224, 43, 0, 168)
(157, 163, 0, 0, 109)
(276, 59, 2, 12, 201)
(220, 124, 1, 3, 150)
(179, 187, 3, 3, 217)
(298, 186, 0, 34, 113)
(241, 12, 5, 3, 229)
(181, 224, 25, 0, 102)
(0, 224, 170, 0, 170)
(152, 209, 86, 0, 104)
(299, 179, 0, 36, 180)
(186, 224, 6, 3, 190)
(205, 179, 7, 3, 233)
(265, 129, 0, 57, 91)
(236, 87, 3, 5, 192)
(189, 224, 37, 0, 219)
(108, 161, 18, 0, 153)
(194, 217, 19, 0, 224)
(299, 118, 0, 35, 215)
(256, 98, 0, 0, 145)
(162, 182, 0, 19, 19)
(285, 142, 23, 0, 98)
(210, 183, 16, 0, 211)
(243, 41, 5, 7, 199)
(99, 202, 8, 1, 106)
(282, 41, 7, 3, 191)
(182, 200, 34, 0, 90)
(53, 205, 56, 0, 182)
(248, 86, 11, 1, 175)
(192, 130, 3, 14, 246)
(207, 201, 32, 0, 247)
(268, 149, 0, 54, 38)
(56, 224, 17, 0, 30)
(299, 224, 0, 0, 176)
(279, 13, 0, 24, 195)
(288, 24, 1, 2, 165)
(273, 125, 2, 3, 237)
(99, 223, 175, 0, 170)
(273, 224, 0, 0, 49)
(16, 205, 10, 3, 191)
(166, 193, 42, 0, 145)
(237, 224, 62, 0, 116)
(247, 24, 2, 7, 143)
(122, 214, 82, 0, 14)
(241, 177, 0, 22, 131)
(299, 121, 0, 26, 255)
(68, 141, 34, 0, 139)
(199, 214, 12, 0, 230)
(162, 207, 44, 0, 232)
(299, 39, 0, 35, 94)
(299, 68, 0, 52, 127)
(281, 185, 15, 0, 68)
(19, 26, 28, 0, 245)
(219, 115, 0, 68, 204)
(294, 84, 0, 23, 85)
(191, 179, 0, 0, 109)
(266, 48, 0, 0, 3)
(256, 218, 3, 1, 187)
(264, 106, 0, 52, 222)
(23, 108, 0, 7, 230)
(83, 100, 9, 5, 73)
(246, 149, 3, 2, 149)
(149, 158, 0, 0, 85)
(299, 210, 0, 14, 92)
(6, 224, 245, 0, 144)
(220, 224, 1, 4, 153)
(299, 99, 0, 25, 211)
(228, 170, 4, 0, 232)
(47, 219, 6, 1, 211)
(270, 162, 29, 0, 150)
(229, 104, 1, 9, 170)
(299, 0, 0, 66, 6)
(285, 167, 0, 39, 188)
(128, 57, 1, 12, 105)
(273, 224, 0, 0, 152)
(122, 185, 170, 0, 119)
(299, 36, 0, 89, 229)
(292, 10, 0, 136, 121)
(271, 150, 1, 2, 136)
(87, 216, 24, 0, 255)
(12, 217, 5, 2, 229)
(51, 160, 22, 0, 77)
(245, 104, 0, 6, 35)
(64, 224, 82, 0, 58)
(103, 195, 3, 1, 208)
(239, 157, 2, 10, 152)
(68, 185, 144, 0, 100)
(142, 78, 1, 18, 110)
(127, 222, 10, 0, 125)
(299, 18, 0, 17, 106)
(208, 196, 60, 0, 221)
(275, 101, 0, 82, 210)
(299, 161, 0, 0, 169)
(280, 48, 0, 87, 224)
(115, 171, 19, 0, 141)
(72, 224, 204, 0, 125)
(62, 224, 40, 0, 137)
(0, 119, 13, 1, 174)
(224, 223, 2, 1, 173)
(181, 196, 9, 1, 218)
(141, 197, 17, 0, 55)
(207, 218, 7, 1, 200)
(141, 13, 11, 3, 171)
(93, 192, 7, 1, 192)
(121, 196, 9, 0, 26)
(239, 222, 3, 1, 96)
(299, 206, 0, 0, 255)
(215, 207, 24, 0, 0)
(299, 191, 0, 44, 17)
(294, 99, 2, 4, 221)
(299, 72, 0, 0, 9)
(273, 201, 2, 1, 147)
(1, 175, 11, 0, 154)
(210, 207, 0, 0, 141)
(103, 224, 96, 0, 99)
(197, 224, 66, 0, 132)
(299, 125, 0, 72, 212)
(280, 157, 0, 0, 86)
(168, 224, 44, 0, 162)
(205, 60, 0, 0, 84)
(260, 224, 0, 0, 111)
(297, 191, 0, 0, 152)
(10, 223, 1, 1, 162)
(125, 212, 0, 9, 236)
(119, 132, 1, 8, 129)
(266, 114, 1, 2, 196)
(56, 211, 23, 0, 255)
(222, 143, 0, 1, 0)
(242, 57, 0, 47, 29)
(212, 198, 0, 14, 79)
(252, 195, 0, 20, 44)
(283, 114, 0, 3, 224)
(299, 224, 0, 0, 231)
(105, 206, 34, 0, 173)
(261, 72, 4, 8, 204)
(128, 152, 1, 16, 112)
(214, 83, 6, 1, 207)
(292, 49, 0, 56, 135)
(0, 224, 86, 0, 124)
(299, 206, 0, 2, 73)
(45, 224, 0, 0, 125)
(115, 212, 140, 0, 0)
(252, 219, 18, 0, 113)
(78, 191, 5, 1, 224)
(142, 224, 39, 0, 243)
(0, 224, 229, 0, 42)
(29, 76, 40, 0, 190)
(94, 166, 19, 1, 90)
(206, 79, 63, 0, 157)
(299, 156, 0, 0, 0)
(294, 215, 0, 0, 110)
(276, 195, 0, 0, 191)
(299, 218, 2, 2, 121)
(113, 54, 6, 4, 109)
(24, 220, 23, 0, 209)
(279, 224, 0, 0, 0)
(110, 162, 4, 4, 92)
(270, 123, 0, 0, 205)
(236, 134, 17, 1, 224)
(271, 224, 15, 0, 50)
(286, 172, 0, 52, 141)
(279, 224, 3, 0, 131)
(161, 83, 4, 10, 152)
(205, 80, 0, 60, 126)
(68, 224, 0, 0, 166)
(0, 14, 2, 19, 192)
(125, 86, 2, 4, 133)
(291, 146, 0, 0, 172)
(112, 149, 0, 0, 101)
(128, 211, 55, 0, 0)
(163, 211, 67, 0, 211)
(199, 224, 0, 0, 238)
(122, 203, 37, 0, 220)
(64, 143, 10, 1, 115)
(108, 224, 0, 5, 166)
(36, 18, 1, 20, 205)
(257, 215, 31, 0, 133)
(299, 130, 0, 0, 178)
(117, 212, 2, 3, 191)
(285, 79, 0, 67, 86)
(229, 224, 9, 0, 55)
(299, 178, 0, 6, 107)
(255, 220, 0, 4, 92)
(290, 65, 0, 0, 24)
(17, 224, 145, 0, 144)
(287, 61, 8, 1, 211)
(118, 125, 1, 11, 143)
(228, 57, 12, 1, 204)
(280, 0, 0, 138, 110)
(270, 201, 0, 17, 134)
(207, 166, 49, 1, 229)
(62, 190, 3, 3, 216)
(277, 162, 6, 2, 208)
(225, 32, 2, 9, 169)
(275, 224, 0, 0, 142)
(217, 37, 6, 5, 149)
(284, 86, 3, 2, 120)
(269, 80, 3, 1, 176)
(218, 202, 24, 0, 210)
(25, 40, 11, 5, 179)
(281, 177, 7, 1, 206)
(205, 224, 94, 0, 216)
(299, 220, 0, 12, 255)
(299, 165, 0, 15, 87)
(39, 15, 11, 4, 214)
(286, 97, 0, 21, 206)
(76, 161, 9, 4, 118)
(298, 51, 0, 106, 27)
(162, 203, 48, 0, 177)
(285, 135, 4, 0, 177)
(292, 224, 7, 0, 162)
(20, 115, 0, 1, 75)
(278, 114, 19, 1, 200)
(254, 202, 2, 2, 166)
(279, 213, 0, 0, 31)
(299, 170, 0, 19, 130)
(299, 84, 0, 97, 129)
(288, 206, 0, 1, 247)
(279, 62, 0, 5, 42)
(247, 177, 10, 5, 233)
(243, 60, 47, 0, 105)
(206, 79, 2, 10, 89)
(139, 44, 25, 2, 199)
(0, 223, 36, 0, 250)
(296, 3, 0, 12, 190)
(299, 154, 0, 47, 208)
(239, 87, 1, 1, 187)
(285, 216, 3, 0, 8)
(65, 177, 157, 0, 80)
(262, 118, 2, 2, 148)
(163, 224, 66, 0, 198)
(174, 224, 81, 0, 9)
(88, 224, 164, 0, 120)
(252, 87, 7, 2, 160)
(246, 105, 2, 3, 142)
(187, 196, 0, 0, 55)
(273, 206, 14, 0, 112)
(184, 58, 19, 0, 229)
(291, 68, 5, 2, 187)
(291, 38, 0, 27, 168)
(16, 128, 27, 0, 255)
(209, 164, 12, 1, 141)
(263, 220, 0, 0, 147)
(2, 224, 45, 0, 33)
(170, 224, 0, 0, 40)
(299, 194, 0, 33, 210)
(299, 175, 0, 16, 152)
(123, 224, 70, 0, 144)
(261, 94, 0, 10, 225)
(115, 186, 0, 5, 207)
(274, 84, 2, 3, 199)
(254, 202, 0, 18, 82)
(113, 224, 49, 0, 111)
(156, 224, 52, 0, 179)
(162, 175, 63, 0, 0)
(297, 198, 19, 0, 176)
(272, 208, 0, 11, 198)
(231, 187, 34, 0, 193)
(289, 220, 30, 0, 23)
(54, 145, 9, 1, 184)
(232, 136, 2, 0, 199)
(192, 41, 0, 19, 101)
(55, 181, 6, 7, 116)
(194, 224, 13, 0, 250)
(241, 135, 6, 2, 233)
(247, 136, 0, 61, 143)
(299, 202, 0, 2, 184)
(112, 196, 3, 0, 51)
(142, 14, 25, 1, 196)
(283, 108, 2, 3, 151)
(260, 223, 0, 0, 179)
(269, 196, 22, 0, 0)
(46, 200, 126, 0, 142)
(283, 174, 0, 0, 196)
(37, 170, 191, 0, 231)
(299, 186, 0, 0, 0)
(281, 119, 0, 14, 230)
(299, 69, 0, 92, 169)
(119, 155, 13, 0, 138)
(173, 31, 1, 5, 119)
(46, 80, 14, 5, 208)
(140, 220, 4, 7, 208)
(186, 190, 48, 0, 49)
(299, 190, 0, 0, 43)
(223, 32, 3, 3, 227)
(109, 211, 33, 0, 106)
(131, 192, 1, 6, 195)
(201, 189, 3, 3, 212)
(299, 150, 9, 0, 115)
(214, 164, 35, 0, 255)
(24, 177, 19, 1, 87)
(264, 224, 9, 0, 62)
(296, 199, 3, 0, 83)
(87, 169, 10, 1, 172)
(123, 187, 3, 3, 247)
(144, 208, 94, 0, 49)
(283, 164, 0, 0, 24)
(130, 142, 31, 2, 209)
(231, 80, 16, 0, 117)
(299, 67, 2, 0, 127)
(204, 83, 9, 1, 104)
(196, 160, 27, 0, 120)
(83, 197, 32, 0, 71)
(139, 214, 2, 1, 126)
(63, 68, 0, 26, 0)
(214, 4, 0, 100, 188)
(219, 208, 51, 0, 109)
(200, 189, 10, 1, 205)
(299, 186, 0, 25, 140)
(45, 224, 234, 0, 11)
(75, 217, 110, 0, 8)
(298, 0, 0, 127, 135)
(95, 214, 3, 3, 233)
(91, 209, 37, 0, 168)
(189, 144, 4, 9, 223)
(292, 152, 8, 0, 73)
(289, 164, 0, 38, 180)
(46, 224, 12, 0, 201)
(283, 217, 0, 7, 245)
(255, 201, 0, 0, 73)
(168, 212, 11, 1, 247)
(281, 224, 0, 0, 245)
(166, 224, 52, 0, 89)
(48, 221, 3, 2, 175)
(235, 45, 4, 6, 216)
(150, 184, 17, 0, 166)
(35, 224, 181, 0, 145)
(216, 179, 10, 2, 246)
(0, 185, 24, 1, 85)
(299, 109, 0, 0, 52)
(240, 146, 0, 22, 41)
(215, 196, 40, 0, 0)
(189, 206, 0, 0, 0)
(61, 197, 176, 0, 129)
(262, 221, 0, 3, 219)
(41, 84, 4, 8, 147)
(0, 19, 23, 4, 199)
(247, 224, 15, 0, 30)
(189, 198, 12, 0, 28)
(285, 2, 3, 10, 154)
(299, 78, 0, 31, 29)
(28, 202, 54, 0, 240)
(228, 181, 0, 9, 229)
(182, 224, 0, 4, 140)
(258, 208, 0, 4, 54)
(172, 44, 4, 2, 143)
(290, 179, 0, 24, 166)
(115, 104, 2, 7, 229)
(180, 200, 1, 6, 134)
(161, 30, 0, 147, 106)
(299, 209, 9, 0, 252)
(252, 181, 2, 2, 204)
(261, 21, 0, 171, 150)
(91, 205, 130, 0, 161)
(121, 224, 49, 0, 10)
(86, 194, 48, 0, 47)
(26, 153, 88, 0, 194)
(256, 73, 1, 2, 221)
(274, 218, 24, 0, 167)
(276, 156, 0, 0, 122)
(299, 216, 6, 0, 83)
(156, 190, 0, 0, 168)
(57, 194, 10, 2, 218)
(136, 89, 0, 124, 209)
(210, 180, 1, 6, 225)
(61, 224, 12, 0, 86)
(24, 204, 214, 0, 170)
(284, 144, 6, 3, 179)
(132, 121, 4, 8, 206)
(283, 3, 0, 0, 72)
(31, 207, 22, 0, 106)
(299, 195, 0, 24, 133)
(166, 224, 78, 0, 173)
(236, 220, 1, 3, 136)
(248, 158, 18, 0, 64)
(21, 64, 0, 9, 106)
(249, 132, 0, 45, 126)
(252, 2, 0, 55, 71)
(50, 104, 1, 13, 202)
(264, 189, 9, 1, 169)
(93, 218, 0, 0, 160)
(258, 185, 0, 7, 47)
(299, 113, 0, 17, 207)
(27, 129, 249, 0, 0)
(290, 65, 0, 105, 238)
(271, 64, 0, 119, 136)
(162, 0, 0, 76, 171)
(5, 212, 131, 0, 143)
(159, 224, 121, 0, 222)
(62, 23, 14, 5, 223)
(299, 187, 0, 0, 9)
(278, 36, 0, 106, 153)
(287, 186, 0, 1, 47)
(106, 125, 21, 0, 37)
(288, 121, 8, 1, 212)
(299, 50, 0, 95, 144)
(253, 15, 7, 1, 196)
(241, 224, 24, 0, 53)
(108, 186, 5, 3, 225)
(189, 171, 0, 16, 255)
(227, 221, 1, 0, 0)
(229, 115, 0, 69, 45)
(255, 62, 0, 41, 197)
(250, 108, 0, 31, 214)
(269, 189, 0, 19, 188)
(29, 224, 53, 0, 228)
(208, 224, 36, 0, 0)
(50, 184, 3, 6, 209)
(201, 183, 36, 0, 205)
(74, 224, 0, 0, 103)
(96, 198, 1, 4, 215)
(299, 218, 0, 0, 0)
(88, 193, 128, 0, 82)
(287, 224, 1, 2, 144)
(98, 106, 2, 3, 42)
(246, 87, 0, 5, 217)
(225, 224, 54, 0, 174)
(221, 150, 3, 1, 169)
(179, 154, 4, 4, 100)
(255, 89, 0, 0, 40)
(277, 1, 0, 33, 175)
(292, 137, 6, 4, 200)
(297, 172, 0, 32, 83)
(242, 36, 2, 4, 130)
(177, 163, 1, 7, 154)
(299, 27, 0, 174, 122)
(245, 131, 0, 24, 61)
(265, 28, 0, 96, 43)
(51, 222, 1, 2, 202)
(36, 204, 4, 3, 203)
(299, 217, 0, 6, 142)
(165, 224, 0, 0, 0)
(288, 193, 7, 0, 133)
(97, 10, 12, 11, 219)
(175, 176, 0, 0, 53)
(291, 126, 0, 51, 0)
(15, 224, 134, 0, 114)
(281, 0, 0, 0, 191)
(261, 63, 3, 6, 229)
(268, 204, 41, 0, 191)
(187, 209, 6, 0, 214)
(289, 157, 2, 4, 110)
(171, 112, 3, 4, 115)
(227, 32, 0, 177, 179)
(173, 224, 70, 0, 150)
(32, 190, 53, 0, 161)
(294, 208, 3, 1, 197)
(67, 205, 74, 0, 163)
(299, 120, 0, 84, 119)
(274, 205, 0, 3, 228)
(174, 170, 51, 0, 200)
(299, 21, 0, 33, 191)
(279, 187, 0, 0, 84)
(76, 224, 8, 4, 209)
(299, 31, 0, 8, 145)
(145, 224, 29, 0, 208)
(87, 201, 6, 3, 166)
(0, 190, 155, 0, 239)
(26, 223, 111, 0, 8)
(218, 216, 23, 0, 171)
(145, 212, 3, 1, 213)
(272, 150, 0, 0, 181)
(254, 24, 0, 183, 95)
(233, 82, 0, 56, 255)
(76, 177, 0, 0, 166)
(269, 198, 29, 0, 255)
(241, 217, 0, 0, 204)
(299, 11, 0, 49, 145)
(290, 134, 0, 59, 41)
(63, 205, 51, 0, 91)
(147, 144, 2, 4, 100)
(88, 224, 206, 0, 200)
(296, 30, 3, 2, 192)
(77, 190, 0, 0, 234)
(240, 224, 17, 0, 235)
(241, 172, 64, 0, 36)
(95, 224, 204, 0, 221)
(222, 56, 1, 15, 132)
(134, 122, 6, 6, 222)
(285, 126, 4, 2, 234)
(26, 95, 4, 3, 188)
(214, 218, 81, 0, 255)
(298, 24, 0, 31, 106)
(166, 217, 2, 7, 201)
(143, 210, 13, 0, 97)
(266, 183, 0, 0, 87)
(196, 143, 98, 0, 103)
(14, 183, 6, 2, 79)
(125, 202, 174, 0, 231)
(164, 146, 1, 9, 81)
(40, 210, 94, 0, 204)
(251, 210, 19, 0, 140)
(277, 117, 0, 28, 36)
(222, 50, 1, 11, 178)
(121, 198, 0, 0, 30)
(188, 169, 8, 2, 205)
(186, 197, 4, 2, 231)
(267, 224, 0, 0, 73)
(291, 190, 0, 8, 210)
(299, 167, 0, 15, 174)
(14, 223, 256, 0, 205)
(207, 224, 69, 0, 196)
(133, 205, 4, 4, 160)
(110, 224, 64, 0, 180)
(207, 6, 15, 7, 224)
(238, 187, 8, 1, 215)
(238, 214, 36, 0, 36)
(34, 201, 229, 0, 114)
(151, 224, 86, 0, 58)
(5, 87, 0, 107, 180)
(239, 97, 0, 0, 228)
(292, 27, 3, 3, 180)
(185, 85, 0, 39, 181)
(281, 112, 0, 92, 234)
(212, 220, 5, 0, 206)
(115, 157, 6, 5, 48)
(271, 194, 0, 14, 139)
(16, 224, 0, 0, 192)
(67, 222, 183, 0, 36)
(297, 224, 0, 0, 237)
(299, 201, 0, 15, 152)
(299, 169, 0, 29, 196)
(253, 138, 4, 3, 213)
(273, 201, 20, 0, 243)
(89, 224, 165, 0, 240)
(119, 170, 4, 1, 225)
(299, 118, 0, 0, 114)
(299, 156, 0, 68, 105)
(283, 223, 0, 0, 184)
(146, 214, 69, 0, 221)
(229, 129, 3, 3, 228)
(72, 49, 3, 10, 146)
(203, 181, 1, 12, 245)
(231, 181, 4, 4, 209)
(76, 178, 102, 0, 201)
(215, 39, 2, 7, 108)
(92, 221, 52, 0, 161)
(231, 224, 86, 0, 186)
(188, 186, 0, 0, 118)
(260, 224, 39, 0, 71)
(248, 64, 0, 88, 244)
(162, 118, 7, 1, 133)
(287, 140, 1, 5, 150)
(235, 161, 3, 1, 222)
(284, 183, 1, 4, 195)
(59, 222, 17, 1, 159)
(223, 217, 0, 1, 58)
(28, 209, 0, 15, 129)
(299, 210, 0, 12, 175)
(110, 224, 189, 0, 158)
(296, 223, 1, 1, 107)
(45, 193, 51, 0, 44)
(299, 11, 0, 77, 255)
(292, 222, 0, 0, 141)
(274, 206, 5, 1, 190)
(127, 224, 94, 0, 43)
(277, 183, 0, 1, 229)
(299, 189, 0, 0, 96)
(299, 211, 0, 8, 143)
(273, 143, 2, 8, 229)
(186, 46, 0, 103, 255)
(280, 66, 0, 122, 51)
(136, 38, 1, 5, 221)
(33, 216, 150, 0, 133)
(0, 224, 256, 0, 13)
(235, 137, 0, 50, 119)
(216, 89, 8, 1, 199)
(22, 121, 181, 0, 194)
(286, 50, 1, 4, 151)
(176, 224, 96, 0, 104)
(181, 224, 48, 0, 179)
(206, 208, 24, 0, 168)
(176, 183, 0, 0, 255)
(208, 215, 13, 0, 210)
(262, 83, 0, 74, 248)
(38, 180, 3, 6, 162)
(103, 217, 0, 18, 109)
(189, 123, 37, 0, 153)
(275, 144, 0, 58, 113)
(27, 216, 0, 0, 0)
(1, 221, 152, 0, 128)
(299, 18, 0, 159, 28)
(28, 201, 120, 0, 255)
(251, 32, 0, 8, 76)
(151, 109, 0, 13, 11)
(293, 194, 6, 0, 34)
(178, 220, 75, 0, 136)
(220, 0, 23, 4, 230)
(185, 185, 2, 4, 195)
(294, 210, 0, 26, 184)
(32, 220, 198, 0, 196)
(276, 201, 0, 0, 72)
(299, 124, 0, 35, 238)
(246, 77, 0, 111, 145)
(240, 150, 2, 7, 239)
(293, 219, 6, 1, 103)
(299, 157, 0, 9, 206)
(196, 167, 0, 21, 82)
(46, 86, 10, 3, 182)
(283, 144, 16, 0, 5)
(189, 214, 110, 0, 16)
(237, 3, 7, 6, 233)
(157, 204, 7, 1, 236)
(164, 194, 1, 0, 27)
(13, 220, 1, 1, 144)
(230, 60, 0, 92, 248)
(217, 110, 0, 0, 165)
(228, 159, 3, 2, 77)
(200, 221, 49, 0, 68)
(64, 162, 118, 0, 83)
(252, 79, 1, 9, 191)
(272, 224, 26, 0, 194)
(284, 171, 0, 40, 192)
(156, 185, 2, 4, 204)
(147, 183, 1, 7, 80)
(272, 185, 11, 0, 51)
(256, 224, 11, 0, 98)
(188, 96, 7, 1, 150)
(102, 144, 0, 3, 25)
(222, 142, 36, 0, 2)
(237, 154, 0, 19, 111)
(171, 21, 1, 13, 233)
(53, 210, 35, 0, 65)
(32, 201, 41, 0, 130)
(202, 213, 97, 0, 162)
(299, 174, 0, 6, 23)
(84, 167, 0, 0, 193)
(235, 127, 1, 2, 227)
(244, 201, 6, 1, 217)
(251, 106, 1, 16, 161)
(156, 61, 3, 6, 185)
(221, 224, 41, 0, 101)
(106, 142, 2, 7, 210)
(288, 94, 0, 19, 62)
(296, 189, 0, 6, 162)
(211, 224, 21, 0, 238)
(123, 81, 3, 3, 115)
(56, 224, 194, 0, 124)
(54, 213, 66, 0, 17)
(120, 224, 86, 0, 69)
(259, 154, 0, 15, 255)
(219, 165, 21, 0, 19)
(185, 99, 18, 0, 147)
(116, 205, 0, 0, 32)
(236, 53, 2, 11, 188)
(214, 126, 0, 9, 50)
(121, 207, 2, 2, 155)
(299, 222, 0, 0, 140)
(257, 174, 24, 1, 233)
(244, 138, 5, 1, 147)
(236, 178, 0, 8, 152)
(190, 196, 1, 2, 130)
(285, 98, 1, 2, 168)
(296, 90, 0, 9, 140)
(227, 119, 2, 1, 222)
(123, 173, 175, 0, 143)
(214, 66, 0, 132, 83)
(186, 212, 0, 0, 109)
(61, 197, 61, 0, 8)
(267, 211, 27, 0, 103)
(168, 134, 23, 0, 22)
(258, 224, 26, 0, 162)
(231, 213, 0, 7, 47)
(186, 173, 73, 0, 185)
(269, 203, 30, 0, 191)
(103, 121, 4, 2, 108)
(194, 217, 61, 0, 0)
(169, 22, 1, 24, 222)
(257, 67, 0, 0, 181)
(196, 224, 18, 0, 12)
(90, 192, 33, 0, 121)
(216, 204, 0, 1, 99)
(273, 181, 0, 25, 55)
(299, 54, 0, 112, 210)
(279, 111, 0, 34, 88)
(299, 205, 0, 0, 58)
(295, 87, 0, 67, 107)
(118, 221, 12, 0, 195)
(299, 120, 3, 2, 222)
(299, 0, 0, 107, 58)
(260, 184, 7, 3, 190)
(266, 77, 1, 3, 163)
(229, 224, 0, 0, 0)
(214, 224, 12, 0, 122)
(242, 139, 20, 1, 212)
(299, 224, 7, 0, 28)
(45, 0, 144, 0, 178)
(259, 224, 5, 0, 99)
(299, 168, 0, 0, 122)
(55, 217, 4, 1, 202)
(299, 26, 0, 194, 72)
(56, 202, 0, 3, 121)
(219, 42, 2, 2, 199)
(183, 224, 91, 0, 138)
(0, 139, 3, 3, 149)
(99, 175, 8, 0, 115)
(179, 66, 0, 158, 127)
(262, 224, 10, 0, 139)
(124, 212, 151, 0, 178)
(299, 175, 0, 26, 175)
(276, 205, 0, 0, 76)
(164, 204, 22, 0, 93)
(166, 213, 57, 0, 243)
(63, 224, 47, 0, 118)
(257, 224, 34, 0, 169)
(288, 147, 2, 1, 115)
(232, 220, 1, 3, 122)
(170, 199, 3, 0, 220)
(208, 224, 14, 0, 0)
(12, 224, 21, 0, 18)
(230, 224, 26, 0, 136)
(209, 74, 3, 5, 94)
(122, 170, 117, 0, 75)
(209, 84, 1, 8, 154)
(249, 181, 0, 0, 120)
(199, 224, 100, 0, 255)
(95, 197, 1, 7, 204)
(189, 224, 80, 0, 179)
(0, 6, 6, 8, 188)
(299, 119, 0, 121, 59)
(137, 197, 2, 3, 122)
(24, 206, 204, 0, 87)
(234, 204, 45, 0, 118)
(260, 62, 14, 1, 199)
(95, 224, 135, 0, 21)
(269, 211, 0, 13, 235)
(299, 164, 0, 29, 92)
(149, 97, 1, 8, 101)
(180, 123, 2, 13, 106)
(238, 174, 13, 1, 215)
(299, 70, 0, 107, 50)
(243, 184, 22, 0, 115)
(299, 116, 0, 39, 127)
(299, 45, 0, 172, 235)
(238, 176, 0, 29, 198)
(299, 194, 0, 25, 150)
(72, 158, 8, 3, 135)
(181, 210, 63, 0, 30)
(176, 0, 0, 51, 81)
(36, 56, 10, 2, 110)
(276, 217, 0, 0, 252)
(299, 204, 0, 9, 14)
(286, 214, 13, 0, 36)
(2, 224, 180, 0, 247)
(299, 98, 0, 65, 203)
(194, 127, 20, 0, 246)
(299, 153, 0, 17, 213)
(287, 0, 1, 4, 143)
(256, 204, 3, 0, 75)
(299, 224, 0, 0, 176)
(195, 189, 3, 1, 161)
(299, 220, 0, 4, 78)
(298, 49, 0, 113, 68)
(299, 34, 0, 91, 224)
(102, 203, 73, 0, 118)
(166, 66, 5, 3, 169)
(52, 192, 142, 0, 235)
(147, 52, 6, 2, 190)
(200, 224, 0, 0, 168)
(110, 160, 160, 0, 203)
(299, 174, 0, 34, 195)
(77, 44, 4, 2, 212)
(77, 175, 12, 1, 110)
(254, 224, 1, 1, 174)
(244, 224, 38, 0, 163)
(0, 154, 18, 2, 56)
(76, 0, 0, 0, 186)
(278, 101, 0, 43, 200)
(279, 198, 5, 1, 239)
(299, 211, 6, 2, 144)
(254, 219, 5, 1, 165)
(145, 224, 87, 0, 21)
(299, 182, 0, 29, 8)
(239, 107, 0, 15, 52)
(0, 184, 142, 0, 0)
(162, 185, 6, 1, 95)
(299, 25, 0, 73, 230)
(299, 0, 0, 27, 173)
(66, 206, 48, 0, 67)
(297, 205, 0, 7, 80)
(43, 224, 76, 0, 182)
(263, 206, 35, 0, 232)
(173, 124, 3, 9, 181)
(273, 202, 26, 0, 56)
(102, 181, 1, 6, 65)
(292, 199, 0, 19, 91)
(299, 210, 0, 0, 126)
(67, 57, 9, 1, 156)
(63, 224, 4, 3, 164)
(295, 105, 0, 59, 170)
(237, 106, 1, 10, 188)
(157, 164, 4, 18, 94)
(263, 217, 24, 0, 155)
(15, 224, 280, 0, 36)
(264, 179, 2, 2, 244)
(57, 224, 11, 0, 235)
(161, 176, 3, 5, 176)
(228, 186, 0, 0, 38)
(240, 224, 33, 0, 47)
(282, 105, 3, 2, 161)
(228, 0, 0, 8, 61)
(240, 152, 0, 2, 220)
(292, 0, 0, 12, 151)
(102, 65, 3, 5, 162)
(54, 194, 4, 8, 230)
(51, 181, 15, 0, 150)
(284, 98, 0, 0, 172)
(299, 212, 0, 14, 131)
(155, 223, 15, 0, 126)
(183, 152, 2, 4, 117)
(195, 197, 13, 1, 177)
(299, 4, 0, 0, 255)
(56, 210, 24, 0, 97)
(20, 224, 0, 0, 46)
(257, 29, 0, 149, 255)
(273, 207, 3, 3, 165)
(47, 172, 19, 0, 213)
(264, 153, 0, 18, 114)
(121, 212, 33, 0, 201)
(34, 224, 166, 0, 42)
(280, 125, 4, 7, 185)
(299, 4, 3, 2, 181)
(249, 0, 0, 0, 21)
(266, 145, 52, 0, 23)
(220, 68, 0, 18, 134)
(260, 163, 2, 4, 207)
(299, 114, 0, 72, 101)
(2, 224, 161, 0, 138)
(134, 110, 134, 0, 45)
(296, 224, 3, 0, 122)
(7, 116, 17, 3, 120)
(0, 224, 75, 0, 37)
(245, 224, 0, 14, 97)
(248, 0, 0, 0, 202)
(158, 109, 1, 25, 120)
(216, 221, 1, 1, 173)
(240, 137, 0, 59, 147)
(291, 215, 0, 0, 6)
(252, 224, 7, 0, 61)
(287, 199, 4, 0, 100)
(100, 196, 6, 4, 217)
(207, 222, 52, 0, 0)
(291, 100, 0, 124, 19)
(32, 69, 0, 0, 115)
(270, 191, 17, 0, 172)
(236, 27, 0, 164, 72)
(254, 33, 0, 9, 116)
(193, 188, 96, 0, 94)
(147, 171, 7, 0, 116)
(248, 224, 0, 0, 232)
(43, 224, 120, 0, 73)
(299, 134, 0, 95, 104)
(299, 175, 0, 26, 38)
(9, 68, 14, 0, 87)
(274, 200, 25, 0, 251)
(258, 20, 1, 18, 211)
(289, 181, 0, 17, 127)
(289, 85, 3, 3, 176)
(183, 168, 15, 1, 254)
(299, 156, 0, 9, 69)
(225, 186, 80, 0, 161)
(272, 214, 0, 10, 72)
(253, 214, 5, 1, 211)
(176, 224, 105, 0, 235)
(255, 219, 0, 0, 117)
(199, 62, 43, 0, 180)
(245, 110, 7, 1, 204)
(299, 207, 0, 0, 192)
(299, 178, 0, 5, 173)
(174, 188, 99, 0, 147)
(117, 90, 5, 11, 121)
(292, 12, 0, 10, 221)
(241, 160, 25, 0, 218)
(109, 88, 7, 4, 174)
(279, 183, 0, 0, 192)
(33, 84, 83, 0, 88)
(299, 13, 0, 180, 66)
(188, 116, 10, 1, 137)
(272, 199, 3, 1, 206)
(49, 102, 1, 13, 200)
(123, 224, 101, 0, 140)
(166, 139, 2, 4, 99)
(267, 122, 0, 0, 124)
(298, 46, 0, 43, 19)
(278, 51, 0, 50, 143)
(256, 224, 36, 0, 113)
(276, 143, 0, 0, 78)
(299, 224, 0, 0, 200)
(296, 187, 2, 4, 155)
(183, 224, 89, 0, 76)
(47, 217, 23, 0, 72)
(225, 209, 0, 0, 153)
(292, 174, 0, 1, 80)
(299, 147, 0, 30, 236)
(89, 224, 113, 0, 51)
(142, 88, 3, 3, 71)
(299, 213, 0, 10, 205)
(84, 73, 3, 12, 130)
(0, 0, 0, 0, 0)
