Background: 200
(62, 42, 168, 95, 156)
(0, 84, 171, 107, 147)
(78, 22, 61, 160, 168)
(0, 151, 43, 29, 68)
(184, 166, 72, 23, 232)
(234, 208, 68, 19, 162)
(0, 40, 29, 76, 114)
(28, 117, 119, 39, 189)
(85, 130, 96, 12, 143)
(181, 65, 35, 64, 126)
(74, 158, 57, 10, 99)
(233, 0, 67, 94, 186)
(177, 154, 59, 11, 111)
(16, 42, 166, 18, 163)
(248, 182, 51, 27, 181)
(96, 190, 97, 16, 163)
(220, 110, 26, 20, 143)
(147, 129, 8, 55, 214)
(186, 130, 47, 16, 229)
(286, 216, 14, 9, 122)
(163, 0, 84, 28, 225)
(55, 97, 100, 11, 111)
(245, 161, 54, 16, 224)
(137, 167, 12, 34, 103)
(100, 99, 24, 23, 205)
(232, 17, 14, 26, 163)
(217, 69, 39, 14, 160)
(149, 206, 57, 8, 222)
(0, 183, 104, 4, 93)
(217, 221, 56, 4, 147)
(279, 35, 20, 35, 205)
(35, 189, 42, 23, 214)
(96, 209, 83, 10, 219)
(202, 189, 29, 20, 215)
(120, 175, 14, 44, 205)
(135, 137, 14, 26, 217)
(117, 0, 18, 32, 133)
(104, 39, 14, 16, 94)
(144, 105, 15, 21, 101)
(55, 219, 40, 8, 173)
(296, 184, 4, 22, 160)
(0, 89, 93, 8, 120)
(279, 71, 16, 35, 173)
(40, 178, 14, 41, 208)
(240, 198, 54, 3, 214)
(132, 38, 44, 26, 183)
(132, 75, 49, 25, 137)
(44, 61, 37, 26, 191)
(203, 134, 8, 23, 224)
(205, 36, 22, 41, 167)
(266, 19, 6, 21, 209)
(222, 159, 57, 4, 177)
(236, 189, 17, 25, 189)
(96, 52, 14, 10, 120)
(0, 138, 14, 13, 85)
(144, 189, 28, 8, 209)
(69, 170, 53, 5, 215)
(197, 120, 4, 38, 112)
(90, 0, 23, 26, 214)
(23, 104, 35, 37, 184)
(230, 144, 52, 12, 215)
(299, 201, 0, 0, 35)
(250, 0, 49, 17, 169)
(254, 202, 12, 18, 174)
(122, 8, 22, 14, 140)
(220, 217, 16, 4, 174)
(193, 162, 15, 23, 239)
(284, 215, 15, 3, 135)
(62, 97, 25, 20, 74)
(26, 190, 28, 20, 209)
(217, 127, 13, 22, 242)
(85, 177, 29, 4, 221)
(168, 166, 17, 9, 229)
(213, 45, 8, 7, 130)
(17, 166, 40, 10, 67)
(30, 12, 48, 19, 206)
(134, 203, 31, 6, 198)
(263, 110, 37, 28, 208)
(144, 137, 16, 6, 229)
(171, 100, 33, 8, 161)
(149, 189, 10, 4, 104)
(297, 220, 3, 5, 94)
(274, 120, 13, 12, 185)
(199, 38, 7, 14, 131)
(261, 78, 26, 4, 207)
(104, 74, 9, 46, 211)
(142, 94, 7, 20, 81)
(60, 147, 54, 9, 157)
(240, 130, 14, 7, 238)
(103, 135, 15, 6, 82)
(113, 8, 11, 39, 126)
(200, 112, 20, 12, 104)
(0, 30, 10, 31, 128)
(64, 60, 36, 12, 188)
(101, 153, 11, 9, 237)
(92, 113, 48, 8, 211)
(96, 218, 74, 6, 204)
(39, 155, 24, 5, 185)
(121, 172, 3, 12, 83)
(100, 201, 17, 4, 86)
(157, 174, 6, 27, 117)
(196, 130, 11, 9, 162)
(235, 219, 38, 3, 149)
(273, 222, 14, 4, 196)
(146, 197, 8, 9, 108)
(261, 53, 8, 24, 213)
(94, 29, 4, 27, 120)
(196, 175, 69, 6, 238)
(117, 188, 6, 14, 227)
(0, 213, 33, 8, 181)
(69, 181, 34, 9, 86)
(252, 132, 18, 11, 182)
(277, 190, 22, 5, 168)
(259, 207, 25, 4, 153)
(66, 174, 176, 0, 72)
(18, 54, 14, 30, 141)
(81, 26, 15, 6, 118)
(226, 196, 27, 8, 207)
(274, 87, 24, 6, 159)
(294, 50, 0, 54, 59)
(181, 151, 9, 13, 67)
(180, 183, 6, 13, 147)
(81, 91, 9, 22, 66)
(91, 192, 17, 9, 204)
(150, 81, 5, 10, 94)
(23, 79, 17, 12, 123)
(63, 179, 49, 2, 224)
(49, 121, 88, 10, 201)
(233, 158, 12, 4, 217)
(53, 111, 8, 51, 204)
(80, 196, 12, 8, 126)
(183, 203, 26, 3, 230)
(245, 182, 42, 6, 195)
(257, 55, 5, 8, 233)
(122, 191, 6, 7, 72)
(59, 218, 29, 1, 180)
(222, 119, 28, 9, 124)
(54, 194, 21, 18, 227)
(259, 168, 10, 5, 194)
(238, 192, 38, 5, 176)
(226, 43, 29, 15, 195)
(64, 129, 8, 7, 132)
(74, 126, 11, 9, 248)
(276, 14, 16, 31, 191)
(273, 195, 4, 15, 170)
(287, 72, 2, 42, 165)
(188, 59, 11, 27, 112)
(186, 25, 12, 14, 230)
(32, 116, 12, 11, 147)
(0, 67, 9, 23, 79)
(55, 199, 10, 4, 241)
(64, 31, 18, 26, 203)
(284, 158, 15, 2, 142)
(231, 92, 26, 10, 213)
(210, 149, 3, 9, 126)
(167, 215, 11, 0, 69)
(40, 141, 18, 15, 232)
(55, 168, 13, 3, 86)
(217, 73, 11, 18, 199)
(168, 199, 11, 3, 234)
(294, 0, 7, 22, 169)
(299, 58, 12, 91, 206)
(142, 212, 9, 7, 247)
(136, 50, 27, 6, 163)
(28, 145, 10, 11, 161)
(118, 224, 100, 3, 188)
(198, 97, 7, 8, 227)
(155, 196, 4, 8, 236)
(127, 134, 6, 24, 124)
(197, 220, 20, 4, 179)
(274, 209, 11, 10, 150)
(18, 191, 36, 9, 213)
(278, 177, 6, 12, 208)
(181, 143, 45, 0, 163)
(109, 188, 7, 12, 93)
(299, 23, 0, 140, 109)
(133, 142, 6, 39, 210)
(64, 137, 37, 6, 205)
(167, 196, 5, 3, 247)
(289, 207, 7, 2, 225)
(227, 208, 15, 9, 186)
(176, 223, 34, 2, 176)
(57, 221, 18, 3, 160)
(132, 200, 8, 4, 228)
(176, 149, 3, 8, 249)
(274, 212, 0, 0, 125)
(86, 177, 29, 1, 183)
(258, 114, 3, 8, 155)
(299, 210, 0, 0, 158)
(109, 53, 17, 2, 110)
(273, 223, 4, 3, 157)
(112, 221, 28, 3, 193)
(170, 187, 8, 6, 135)
(158, 188, 8, 4, 231)
(299, 196, 0, 0, 35)
(274, 154, 2, 7, 153)
(131, 28, 5, 9, 194)
(215, 165, 21, 1, 170)
(226, 222, 40, 0, 92)
(222, 98, 2, 29, 121)
(37, 49, 29, 7, 105)
(99, 129, 9, 6, 132)
(289, 185, 10, 7, 156)
(51, 132, 16, 8, 160)
(49, 210, 10, 8, 228)
(240, 60, 3, 12, 206)
(122, 206, 30, 4, 194)
(230, 220, 4, 4, 123)
(299, 161, 0, 32, 2)
(44, 84, 2, 36, 161)
(201, 206, 25, 0, 113)
(141, 224, 25, 1, 218)
(226, 74, 35, 6, 155)
(282, 205, 2, 15, 150)
(179, 43, 9, 32, 138)
(231, 158, 0, 6, 255)
(220, 161, 10, 4, 180)
(0, 204, 9, 21, 178)
(148, 215, 13, 10, 209)
(252, 81, 11, 15, 178)
(138, 0, 6, 23, 153)
(248, 162, 51, 3, 216)
(277, 72, 25, 7, 165)
(171, 95, 3, 10, 108)
(151, 208, 7, 6, 246)
(297, 86, 2, 58, 205)
(166, 135, 11, 15, 121)
(247, 91, 8, 8, 189)
(265, 105, 6, 23, 218)
(36, 181, 14, 8, 177)
(284, 139, 9, 19, 181)
(209, 12, 6, 29, 229)
(264, 41, 12, 12, 179)
(186, 196, 16, 6, 168)
(225, 146, 64, 7, 206)
(229, 87, 15, 7, 207)
(264, 139, 16, 4, 167)
(135, 71, 9, 5, 169)
(82, 190, 19, 2, 109)
(250, 122, 7, 7, 162)
(1, 223, 10, 3, 76)
(199, 50, 1, 46, 117)
(251, 223, 3, 2, 213)
(287, 6, 8, 9, 150)
(107, 130, 30, 3, 175)
(0, 152, 18, 25, 58)
(256, 203, 30, 4, 167)
(290, 53, 0, 29, 50)
(286, 29, 4, 6, 152)
(114, 154, 8, 9, 51)
(24, 188, 59, 0, 49)
(200, 164, 11, 0, 136)
(282, 74, 1, 9, 222)
(285, 210, 5, 3, 196)
(166, 72, 27, 3, 140)
(265, 68, 22, 2, 211)
(255, 32, 8, 13, 173)
(0, 0, 19, 13, 188)
(154, 224, 46, 0, 244)
(290, 82, 6, 3, 223)
(39, 214, 95, 0, 180)
(155, 86, 11, 24, 151)
(258, 19, 2, 24, 202)
(299, 0, 0, 6, 58)
(236, 137, 7, 6, 157)
(299, 74, 0, 83, 179)
(4, 56, 26, 13, 111)
(264, 201, 7, 3, 201)
(242, 112, 10, 4, 180)
(182, 196, 18, 2, 216)
(157, 160, 4, 24, 97)
(18, 178, 10, 10, 89)
(137, 34, 13, 5, 144)
(30, 211, 7, 13, 189)
(203, 199, 15, 3, 232)
(107, 149, 7, 4, 49)
(18, 23, 34, 27, 185)
(283, 94, 5, 4, 219)
(244, 198, 16, 3, 228)
(246, 222, 4, 5, 117)
(294, 182, 0, 1, 210)
(129, 170, 3, 30, 233)
(166, 106, 18, 15, 165)
(0, 179, 16, 12, 105)
(9, 91, 14, 36, 104)
(85, 110, 8, 10, 177)
(201, 52, 17, 14, 185)
(254, 215, 10, 3, 210)
(168, 207, 12, 6, 230)
(246, 140, 22, 1, 226)
(83, 224, 25, 0, 230)
(116, 141, 148, 0, 166)
(21, 224, 5, 8, 114)
(294, 193, 5, 10, 170)
(102, 207, 15, 8, 226)
(227, 181, 9, 11, 220)
(196, 192, 6, 4, 146)
(0, 181, 19, 1, 167)
(188, 123, 4, 30, 234)
(156, 133, 11, 7, 204)
(180, 129, 3, 9, 85)
(247, 102, 13, 8, 208)
(257, 210, 10, 1, 170)
(295, 157, 4, 3, 112)
(7, 203, 19, 10, 193)
(283, 218, 1, 3, 127)
(160, 66, 2, 90, 158)
(74, 193, 24, 2, 219)
(227, 36, 3, 14, 216)
(223, 181, 36, 2, 221)
(104, 214, 23, 0, 25)
(150, 149, 6, 10, 188)
(161, 224, 91, 0, 255)
(299, 150, 1, 11, 155)
(256, 6, 2, 17, 206)
(209, 74, 3, 17, 113)
(263, 224, 13, 4, 144)
(224, 141, 12, 5, 251)
(299, 171, 0, 13, 123)
(222, 60, 14, 14, 147)
(115, 213, 20, 6, 207)
(115, 98, 12, 4, 105)
(299, 39, 1, 8, 220)
(159, 124, 3, 17, 115)
(128, 215, 12, 6, 199)
(94, 213, 9, 4, 233)
(280, 29, 6, 6, 156)
(179, 181, 21, 1, 218)
(265, 9, 6, 5, 196)
(299, 178, 0, 32, 72)
(138, 129, 11, 7, 122)
(283, 178, 10, 3, 186)
(288, 89, 0, 129, 20)
(273, 24, 9, 6, 151)
(88, 212, 9, 3, 217)
(291, 100, 7, 9, 190)
(285, 126, 10, 12, 215)
(23, 111, 17, 7, 155)
(184, 79, 29, 7, 111)
(8, 186, 25, 4, 112)
(299, 206, 1, 4, 183)
(126, 135, 18, 5, 109)
(105, 180, 8, 10, 200)
(247, 124, 6, 5, 167)
(299, 23, 0, 138, 46)
(271, 151, 12, 3, 184)
(259, 71, 0, 143, 9)
(168, 18, 41, 11, 230)
(230, 224, 23, 0, 96)
(260, 42, 12, 5, 148)
(285, 61, 4, 5, 226)
(179, 143, 5, 6, 250)
(299, 70, 1, 11, 188)
(56, 157, 11, 7, 171)
(249, 160, 30, 1, 142)
(296, 95, 4, 7, 225)
(84, 224, 31, 0, 238)
(270, 110, 10, 4, 223)
(232, 187, 10, 3, 216)
(292, 30, 4, 5, 149)
(17, 132, 15, 9, 201)
(232, 209, 29, 4, 186)
(153, 184, 5, 5, 207)
(250, 221, 27, 1, 154)
(110, 224, 0, 0, 0)
(299, 212, 0, 0, 8)
(97, 56, 4, 0, 50)
(197, 118, 2, 26, 105)
(128, 206, 5, 17, 209)
(96, 197, 0, 9, 0)
(173, 143, 6, 5, 128)
(232, 145, 52, 1, 228)
(75, 224, 10, 1, 208)
(83, 77, 14, 14, 143)
(293, 44, 6, 11, 183)
(224, 86, 2, 11, 190)
(277, 197, 15, 1, 213)
(116, 11, 7, 6, 108)
(134, 108, 12, 3, 112)
(170, 146, 4, 11, 149)
(180, 153, 19, 3, 103)
(137, 186, 0, 0, 155)
(296, 219, 2, 5, 103)
(36, 208, 11, 9, 205)
(73, 186, 10, 4, 99)
(285, 118, 6, 2, 175)
(153, 3, 13, 26, 217)
(258, 22, 9, 4, 194)
(162, 143, 4, 15, 85)
(281, 137, 5, 4, 164)
(257, 174, 28, 0, 153)
(201, 94, 30, 2, 158)
(121, 126, 9, 10, 164)
(277, 81, 5, 5, 213)
(208, 131, 16, 16, 246)
(247, 2, 3, 7, 148)
(292, 104, 0, 34, 205)
(230, 99, 14, 11, 193)
(102, 54, 6, 19, 125)
(147, 12, 12, 10, 190)
(173, 202, 7, 1, 216)
(293, 123, 0, 45, 215)
(272, 198, 0, 4, 118)
(295, 8, 4, 4, 185)
(299, 162, 1, 17, 217)
(193, 224, 15, 9, 163)
(159, 203, 5, 18, 212)
(273, 102, 3, 4, 156)
(210, 118, 5, 2, 202)
(288, 223, 7, 6, 132)
(268, 178, 6, 2, 214)
(112, 224, 18, 0, 82)
(299, 174, 0, 38, 30)
(280, 20, 2, 16, 164)
(73, 202, 11, 3, 185)
(278, 32, 3, 37, 197)
(207, 142, 1, 9, 162)
(203, 171, 8, 3, 201)
(104, 224, 81, 0, 28)
(115, 61, 1, 11, 116)
(163, 216, 65, 0, 88)
(253, 143, 17, 2, 246)
(215, 33, 7, 12, 142)
(72, 134, 21, 4, 129)
(19, 0, 30, 6, 193)
(299, 11, 2, 13, 164)
(281, 135, 0, 20, 142)
(193, 116, 7, 14, 106)
(259, 198, 14, 1, 196)
(279, 123, 11, 3, 169)
(187, 199, 0, 0, 182)
(1, 224, 177, 0, 64)
(163, 97, 1, 33, 114)
(190, 118, 7, 7, 101)
(264, 163, 0, 14, 55)
(134, 154, 8, 7, 238)
(233, 201, 0, 0, 255)
(143, 160, 5, 7, 103)
(167, 101, 1, 37, 177)
(201, 104, 9, 10, 132)
(127, 52, 2, 60, 162)
(155, 170, 7, 4, 121)
(227, 75, 7, 11, 150)
(185, 184, 0, 0, 184)
(188, 214, 111, 0, 142)
(44, 222, 6, 2, 177)
(272, 132, 4, 4, 182)
(193, 202, 2, 3, 193)
(299, 8, 0, 190, 20)
(270, 151, 0, 7, 225)
(0, 193, 13, 5, 206)
(84, 219, 11, 6, 180)
(116, 22, 9, 3, 156)
(261, 62, 0, 148, 237)
(286, 213, 0, 12, 70)
(163, 208, 0, 1, 171)
(277, 207, 7, 2, 164)
(251, 207, 5, 12, 183)
(65, 91, 3, 22, 108)
(173, 156, 3, 18, 237)
(274, 41, 2, 3, 190)
(222, 51, 0, 143, 255)
(299, 49, 4, 8, 155)
(27, 75, 14, 5, 187)
(272, 202, 13, 1, 163)
(163, 47, 3, 23, 194)
(293, 163, 6, 3, 205)
(17, 106, 4, 27, 100)
(229, 29, 16, 8, 157)
(238, 221, 3, 1, 135)
(256, 168, 9, 2, 179)
(232, 224, 48, 0, 238)
(240, 88, 1, 12, 232)
(299, 131, 3, 12, 189)
(12, 107, 10, 7, 76)
(92, 101, 2, 1, 181)
(147, 223, 18, 4, 214)
(127, 224, 57, 0, 17)
(256, 13, 0, 167, 214)
(285, 144, 0, 71, 35)
(210, 224, 31, 0, 0)
(299, 121, 0, 40, 186)
(72, 42, 4, 16, 157)
(278, 112, 0, 15, 250)
(24, 224, 0, 0, 0)
(20, 224, 168, 0, 255)
(276, 52, 8, 6, 184)
(236, 178, 43, 0, 53)
(13, 142, 16, 9, 129)
(232, 13, 8, 4, 179)
(299, 87, 0, 0, 81)
(48, 220, 7, 4, 183)
(162, 185, 14, 2, 108)
(264, 105, 9, 3, 229)
(207, 209, 14, 6, 207)
(161, 174, 3, 7, 169)
(68, 224, 46, 0, 106)
(106, 195, 5, 4, 191)
(76, 204, 17, 1, 183)
(211, 190, 4, 7, 199)
(186, 168, 6, 6, 252)
(97, 79, 33, 2, 193)
(43, 182, 5, 4, 207)
(142, 41, 27, 8, 197)
(93, 99, 3, 14, 187)
(214, 195, 21, 6, 217)
(29, 206, 218, 0, 207)
(222, 212, 6, 5, 194)
(188, 189, 7, 1, 244)
(51, 90, 11, 10, 152)
(288, 156, 3, 5, 112)
(145, 207, 26, 0, 104)
(0, 50, 10, 9, 193)
(285, 50, 0, 129, 184)
(126, 146, 2, 11, 213)
(48, 81, 14, 5, 208)
(209, 158, 3, 2, 239)
(222, 179, 0, 14, 149)
(30, 191, 57, 3, 218)
(41, 218, 137, 0, 235)
(142, 209, 6, 4, 191)
(86, 157, 12, 8, 76)
(231, 158, 33, 1, 215)
(209, 190, 7, 7, 196)
(109, 167, 16, 4, 211)
(143, 117, 15, 7, 84)
(160, 158, 4, 10, 97)
(182, 154, 0, 11, 145)
(73, 59, 4, 8, 228)
(285, 109, 0, 37, 40)
(224, 63, 0, 140, 183)
(228, 27, 21, 5, 160)
(131, 204, 14, 2, 228)
(14, 156, 11, 11, 80)
(64, 67, 27, 7, 168)
(97, 133, 3, 6, 251)
(236, 118, 1, 24, 219)
(282, 13, 2, 17, 201)
(223, 65, 12, 4, 185)
(271, 35, 13, 8, 202)
(116, 90, 6, 12, 122)
(279, 150, 4, 1, 107)
(269, 102, 1, 4, 237)
(260, 147, 2, 13, 209)
(188, 224, 11, 0, 255)
(245, 187, 19, 5, 185)
(296, 109, 0, 13, 51)
(275, 196, 12, 1, 196)
(20, 132, 10, 9, 216)
(139, 203, 58, 0, 203)
(0, 122, 8, 8, 182)
(149, 100, 44, 1, 131)
(149, 131, 8, 9, 245)
(268, 55, 6, 8, 197)
(234, 152, 4, 5, 140)
(131, 105, 165, 0, 92)
(117, 176, 6, 10, 78)
(292, 34, 0, 161, 0)
(62, 115, 18, 2, 162)
(299, 186, 0, 17, 176)
(218, 152, 7, 8, 104)
(229, 207, 16, 1, 182)
(294, 59, 0, 0, 72)
(237, 174, 57, 2, 229)
(79, 142, 46, 4, 204)
(148, 173, 104, 0, 64)
(285, 24, 2, 4, 232)
(47, 209, 39, 2, 221)
(254, 224, 25, 0, 44)
(282, 158, 6, 1, 116)
(297, 32, 2, 6, 152)
(225, 193, 9, 3, 195)
(224, 108, 12, 3, 174)
(220, 92, 2, 3, 106)
(286, 198, 2, 7, 209)
(174, 41, 3, 2, 102)
(270, 185, 0, 0, 253)
(286, 118, 0, 53, 145)
(269, 192, 27, 0, 11)
(221, 178, 0, 24, 182)
(197, 182, 5, 5, 200)
(236, 164, 5, 1, 131)
(280, 164, 0, 0, 70)
(16, 135, 148, 0, 0)
(234, 9, 63, 0, 221)
(22, 224, 112, 0, 68)
(266, 127, 0, 24, 89)
(106, 223, 4, 6, 178)
(240, 224, 24, 0, 127)
(139, 165, 7, 20, 79)
(38, 22, 8, 13, 150)
(294, 140, 0, 83, 81)
(292, 208, 0, 7, 61)
(299, 179, 0, 0, 255)
(160, 76, 10, 4, 167)
(261, 155, 11, 1, 184)
(65, 143, 14, 17, 152)
(197, 96, 5, 7, 201)
(299, 174, 0, 85, 73)
(243, 197, 6, 0, 168)
(95, 162, 11, 8, 116)
(286, 146, 4, 2, 159)
(293, 219, 5, 3, 105)
(135, 183, 5, 15, 84)
(270, 99, 21, 1, 204)
(47, 154, 21, 2, 202)
(285, 186, 5, 4, 173)
(255, 224, 15, 0, 1)
(246, 56, 4, 12, 165)
(230, 200, 10, 3, 197)
(287, 179, 0, 3, 83)
(258, 173, 8, 8, 227)
(82, 201, 19, 1, 182)
(238, 222, 8, 1, 126)
(241, 149, 2, 6, 238)
(256, 205, 0, 0, 69)
(206, 181, 21, 0, 47)
(146, 0, 9, 4, 170)
(149, 206, 17, 1, 168)
(286, 220, 1, 4, 157)
(278, 224, 6, 12, 207)
(10, 218, 3, 6, 211)
(146, 159, 4, 4, 206)
(299, 19, 4, 5, 117)
(261, 64, 2, 5, 230)
(273, 217, 10, 2, 158)
(106, 109, 18, 11, 220)
(188, 200, 23, 0, 73)
(160, 195, 0, 0, 42)
(145, 38, 8, 16, 188)
(293, 86, 3, 11, 158)
(129, 38, 5, 29, 181)
(299, 32, 0, 103, 40)
(176, 147, 16, 4, 232)
(154, 193, 1, 8, 239)
(255, 57, 2, 4, 245)
(84, 196, 3, 8, 104)
(234, 178, 15, 3, 228)
(10, 220, 222, 0, 145)
(177, 198, 2, 9, 200)
(208, 188, 0, 17, 95)
(192, 190, 2, 2, 247)
(209, 176, 23, 5, 244)
(242, 137, 1, 11, 142)
(156, 144, 3, 11, 101)
(214, 146, 5, 7, 221)
(278, 224, 21, 0, 72)
(264, 101, 0, 0, 153)
(256, 133, 2, 7, 217)
(185, 214, 47, 0, 48)
(138, 195, 10, 7, 128)
(229, 224, 19, 0, 19)
(296, 117, 3, 7, 196)
(266, 146, 12, 5, 223)
(291, 150, 0, 74, 154)
(287, 47, 8, 6, 218)
(223, 212, 49, 1, 182)
(207, 218, 77, 0, 201)
(263, 77, 4, 29, 186)
(289, 125, 10, 3, 221)
(287, 218, 11, 1, 112)
(269, 163, 15, 6, 217)
(275, 95, 5, 6, 219)
(202, 145, 15, 0, 209)
(290, 116, 0, 23, 87)
(231, 165, 40, 0, 140)
(250, 10, 5, 12, 162)
(243, 137, 2, 9, 191)
(255, 206, 3, 1, 214)
(227, 101, 0, 0, 109)
(178, 159, 5, 7, 60)
(79, 202, 192, 0, 141)
(295, 74, 4, 0, 9)
(137, 168, 3, 9, 164)
(91, 128, 13, 0, 0)
(275, 197, 1, 3, 195)
(64, 139, 27, 3, 231)
(288, 31, 4, 9, 199)
(101, 75, 2, 14, 207)
(90, 128, 7, 3, 161)
(168, 113, 21, 3, 142)
(170, 203, 25, 1, 186)
(13, 204, 64, 0, 253)
(267, 91, 3, 4, 209)
(192, 18, 95, 0, 92)
(109, 88, 5, 6, 175)
(83, 73, 4, 12, 139)
(243, 142, 0, 19, 183)
(107, 83, 3, 22, 234)
(148, 55, 1, 20, 107)
(168, 99, 39, 0, 45)
(299, 40, 0, 134, 51)
(285, 168, 15, 2, 234)
(290, 94, 1, 5, 195)
(117, 85, 8, 3, 213)
(269, 204, 6, 1, 188)
(120, 174, 5, 7, 78)
(162, 119, 1, 8, 94)
(246, 145, 8, 1, 243)
(273, 154, 3, 3, 154)
(272, 91, 27, 3, 165)
(11, 213, 0, 0, 124)
(133, 168, 3, 15, 198)
(173, 202, 94, 0, 180)
(284, 78, 4, 2, 223)
(200, 112, 4, 1, 158)
(75, 168, 10, 4, 241)
(211, 194, 6, 1, 154)
(0, 133, 3, 6, 61)
(253, 204, 0, 8, 0)
(265, 142, 24, 2, 175)
(255, 176, 0, 2, 246)
(259, 34, 0, 6, 95)
(191, 144, 7, 9, 207)
(148, 206, 0, 6, 76)
(140, 105, 2, 6, 50)
(244, 172, 8, 3, 208)
(210, 160, 11, 2, 87)
(23, 222, 170, 0, 169)
(296, 145, 2, 6, 167)
(70, 114, 12, 4, 114)
(294, 14, 5, 5, 150)
(272, 163, 9, 0, 103)
(288, 46, 0, 73, 161)
(217, 26, 7, 7, 185)
(182, 148, 1, 11, 126)
(236, 217, 37, 0, 201)
(167, 120, 8, 7, 180)
(244, 149, 5, 3, 156)
(35, 176, 2, 6, 74)
(256, 222, 4, 2, 112)
(268, 129, 2, 6, 118)
(290, 116, 0, 57, 203)
(242, 188, 13, 2, 198)
(78, 174, 14, 3, 133)
(299, 176, 0, 16, 192)
(218, 201, 0, 25, 24)
(224, 156, 7, 4, 89)
(299, 55, 0, 1, 152)
(255, 173, 5, 1, 162)
(193, 82, 7, 1, 154)
(196, 12, 2, 42, 227)
(123, 140, 14, 3, 156)
(283, 108, 6, 3, 173)
(285, 212, 1, 8, 139)
(264, 224, 0, 0, 10)
(221, 224, 4, 2, 126)
(168, 193, 103, 0, 126)
(10, 73, 6, 36, 121)
(299, 102, 0, 21, 137)
(128, 223, 69, 0, 38)
(291, 1, 12, 3, 160)
(229, 160, 4, 3, 91)
(246, 118, 13, 2, 207)
(284, 221, 0, 0, 117)
(190, 219, 17, 3, 194)
(173, 85, 17, 3, 148)
(291, 188, 2, 3, 142)
(106, 120, 2, 15, 156)
(214, 181, 0, 0, 176)
(291, 131, 8, 2, 198)
(41, 224, 84, 0, 87)
(244, 199, 17, 0, 35)
(34, 193, 8, 0, 193)
(207, 19, 0, 90, 220)
(235, 170, 10, 2, 208)
(26, 58, 3, 16, 100)
(89, 131, 4, 8, 94)
(67, 210, 146, 0, 39)
(228, 197, 5, 0, 147)
(236, 215, 5, 2, 175)
(181, 188, 1, 4, 209)
(296, 160, 3, 2, 187)
(18, 87, 8, 4, 172)
(261, 194, 10, 2, 189)
(295, 96, 1, 55, 205)
(0, 44, 8, 4, 61)
(299, 154, 0, 0, 66)
(208, 148, 7, 5, 120)
(297, 3, 0, 98, 82)
(208, 53, 3, 7, 147)
(233, 188, 39, 0, 152)
(246, 178, 11, 4, 233)
(53, 187, 3, 1, 179)
(28, 80, 3, 29, 123)
(121, 44, 13, 1, 182)
(133, 0, 6, 15, 183)
(289, 150, 4, 1, 116)
(175, 190, 5, 9, 140)
(270, 164, 15, 0, 166)
(256, 67, 1, 5, 150)
(237, 114, 1, 9, 228)
(249, 224, 1, 2, 82)
(246, 106, 2, 2, 140)
(130, 126, 63, 0, 91)
(210, 66, 2, 8, 234)
(93, 224, 144, 0, 114)
(146, 126, 4, 8, 142)
(295, 39, 4, 3, 229)
(69, 206, 70, 0, 18)
(11, 121, 7, 2, 179)
(234, 85, 4, 20, 202)
(290, 212, 9, 1, 171)
(126, 204, 77, 0, 72)
(244, 218, 3, 3, 147)
(299, 33, 0, 0, 34)
(99, 224, 199, 0, 0)
(28, 221, 6, 10, 188)
(243, 55, 0, 68, 28)
(299, 2, 0, 182, 238)
(232, 18, 0, 21, 166)
(257, 201, 6, 1, 219)
(69, 205, 73, 0, 33)
(268, 214, 0, 0, 129)
(100, 172, 12, 1, 190)
(208, 207, 50, 0, 255)
(125, 113, 14, 15, 210)
(277, 184, 3, 6, 189)
(196, 196, 9, 2, 177)
(299, 189, 0, 10, 68)
(151, 167, 4, 15, 241)
(205, 121, 6, 7, 99)
(299, 111, 1, 5, 227)
(85, 214, 82, 0, 160)
(127, 204, 9, 2, 179)
(25, 222, 0, 2, 231)
(265, 45, 8, 7, 158)
(191, 166, 0, 0, 241)
(222, 210, 13, 4, 194)
(124, 202, 16, 0, 75)
(216, 167, 16, 4, 243)
(0, 140, 5, 2, 148)
(57, 182, 8, 4, 114)
(16, 2, 0, 66, 125)
(230, 147, 29, 0, 102)
(221, 208, 17, 0, 221)
(0, 224, 72, 0, 203)
(270, 186, 0, 21, 153)
(245, 109, 23, 3, 198)
(175, 224, 0, 0, 178)
(289, 201, 2, 3, 201)
(84, 170, 12, 4, 245)
(273, 143, 3, 4, 215)
(243, 186, 16, 1, 189)
(198, 173, 9, 1, 187)
(2, 84, 6, 3, 198)
(298, 68, 0, 95, 111)
(299, 6, 3, 5, 190)
(25, 78, 4, 26, 102)
(281, 200, 4, 2, 180)
(143, 27, 0, 12, 244)
(186, 198, 6, 1, 224)
(176, 61, 4, 24, 126)
(263, 186, 55, 0, 61)
(294, 81, 0, 13, 123)
(165, 153, 3, 19, 166)
(267, 0, 2, 7, 197)
(0, 198, 238, 0, 58)
(299, 35, 0, 172, 192)
(111, 79, 6, 9, 155)
(252, 222, 2, 2, 183)
(293, 213, 3, 4, 162)
(281, 160, 0, 44, 34)
(65, 189, 7, 4, 198)
(206, 14, 0, 21, 0)
(194, 151, 3, 11, 85)
(119, 165, 38, 0, 36)
(270, 128, 3, 5, 215)
(32, 224, 233, 0, 223)
(31, 122, 6, 11, 208)
(229, 224, 31, 0, 199)
(212, 164, 12, 1, 155)
(67, 103, 21, 8, 46)
(299, 98, 0, 18, 200)
(77, 215, 9, 3, 189)
(299, 166, 0, 27, 234)
(158, 92, 3, 0, 54)
(298, 193, 0, 10, 174)
(280, 26, 0, 20, 186)
(233, 129, 2, 6, 106)
(66, 89, 3, 10, 137)
(294, 209, 5, 2, 150)
(298, 133, 1, 0, 192)
(18, 151, 6, 7, 94)
(272, 199, 27, 0, 21)
(150, 91, 14, 7, 172)
(296, 170, 0, 0, 39)
(8, 208, 98, 0, 84)
(53, 188, 8, 4, 195)
(289, 32, 0, 186, 107)
(110, 205, 178, 0, 249)
(280, 223, 0, 0, 56)
(297, 104, 14, 3, 221)
(130, 72, 6, 14, 117)
(135, 44, 3, 9, 145)
(132, 193, 2, 4, 101)
(295, 221, 3, 2, 94)
(256, 96, 4, 0, 61)
(91, 170, 14, 2, 181)
(116, 62, 5, 24, 187)
(134, 139, 89, 0, 121)
(299, 181, 2, 3, 181)
(294, 181, 0, 18, 76)
(93, 204, 7, 3, 117)
(224, 116, 12, 5, 127)
(299, 134, 0, 0, 66)
(266, 31, 9, 5, 225)
(293, 80, 4, 6, 206)
(253, 8, 0, 127, 73)
(198, 53, 1, 5, 101)
(199, 123, 3, 7, 143)
(188, 224, 52, 0, 134)
(233, 72, 0, 34, 40)
(236, 138, 16, 1, 161)
(42, 195, 23, 1, 210)
(276, 122, 3, 7, 133)
(287, 223, 1, 3, 150)
(2, 224, 158, 0, 114)
(176, 201, 123, 0, 156)
(255, 190, 21, 2, 189)
(11, 224, 22, 0, 230)
(213, 189, 4, 3, 241)
(6, 118, 6, 2, 118)
(103, 161, 78, 0, 1)
(299, 19, 1, 1, 175)
(289, 126, 0, 65, 83)
(208, 15, 25, 11, 228)
(0, 208, 148, 0, 35)
(31, 67, 73, 1, 182)
(69, 118, 6, 2, 148)
(273, 178, 9, 1, 218)
(250, 0, 3, 3, 195)
(238, 224, 19, 0, 63)
(299, 185, 2, 6, 149)
(284, 2, 6, 10, 152)
(269, 0, 0, 111, 123)
(299, 202, 0, 34, 57)
(151, 62, 4, 17, 148)
(102, 193, 99, 0, 165)
(272, 123, 19, 1, 174)
(217, 220, 11, 1, 175)
(38, 130, 5, 7, 209)
(289, 41, 4, 4, 131)
(299, 219, 0, 0, 39)
(186, 108, 13, 3, 103)
(163, 194, 2, 10, 130)
(10, 2, 29, 0, 162)
(280, 105, 3, 12, 199)
(89, 138, 0, 0, 20)
(112, 167, 14, 0, 111)
(299, 43, 0, 155, 179)
(299, 143, 0, 63, 59)
(278, 50, 8, 4, 208)
(120, 221, 21, 0, 112)
(288, 102, 0, 122, 200)
(233, 133, 1, 10, 225)
(70, 222, 94, 0, 231)
(299, 215, 5, 1, 127)
(117, 201, 3, 7, 169)
(201, 182, 4, 2, 253)
(264, 135, 4, 3, 110)
(286, 181, 0, 17, 19)
(272, 200, 11, 1, 189)
(244, 146, 2, 18, 204)
(166, 142, 3, 7, 86)
(94, 192, 139, 0, 20)
(101, 21, 6, 15, 182)
(127, 224, 81, 0, 255)
(143, 78, 6, 11, 156)
(275, 55, 5, 4, 161)
(299, 59, 0, 37, 231)
(88, 131, 8, 4, 77)
(291, 176, 5, 7, 196)
(295, 133, 0, 3, 184)
(115, 154, 7, 1, 170)
(103, 84, 1, 18, 165)
(256, 158, 0, 49, 75)
(250, 206, 2, 5, 202)
(245, 109, 4, 5, 195)
(250, 191, 0, 35, 83)
(224, 171, 0, 7, 201)
(267, 76, 0, 9, 95)
(274, 180, 3, 10, 185)
(188, 105, 10, 2, 223)
(267, 162, 10, 3, 229)
(127, 187, 2, 5, 144)
(284, 219, 1, 1, 124)
(238, 121, 9, 8, 116)
(176, 109, 7, 9, 182)
(140, 218, 34, 1, 228)
(265, 182, 32, 0, 243)
(164, 186, 20, 0, 104)
(217, 209, 50, 0, 200)
(263, 224, 0, 0, 207)
(42, 178, 11, 6, 200)
(299, 0, 0, 42, 2)
(112, 154, 6, 3, 50)
(22, 224, 249, 0, 107)
(182, 216, 38, 4, 195)
(299, 85, 17, 2, 165)
(224, 221, 7, 1, 158)
(236, 194, 2, 14, 191)
(62, 223, 142, 0, 8)
(116, 200, 8, 1, 241)
(136, 209, 6, 1, 167)
(283, 106, 8, 3, 190)
(248, 73, 2, 2, 230)
(122, 60, 2, 6, 76)
(121, 205, 1, 4, 157)
(0, 138, 1, 16, 101)
(283, 196, 0, 6, 191)
(106, 35, 3, 4, 105)
(247, 216, 0, 0, 14)
(170, 223, 21, 1, 186)
(161, 212, 55, 0, 218)
(193, 26, 2, 27, 231)
(211, 92, 8, 5, 167)
(273, 195, 5, 1, 162)
(256, 48, 0, 19, 134)
(236, 37, 15, 5, 164)
(165, 224, 160, 0, 68)
(294, 145, 5, 1, 144)
(110, 59, 1, 7, 104)
(238, 161, 2, 3, 115)
(240, 222, 3, 2, 111)
(299, 88, 0, 75, 34)
(299, 46, 0, 131, 26)
(266, 162, 7, 1, 180)
(84, 132, 7, 4, 83)
(54, 190, 152, 0, 255)
(299, 184, 0, 0, 33)
(87, 195, 58, 0, 109)
(299, 103, 0, 92, 220)
(58, 215, 34, 3, 193)
(153, 215, 4, 6, 204)
(239, 212, 45, 0, 159)
(289, 76, 4, 3, 198)
(0, 220, 0, 3, 154)
(202, 78, 3, 4, 163)
(225, 94, 3, 3, 225)
(252, 45, 0, 142, 111)
(282, 122, 0, 102, 177)
(86, 210, 24, 0, 89)
(298, 217, 12, 4, 120)
(238, 208, 30, 0, 246)
(195, 224, 33, 0, 253)
(154, 160, 2, 6, 104)
(133, 5, 2, 19, 128)
(124, 170, 5, 3, 101)
(254, 42, 0, 73, 210)
(142, 224, 74, 0, 0)
(282, 150, 0, 56, 184)
(292, 158, 1, 7, 214)
(76, 52, 18, 0, 81)
(242, 77, 4, 13, 192)
(299, 210, 0, 0, 37)
(179, 174, 26, 3, 236)
(188, 169, 10, 2, 214)
(234, 223, 1, 1, 68)
(114, 185, 2, 18, 74)
(272, 76, 2, 6, 241)
(248, 33, 3, 4, 231)
(107, 177, 101, 0, 250)
(292, 199, 0, 0, 174)
(34, 214, 15, 0, 235)
(288, 202, 0, 0, 106)
(0, 92, 6, 5, 187)
(289, 201, 15, 0, 214)
(299, 190, 0, 1, 93)
(280, 199, 0, 0, 15)
(161, 213, 8, 1, 119)
(192, 32, 6, 16, 228)
(130, 75, 1, 5, 190)
(267, 83, 6, 5, 156)
(218, 224, 59, 0, 120)
(50, 45, 9, 8, 153)
(28, 213, 0, 0, 150)
(216, 91, 6, 3, 121)
(205, 216, 0, 18, 71)
(200, 202, 7, 1, 239)
(161, 45, 19, 4, 175)
(288, 224, 0, 0, 62)
(290, 153, 7, 3, 205)
(222, 57, 3, 7, 119)
(146, 182, 5, 9, 92)
(38, 224, 58, 0, 179)
(279, 214, 5, 0, 202)
(294, 48, 0, 3, 232)
(292, 198, 0, 0, 115)
(176, 166, 5, 6, 207)
(162, 129, 2, 8, 194)
(292, 165, 3, 1, 193)
(298, 71, 14, 3, 158)
(270, 125, 2, 4, 144)
(57, 224, 10, 1, 164)
(168, 205, 4, 2, 120)
(221, 76, 5, 6, 225)
(29, 224, 0, 0, 73)
(299, 74, 0, 26, 29)
(57, 172, 11, 2, 103)
(299, 127, 0, 12, 244)
(257, 15, 0, 81, 198)
(299, 150, 0, 0, 214)
(68, 187, 81, 0, 246)
(289, 71, 2, 2, 219)
(131, 141, 3, 4, 216)
(123, 206, 4, 5, 149)
(101, 149, 7, 2, 71)
(251, 5, 0, 153, 91)
(86, 181, 21, 1, 117)
(264, 147, 1, 10, 181)
(134, 205, 2, 4, 154)
(292, 157, 4, 2, 153)
(299, 51, 0, 48, 170)
(260, 26, 2, 14, 160)
(129, 203, 4, 1, 130)
(0, 216, 3, 8, 168)
(292, 34, 4, 5, 224)
(111, 17, 7, 7, 172)
(25, 145, 2, 10, 76)
(138, 153, 5, 4, 241)
(262, 152, 2, 5, 179)
(24, 198, 12, 0, 15)
(299, 88, 0, 9, 169)
(235, 122, 1, 16, 156)
(132, 83, 155, 0, 101)
(203, 204, 0, 3, 208)
(281, 132, 1, 10, 208)
(195, 202, 10, 1, 226)
(178, 224, 121, 0, 165)
(212, 181, 8, 5, 241)
(246, 26, 1, 8, 230)
(168, 173, 2, 15, 127)
(187, 107, 2, 2, 201)
(282, 181, 0, 26, 186)
(296, 224, 2, 17, 105)
(232, 163, 9, 1, 110)
(256, 148, 6, 12, 217)
(255, 202, 7, 3, 156)
(71, 200, 4, 5, 209)
(299, 88, 0, 65, 63)
(287, 174, 0, 12, 33)
(281, 22, 0, 155, 7)
(199, 224, 11, 0, 35)
(270, 149, 3, 3, 156)
(299, 23, 0, 112, 127)
(109, 224, 30, 0, 221)
(247, 178, 16, 0, 0)
(163, 221, 8, 4, 201)
(259, 7, 4, 4, 154)
(296, 28, 0, 114, 32)
(161, 155, 1, 3, 120)
(267, 68, 0, 6, 227)
(289, 97, 4, 2, 222)
(117, 168, 3, 7, 238)
(197, 181, 0, 17, 240)
(16, 224, 184, 0, 173)
(287, 45, 2, 2, 152)
(299, 163, 0, 31, 15)
(279, 134, 2, 5, 224)
(67, 224, 72, 0, 34)
(299, 115, 0, 12, 117)
(39, 56, 9, 6, 142)
(202, 127, 1, 18, 188)
(294, 206, 0, 0, 0)
(295, 211, 22, 1, 146)
(234, 154, 1, 2, 219)
(80, 19, 1, 7, 144)
(299, 195, 0, 29, 79)
(172, 214, 7, 3, 203)
(96, 220, 23, 3, 203)
(22, 217, 24, 0, 177)
(210, 219, 68, 0, 73)
(295, 104, 3, 1, 147)
(10, 224, 19, 0, 97)
(187, 224, 0, 0, 232)
(152, 127, 3, 5, 234)
(93, 212, 4, 0, 19)
(115, 130, 8, 1, 183)
(56, 224, 27, 0, 87)
(131, 209, 2, 11, 223)
(62, 168, 8, 4, 101)
(276, 6, 0, 63, 181)
(125, 208, 10, 0, 10)
(299, 151, 2, 4, 178)
(245, 215, 3, 0, 43)
(165, 224, 3, 0, 241)
(243, 214, 22, 0, 180)
(164, 50, 15, 4, 196)
(26, 154, 4, 3, 77)
(299, 25, 0, 96, 102)
(206, 181, 0, 4, 9)
(159, 173, 12, 2, 141)
(299, 138, 0, 18, 232)
(257, 30, 0, 50, 255)
(246, 188, 2, 5, 174)
(80, 113, 177, 0, 161)
(271, 113, 0, 111, 191)
(99, 156, 4, 5, 173)
(216, 174, 27, 1, 223)
(237, 209, 0, 7, 118)
(276, 14, 2, 18, 176)
(264, 183, 13, 2, 197)
(214, 145, 7, 6, 236)
(143, 147, 20, 1, 219)
(265, 189, 8, 1, 172)
(269, 140, 5, 3, 137)
(299, 126, 0, 26, 14)
(54, 212, 32, 1, 202)
(0, 219, 117, 0, 120)
(154, 193, 79, 0, 187)
(104, 194, 165, 0, 21)
(286, 141, 1, 2, 218)
(139, 175, 5, 11, 65)
(285, 6, 11, 0, 246)
(38, 146, 27, 2, 246)
(239, 20, 0, 66, 160)
(51, 157, 1, 20, 87)
(204, 201, 0, 19, 15)
(299, 143, 0, 12, 58)
(299, 180, 0, 20, 23)
(269, 162, 2, 3, 235)
(299, 224, 0, 0, 17)
(227, 86, 1, 9, 123)
(258, 151, 0, 26, 0)
(288, 118, 0, 24, 244)
(77, 10, 71, 0, 15)
(279, 119, 1, 5, 217)
(19, 119, 5, 6, 141)
(230, 52, 0, 78, 100)
(236, 224, 12, 0, 40)
(249, 30, 2, 3, 239)
(39, 94, 3, 11, 92)
(285, 173, 0, 0, 133)
(214, 194, 1, 3, 153)
(243, 111, 2, 12, 163)
(219, 37, 2, 8, 173)
(288, 44, 11, 1, 178)
(136, 177, 99, 0, 214)
(249, 224, 0, 0, 236)
(65, 206, 0, 18, 7)
(295, 171, 7, 3, 213)
(88, 44, 12, 3, 112)
(275, 161, 4, 0, 3)
(232, 76, 4, 7, 139)
(254, 224, 20, 0, 255)
(299, 205, 0, 19, 8)
(154, 207, 0, 13, 0)
(292, 43, 1, 8, 192)
(208, 205, 12, 4, 211)
(296, 51, 0, 96, 228)
(70, 153, 7, 17, 127)
(144, 152, 150, 0, 252)
(73, 167, 5, 3, 202)
(215, 173, 27, 0, 87)
(295, 134, 4, 1, 224)
(68, 21, 8, 15, 219)
(63, 224, 141, 0, 0)
(279, 224, 1, 1, 231)
(195, 207, 7, 3, 211)
(299, 58, 0, 146, 159)
(61, 34, 7, 12, 188)
(116, 106, 1, 24, 222)
(178, 182, 0, 13, 105)
(298, 216, 8, 0, 20)
(197, 165, 7, 4, 252)
(235, 160, 0, 13, 51)
(299, 36, 0, 120, 203)
(238, 224, 27, 0, 244)
(281, 200, 0, 13, 226)
(125, 204, 1, 3, 217)
(267, 201, 5, 0, 252)
(298, 198, 1, 12, 165)
(12, 75, 57, 1, 190)
(83, 224, 152, 0, 140)
(129, 12, 3, 8, 96)
(12, 222, 11, 2, 212)
(20, 63, 4, 20, 163)
(254, 193, 53, 1, 173)
(159, 223, 0, 0, 29)
(286, 168, 0, 7, 174)
(234, 224, 8, 0, 184)
(284, 224, 14, 0, 61)
(254, 214, 4, 2, 224)
(275, 160, 0, 64, 83)
(146, 60, 28, 2, 179)
(138, 162, 2, 3, 123)
(284, 76, 0, 25, 95)
(252, 155, 3, 2, 169)
(299, 88, 0, 84, 164)
(281, 195, 0, 0, 221)
(242, 23, 4, 7, 187)
(27, 164, 10, 13, 65)
(116, 224, 78, 0, 114)
(253, 113, 0, 52, 132)
(82, 223, 3, 1, 201)
(230, 206, 17, 3, 185)
(242, 139, 16, 1, 213)
(33, 44, 5, 14, 164)
(200, 224, 0, 0, 159)
(227, 208, 67, 0, 209)
(292, 21, 0, 117, 119)
(224, 98, 5, 3, 110)
(278, 97, 0, 111, 36)
(262, 62, 0, 0, 224)
(132, 162, 1, 8, 245)
(232, 179, 4, 0, 211)
(10, 99, 12, 5, 142)
(299, 208, 0, 0, 195)
(60, 141, 4, 7, 241)
(172, 214, 25, 0, 133)
(299, 200, 7, 5, 166)
(87, 224, 183, 0, 186)
(216, 196, 22, 1, 219)
(87, 165, 21, 4, 113)
(239, 213, 0, 7, 90)
(88, 37, 7, 22, 143)
(220, 97, 0, 73, 222)
(281, 224, 30, 0, 214)
(110, 204, 12, 2, 158)
(213, 151, 0, 66, 88)
(183, 55, 2, 6, 108)
(233, 102, 5, 3, 223)
(299, 80, 0, 75, 150)
(225, 58, 1, 12, 183)
(177, 184, 55, 0, 90)
(271, 166, 5, 2, 199)
(31, 89, 11, 8, 113)
(293, 48, 5, 2, 191)
(149, 192, 3, 1, 222)
(26, 224, 50, 0, 0)
(264, 2, 1, 5, 153)
(207, 224, 6, 0, 223)
(102, 188, 6, 7, 169)
(264, 219, 8, 4, 148)
(299, 57, 0, 72, 89)
(173, 180, 26, 1, 214)
(231, 44, 2, 2, 120)
(223, 224, 0, 0, 54)
(299, 50, 0, 107, 59)
(112, 188, 4, 7, 75)
(63, 59, 8, 10, 148)
(80, 192, 0, 0, 118)
(154, 130, 2, 3, 171)
(40, 189, 8, 1, 168)
(155, 224, 0, 0, 5)
(265, 111, 0, 0, 160)
(283, 136, 4, 1, 180)
(299, 216, 0, 3, 248)
(287, 201, 0, 6, 110)
(90, 177, 49, 0, 141)
(259, 89, 0, 59, 121)
(131, 100, 7, 4, 77)
(0, 104, 9, 9, 102)
(122, 15, 4, 4, 75)
(260, 78, 18, 2, 211)
(270, 197, 0, 0, 207)
(105, 224, 57, 0, 185)
(215, 213, 0, 0, 23)
(280, 175, 0, 47, 232)
(299, 137, 0, 0, 25)
(85, 177, 27, 0, 145)
(203, 106, 43, 0, 132)
(184, 200, 14, 2, 143)
(292, 137, 7, 5, 200)
(269, 146, 30, 0, 12)
(23, 86, 123, 0, 178)
(16, 33, 17, 6, 202)
(299, 219, 0, 1, 30)
(95, 73, 2, 29, 135)
(105, 222, 69, 0, 0)
(277, 47, 0, 152, 232)
(149, 166, 2, 16, 195)
(256, 93, 0, 120, 171)
(289, 209, 3, 1, 233)
(132, 95, 1, 10, 84)
(272, 100, 2, 3, 212)
(165, 201, 7, 4, 145)
(254, 183, 0, 9, 255)
(213, 60, 3, 5, 243)
(299, 146, 0, 49, 183)
(169, 165, 2, 2, 218)
(33, 224, 160, 0, 85)
(134, 199, 2, 1, 238)
(265, 65, 19, 0, 87)
(67, 161, 19, 2, 110)
(269, 219, 3, 2, 140)
(131, 191, 1, 7, 190)
(0, 127, 276, 0, 203)
(263, 76, 16, 1, 199)
(299, 43, 0, 92, 231)
(217, 122, 3, 9, 222)
(272, 224, 27, 0, 129)
(4, 182, 18, 5, 81)
(286, 203, 8, 2, 196)
(234, 64, 7, 2, 213)
(234, 135, 3, 2, 102)
(152, 194, 6, 5, 246)
(299, 52, 0, 105, 255)
(261, 157, 1, 10, 208)
(293, 155, 6, 2, 191)
(228, 181, 56, 0, 254)
(138, 192, 161, 0, 3)
(90, 178, 22, 2, 238)
(163, 100, 6, 3, 176)
(274, 36, 0, 131, 37)
(200, 224, 8, 0, 223)
(15, 77, 2, 11, 69)
(150, 29, 20, 16, 204)
(22, 122, 2, 7, 142)
(261, 146, 0, 36, 101)
(25, 212, 250, 0, 77)
(298, 0, 4, 4, 151)
(188, 215, 39, 0, 77)
(0, 224, 86, 0, 243)
(152, 103, 6, 2, 96)
(299, 47, 0, 2, 180)
(41, 192, 15, 3, 222)
(95, 58, 4, 7, 209)
(299, 208, 0, 0, 187)
(299, 72, 0, 102, 124)
(265, 177, 0, 0, 145)
(145, 142, 16, 2, 204)
(46, 125, 125, 0, 79)
(266, 14, 1, 7, 199)
(193, 135, 3, 6, 250)
(178, 201, 54, 0, 16)
(76, 0, 21, 19, 208)
(145, 111, 2, 4, 184)
(258, 170, 4, 1, 222)
(174, 175, 1, 10, 230)
(126, 205, 1, 3, 194)
(294, 27, 5, 2, 204)
(184, 183, 3, 7, 180)
(281, 185, 20, 0, 207)
(243, 201, 8, 1, 222)
(248, 207, 2, 1, 214)
(228, 176, 0, 25, 66)
(139, 186, 0, 1, 155)
(75, 178, 16, 1, 170)
(86, 220, 155, 0, 124)
(74, 165, 15, 1, 57)
(197, 29, 19, 2, 232)
(240, 37, 2, 16, 178)
(10, 56, 1, 5, 176)
(35, 224, 257, 0, 165)
(189, 153, 6, 11, 125)
(262, 207, 0, 0, 91)
(42, 208, 8, 3, 199)
(282, 143, 0, 16, 47)
(299, 112, 0, 119, 12)
(261, 224, 5, 2, 136)
(278, 201, 21, 0, 197)
(218, 203, 41, 0, 85)
(241, 189, 0, 0, 118)
(121, 206, 61, 0, 169)
(239, 142, 0, 0, 67)
(52, 207, 27, 4, 226)
(63, 182, 6, 6, 99)
(294, 104, 1, 2, 163)
(129, 180, 96, 0, 110)
(210, 121, 2, 2, 189)
(0, 148, 2, 2, 37)
(262, 210, 32, 0, 196)
(23, 182, 7, 2, 164)
(122, 45, 13, 4, 172)
(243, 0, 0, 46, 139)
(58, 44, 0, 16, 212)
(54, 107, 5, 11, 215)
(101, 150, 3, 0, 153)
(299, 183, 0, 0, 121)
(280, 142, 0, 37, 208)
(271, 207, 6, 2, 171)
(261, 127, 0, 30, 9)
(111, 183, 4, 2, 237)
(203, 117, 1, 13, 105)
(196, 54, 2, 6, 121)
(193, 147, 2, 3, 103)
(266, 198, 0, 11, 105)
(299, 194, 0, 0, 166)
(275, 169, 21, 0, 163)
(289, 63, 0, 73, 238)
(155, 206, 1, 3, 233)
(97, 224, 5, 0, 0)
(123, 141, 5, 3, 74)
(118, 213, 44, 0, 0)
(252, 7, 1, 8, 126)
(146, 160, 120, 0, 63)
(294, 62, 2, 3, 176)
(42, 96, 4, 16, 198)
(16, 81, 7, 2, 187)
(270, 18, 0, 32, 41)
(291, 52, 0, 193, 242)
(7, 155, 46, 0, 101)
(85, 125, 8, 4, 227)
(190, 192, 2, 8, 127)
(146, 192, 0, 4, 126)
(104, 206, 12, 1, 209)
(7, 95, 20, 5, 82)
(258, 211, 4, 2, 173)
(291, 17, 8, 1, 153)
(164, 206, 130, 0, 28)
(86, 224, 206, 0, 39)
(299, 116, 0, 36, 184)
(194, 224, 64, 0, 120)
(254, 224, 33, 0, 218)
(299, 189, 0, 9, 141)
(241, 182, 0, 37, 236)
(258, 207, 0, 17, 133)
(243, 144, 4, 1, 108)
(299, 99, 0, 45, 0)
(208, 76, 1, 10, 96)
(106, 224, 15, 0, 69)
(279, 197, 5, 3, 228)
(247, 154, 1, 0, 175)
(55, 197, 220, 0, 132)
(185, 127, 8, 12, 241)
(141, 212, 113, 0, 143)
(40, 218, 57, 0, 255)
(51, 224, 88, 0, 67)
(51, 224, 142, 0, 184)
(285, 81, 2, 10, 151)
(197, 106, 23, 3, 127)
(252, 146, 7, 2, 186)
(299, 46, 0, 132, 24)
(299, 127, 0, 12, 168)
(292, 177, 5, 2, 188)
(25, 202, 166, 0, 0)
(46, 193, 0, 0, 31)
(224, 224, 0, 0, 34)
(275, 136, 30, 0, 0)
(104, 152, 3, 12, 248)
(183, 203, 103, 0, 34)
(246, 20, 27, 3, 199)
(55, 145, 18, 1, 193)
(104, 103, 4, 6, 227)
(88, 70, 7, 7, 197)
(165, 191, 6, 5, 248)
(223, 127, 5, 1, 213)
(133, 146, 1, 7, 107)
(299, 77, 0, 38, 255)
(299, 210, 0, 1, 254)
(294, 207, 5, 1, 230)
(172, 133, 8, 11, 126)
(161, 146, 2, 7, 185)
(186, 224, 92, 0, 169)
(0, 221, 14, 1, 185)
(250, 210, 14, 0, 140)
(213, 126, 4, 5, 150)
(294, 184, 1, 17, 171)
(256, 143, 0, 19, 106)
(284, 220, 4, 1, 152)
(21, 212, 5, 4, 191)
(103, 213, 2, 2, 234)
(228, 137, 7, 3, 223)
(282, 155, 5, 3, 181)
(238, 63, 13, 0, 141)
(156, 173, 77, 0, 241)
(214, 207, 21, 0, 110)
(299, 140, 0, 0, 234)
(13, 224, 174, 0, 67)
(299, 212, 0, 0, 63)
(299, 86, 0, 37, 197)
(128, 220, 10, 1, 183)
(273, 190, 0, 5, 212)
(256, 111, 2, 22, 187)
(223, 81, 2, 7, 162)
(270, 94, 0, 24, 63)
(17, 217, 2, 4, 109)
(2, 220, 8, 2, 211)
(174, 176, 0, 0, 40)
(276, 128, 3, 2, 230)
(265, 224, 34, 0, 3)
(181, 224, 0, 0, 75)
(156, 0, 39, 4, 220)
(123, 125, 0, 10, 79)
(72, 200, 133, 0, 167)
(146, 66, 2, 2, 146)
(225, 224, 13, 0, 133)
(280, 224, 21, 0, 170)
(277, 0, 4, 2, 148)
(119, 224, 167, 0, 112)
(116, 198, 2, 4, 214)
(276, 31, 0, 120, 236)
(291, 141, 8, 1, 214)
(97, 219, 184, 0, 210)
(293, 22, 5, 4, 198)
(39, 212, 42, 0, 235)
(0, 155, 4, 5, 37)
(285, 137, 0, 28, 41)
(286, 50, 1, 4, 157)
(241, 187, 39, 0, 59)
(86, 141, 4, 1, 85)
(59, 224, 22, 0, 94)
(115, 161, 13, 3, 55)
(23, 206, 0, 0, 59)
(147, 143, 2, 5, 98)
(280, 88, 7, 3, 189)
(299, 120, 0, 59, 192)
(21, 92, 5, 9, 74)
(115, 207, 184, 0, 191)
(3, 116, 4, 7, 180)
(31, 218, 7, 5, 187)
(269, 72, 0, 0, 255)
(159, 224, 0, 0, 90)
(156, 98, 4, 3, 108)
(102, 92, 1, 4, 96)
(47, 84, 102, 0, 215)
(102, 50, 22, 4, 90)
(241, 114, 3, 2, 224)
(264, 224, 2, 1, 124)
(284, 198, 1, 3, 182)
(123, 165, 4, 3, 171)
(78, 112, 2, 14, 138)
(105, 193, 2, 7, 212)
(93, 195, 2, 11, 193)
(299, 60, 0, 0, 93)
(240, 97, 0, 1, 226)
(295, 200, 24, 0, 205)
(291, 75, 8, 1, 203)
(299, 157, 0, 18, 119)
(255, 54, 0, 60, 105)
(107, 170, 4, 6, 175)
(96, 224, 87, 0, 158)
(60, 51, 7, 2, 83)
(33, 172, 106, 0, 246)
(275, 152, 3, 4, 189)
(250, 223, 4, 1, 195)
(299, 47, 0, 17, 166)
(295, 136, 4, 1, 184)
(191, 224, 0, 0, 229)
(156, 172, 5, 7, 96)
(77, 193, 29, 0, 99)
(249, 98, 33, 0, 172)
(299, 222, 0, 0, 110)
(224, 193, 39, 0, 205)
(299, 138, 0, 50, 176)
(5, 97, 90, 0, 43)
(213, 52, 3, 2, 93)
(299, 224, 10, 7, 88)
(76, 103, 13, 4, 71)
(182, 221, 21, 1, 204)
(19, 224, 47, 0, 82)
(211, 222, 0, 0, 163)
(293, 79, 27, 1, 165)
(205, 152, 4, 4, 246)
(289, 143, 0, 0, 181)
(0, 219, 0, 0, 139)
(47, 205, 205, 0, 45)
(274, 117, 5, 1, 178)
(104, 194, 223, 0, 143)
(127, 224, 38, 0, 159)
(96, 196, 2, 1, 81)
(252, 105, 1, 4, 183)
(280, 224, 17, 0, 175)
(161, 193, 2, 1, 56)
(234, 181, 51, 0, 184)
(124, 189, 165, 0, 199)
(228, 218, 2, 3, 164)
(68, 218, 0, 0, 72)
(88, 213, 41, 0, 150)
(159, 86, 49, 0, 34)
(48, 165, 5, 4, 89)
(273, 30, 0, 168, 123)
(112, 156, 2, 3, 224)
(116, 176, 136, 0, 143)
(178, 224, 32, 0, 192)
(299, 119, 0, 16, 250)
(299, 0, 0, 39, 129)
(199, 77, 0, 0, 171)
(184, 86, 75, 0, 251)
(228, 224, 43, 0, 210)
(263, 207, 23, 0, 69)
(192, 224, 46, 0, 162)
(261, 136, 3, 3, 123)
(0, 168, 18, 8, 51)
(208, 154, 4, 6, 228)
(299, 20, 0, 69, 204)
(252, 42, 2, 5, 151)
(32, 224, 105, 0, 0)
(142, 88, 3, 4, 87)
(173, 224, 11, 0, 51)
(251, 203, 2, 6, 188)
(275, 224, 24, 0, 109)
(136, 224, 165, 0, 157)
(183, 168, 6, 4, 252)
(17, 105, 5, 10, 73)
(124, 179, 5, 5, 230)
(299, 51, 0, 192, 107)
(271, 186, 0, 0, 0)
(250, 146, 22, 0, 151)
(57, 101, 8, 6, 85)
(279, 196, 27, 0, 249)
(181, 152, 9, 2, 91)
(268, 178, 0, 0, 0)
(248, 76, 0, 43, 86)
(47, 218, 9, 1, 224)
(233, 86, 28, 0, 209)
(175, 224, 54, 0, 0)
(232, 159, 5, 2, 245)
(143, 140, 3, 2, 110)
(40, 224, 208, 0, 221)
(299, 201, 0, 0, 225)
(5, 222, 41, 0, 179)
(299, 134, 0, 80, 0)
(261, 34, 0, 14, 98)
(87, 203, 189, 0, 125)
(11, 135, 5, 7, 115)
(59, 98, 6, 3, 163)
(290, 14, 0, 48, 200)
(233, 224, 10, 0, 219)
(278, 15, 10, 3, 214)
(272, 224, 86, 0, 145)
(251, 75, 2, 13, 187)
(246, 9, 3, 6, 221)
(129, 211, 28, 0, 38)
(151, 7, 5, 4, 202)
(168, 0, 0, 6, 156)
(234, 210, 0, 0, 231)
(228, 206, 55, 0, 53)
(235, 0, 11, 12, 231)
(11, 49, 1, 12, 98)
(214, 190, 61, 0, 69)
(237, 164, 17, 0, 17)
(255, 105, 0, 0, 245)
(299, 87, 1, 2, 224)
(272, 224, 3, 0, 217)
(250, 151, 7, 1, 133)
(155, 168, 2, 5, 86)
(266, 0, 0, 85, 5)
(94, 224, 46, 0, 129)
(280, 193, 29, 0, 66)
(199, 42, 0, 38, 65)
(232, 214, 0, 0, 102)
(81, 217, 180, 0, 34)
(168, 132, 2, 15, 104)
(136, 18, 2, 4, 78)
(273, 217, 0, 0, 239)
(297, 65, 2, 2, 172)
(7, 172, 59, 0, 95)
(186, 215, 0, 9, 149)
(237, 67, 1, 11, 132)
(219, 174, 0, 0, 201)
(216, 82, 2, 3, 117)
(252, 126, 31, 0, 184)
(296, 180, 0, 39, 236)
(75, 200, 86, 0, 255)
(11, 158, 11, 2, 91)
(267, 27, 0, 18, 95)
(284, 44, 1, 28, 219)
(283, 158, 0, 15, 134)
(262, 123, 0, 77, 139)
(276, 200, 0, 3, 255)
(290, 109, 4, 5, 224)
(153, 84, 2, 11, 97)
(11, 224, 244, 0, 185)
(146, 190, 2, 6, 208)
(91, 196, 2, 6, 206)
(269, 190, 0, 12, 255)
(243, 56, 2, 4, 237)
(252, 222, 0, 2, 36)
(105, 188, 1, 6, 130)
(183, 207, 4, 2, 197)
(190, 46, 6, 3, 170)
(206, 165, 3, 3, 221)
(275, 206, 6, 1, 191)
(267, 184, 6, 1, 222)
(128, 224, 47, 0, 182)
(299, 49, 0, 100, 172)
(121, 91, 1, 4, 56)
(299, 0, 0, 113, 60)
(264, 224, 0, 0, 51)
(231, 106, 1, 11, 175)
(265, 209, 4, 1, 144)
(153, 123, 102, 0, 104)
(289, 134, 0, 55, 39)
(54, 175, 6, 12, 125)
(25, 223, 1, 1, 148)
(5, 224, 0, 0, 176)
(152, 156, 2, 5, 110)
(202, 209, 4, 3, 236)
(220, 0, 13, 23, 229)
(237, 177, 25, 0, 54)
(191, 163, 0, 14, 144)
(275, 151, 10, 2, 204)
(296, 207, 3, 1, 199)
(158, 224, 5, 0, 107)
(223, 104, 3, 9, 156)
(298, 114, 0, 55, 35)
(299, 110, 0, 29, 72)
(47, 224, 252, 0, 203)
(299, 182, 7, 0, 180)
(279, 142, 1, 8, 198)
(266, 76, 1, 4, 161)
(252, 27, 1, 8, 156)
(1, 178, 9, 4, 165)
(259, 30, 0, 36, 65)
(266, 127, 0, 0, 171)
(205, 180, 8, 4, 229)
(89, 184, 153, 0, 185)
(257, 189, 0, 0, 72)
(133, 210, 6, 4, 225)
(277, 205, 0, 0, 70)
(183, 205, 3, 5, 198)
(205, 203, 6, 0, 255)
(291, 157, 0, 49, 253)
(52, 153, 13, 1, 238)
(140, 212, 3, 2, 116)
(98, 76, 10, 6, 194)
(299, 0, 0, 185, 65)
(129, 87, 9, 0, 131)
(271, 31, 0, 89, 132)
(103, 224, 51, 0, 255)
(265, 210, 16, 0, 54)
(132, 196, 63, 0, 238)
(130, 148, 5, 4, 94)
(101, 224, 151, 0, 133)
(229, 59, 2, 20, 172)
(64, 205, 239, 0, 215)
(251, 10, 1, 19, 139)
(68, 183, 63, 0, 177)
(0, 224, 1, 11, 120)
(175, 186, 89, 0, 186)
(182, 120, 1, 18, 97)
(161, 50, 114, 0, 19)
(208, 224, 15, 0, 122)
(190, 185, 9, 1, 244)
(163, 207, 0, 0, 162)
(218, 203, 15, 0, 144)
(299, 182, 0, 30, 0)
(224, 99, 0, 90, 73)
(278, 12, 0, 16, 24)
(192, 58, 4, 4, 147)
(0, 212, 245, 0, 200)
(299, 224, 2, 0, 234)
(252, 144, 0, 0, 198)
(239, 0, 0, 20, 61)
(299, 50, 0, 121, 0)
(296, 216, 27, 0, 161)
(285, 174, 0, 0, 170)
(172, 147, 0, 32, 184)
(299, 52, 0, 69, 161)
(292, 5, 0, 62, 54)
(297, 184, 9, 0, 83)
(239, 212, 12, 1, 190)
(237, 58, 0, 33, 229)
(173, 102, 0, 41, 123)
(299, 136, 0, 33, 246)
(83, 222, 170, 0, 156)
(299, 206, 19, 0, 128)
(194, 215, 0, 22, 141)
(241, 189, 0, 2, 0)
(76, 86, 1, 13, 172)
(284, 194, 12, 1, 163)
(299, 224, 0, 0, 211)
(299, 27, 0, 71, 85)
(70, 69, 4, 2, 95)
(142, 0, 1, 6, 97)
(63, 144, 0, 0, 9)
(299, 81, 0, 85, 79)
(177, 71, 2, 7, 153)
(275, 59, 5, 6, 200)
(299, 32, 0, 56, 13)
(233, 0, 0, 1, 149)
(265, 45, 0, 0, 207)
(293, 199, 0, 25, 73)
(274, 199, 11, 0, 216)
(225, 220, 0, 0, 160)
(284, 135, 9, 1, 201)
(299, 61, 0, 6, 128)
(141, 214, 7, 4, 253)
(293, 221, 0, 0, 28)
(286, 30, 0, 16, 31)
(39, 116, 2, 14, 126)
(0, 224, 83, 0, 76)
(282, 13, 0, 107, 13)
(248, 165, 0, 19, 236)
(221, 34, 3, 3, 222)
(299, 18, 19, 1, 195)
(0, 169, 94, 0, 65)
(115, 101, 1, 21, 221)
(274, 176, 15, 1, 235)
(275, 223, 2, 1, 182)
(229, 88, 0, 117, 38)
(154, 203, 0, 0, 113)
(282, 202, 17, 0, 183)
(291, 152, 33, 0, 105)
(288, 75, 0, 35, 140)
(104, 224, 122, 0, 148)
(127, 201, 18, 0, 170)
(280, 56, 0, 133, 255)
(290, 214, 1, 2, 157)
(232, 207, 25, 0, 66)
(200, 224, 34, 0, 0)
(286, 21, 3, 3, 223)
(294, 79, 0, 55, 54)
(246, 205, 36, 1, 172)
(275, 213, 28, 0, 135)
(68, 192, 135, 0, 231)
(192, 78, 11, 2, 84)
(269, 122, 0, 2, 232)
(268, 14, 8, 2, 156)
(296, 117, 0, 7, 116)
(290, 104, 3, 2, 209)
(219, 87, 2, 2, 144)
(299, 215, 0, 0, 95)
(221, 224, 6, 0, 115)
(31, 222, 92, 0, 112)
(273, 19, 0, 62, 29)
(299, 181, 0, 42, 53)
(285, 156, 0, 39, 233)
(275, 187, 0, 37, 244)
(99, 199, 60, 0, 66)
(161, 215, 53, 0, 106)
(84, 206, 3, 4, 209)
(0, 224, 209, 0, 239)
(265, 120, 0, 87, 144)
(283, 128, 6, 3, 204)
(245, 14, 2, 4, 165)
(299, 112, 0, 32, 252)
(24, 96, 44, 0, 229)
(111, 224, 0, 0, 81)
(4, 129, 6, 6, 109)
(170, 163, 7, 4, 232)
(160, 175, 17, 1, 156)
(294, 30, 0, 150, 222)
(298, 108, 0, 40, 191)
(158, 210, 31, 2, 225)
(26, 97, 9, 1, 186)
(250, 1, 4, 7, 180)
(43, 204, 155, 0, 255)
(297, 74, 2, 4, 183)
(188, 224, 4, 1, 193)
(100, 158, 9, 1, 181)
(241, 178, 33, 0, 235)
(47, 154, 1, 9, 184)
(0, 215, 7, 5, 168)
(283, 206, 0, 0, 48)
(254, 63, 4, 2, 202)
(255, 49, 0, 151, 27)
(243, 148, 2, 3, 240)
(35, 193, 10, 0, 72)
(29, 222, 59, 0, 123)
(263, 30, 0, 115, 22)
(230, 148, 2, 1, 116)
(195, 224, 16, 0, 116)
(91, 199, 43, 0, 104)
(187, 215, 0, 16, 0)
(245, 32, 2, 9, 168)
(103, 134, 12, 1, 103)
(234, 224, 2, 4, 194)
(27, 39, 152, 0, 176)
(265, 46, 5, 2, 177)
(181, 107, 10, 1, 229)
(12, 200, 278, 0, 229)
(163, 129, 2, 1, 81)
(122, 70, 0, 148, 6)
(293, 143, 1, 13, 187)
(100, 200, 5, 1, 241)
(260, 92, 37, 0, 133)
(83, 34, 5, 25, 175)
(286, 68, 10, 2, 195)
(65, 224, 120, 0, 177)
(289, 27, 0, 186, 15)
(299, 94, 0, 28, 164)
(50, 219, 2, 1, 231)
(299, 129, 0, 94, 196)
(295, 118, 1, 2, 176)
(142, 219, 2, 6, 205)
(118, 201, 14, 0, 147)
(282, 159, 3, 1, 159)
(153, 38, 9, 3, 189)
(47, 194, 136, 0, 172)
(166, 214, 26, 1, 207)
(69, 148, 17, 4, 172)
(243, 183, 8, 1, 223)
(0, 1, 3, 32, 189)
(29, 22, 4, 17, 217)
(243, 223, 0, 0, 178)
(233, 176, 23, 1, 244)
(235, 125, 1, 5, 203)
(234, 203, 0, 0, 118)
(282, 35, 0, 108, 37)
(62, 166, 13, 1, 176)
(299, 209, 0, 2, 172)
(202, 147, 3, 7, 238)
(273, 176, 26, 0, 0)
(188, 31, 11, 6, 234)
(291, 213, 0, 11, 255)
(247, 124, 1, 7, 209)
(161, 0, 59, 7, 222)
(167, 220, 27, 0, 0)
(241, 224, 46, 0, 221)
(72, 190, 127, 0, 22)
(71, 139, 166, 0, 120)
(268, 136, 13, 2, 218)
(258, 222, 3, 1, 125)
(282, 215, 0, 0, 20)
(219, 58, 3, 4, 221)
(299, 161, 0, 0, 46)
(62, 196, 10, 3, 246)
(248, 151, 4, 3, 223)
(220, 136, 11, 1, 223)
(299, 5, 0, 71, 66)
(297, 192, 2, 0, 154)
(265, 168, 6, 1, 219)
(205, 108, 12, 4, 148)
(258, 43, 1, 4, 185)
(174, 198, 49, 0, 52)
(190, 80, 14, 2, 138)
(153, 224, 152, 0, 109)
(127, 215, 0, 0, 239)
(110, 205, 5, 1, 210)
(95, 220, 2, 4, 189)
(229, 172, 8, 2, 231)
(56, 164, 4, 4, 129)
(244, 66, 3, 2, 235)
(277, 137, 0, 35, 68)
(175, 212, 107, 0, 33)
(284, 75, 2, 1, 148)
(299, 18, 0, 163, 43)
(299, 135, 0, 72, 170)
(299, 36, 0, 96, 225)
(128, 202, 8, 0, 134)
(34, 193, 8, 11, 209)
(176, 176, 2, 5, 127)
(77, 46, 4, 13, 235)
(275, 98, 1, 1, 235)
(263, 110, 12, 0, 6)
(197, 25, 92, 0, 105)
(279, 0, 3, 9, 164)
(222, 222, 1, 2, 144)
(287, 6, 0, 40, 0)
(77, 196, 11, 2, 111)
(164, 224, 5, 0, 73)
(75, 222, 123, 0, 155)
(15, 38, 6, 13, 166)
(0, 215, 25, 0, 139)
(52, 224, 165, 0, 172)
(270, 121, 0, 0, 183)
(299, 127, 0, 9, 105)
(242, 224, 61, 0, 87)
(122, 218, 0, 0, 82)
(299, 162, 0, 0, 137)
(158, 209, 0, 5, 0)
(278, 124, 4, 2, 115)
(274, 0, 2, 12, 188)
(74, 198, 223, 0, 240)
(41, 143, 19, 2, 245)
(181, 211, 76, 0, 202)
(223, 54, 5, 3, 140)
(293, 201, 1, 2, 133)
(297, 158, 0, 42, 255)
(205, 99, 4, 3, 201)
(45, 205, 102, 0, 119)
(168, 15, 22, 5, 230)
(238, 59, 0, 4, 170)
(8, 41, 5, 14, 103)
(240, 204, 42, 0, 81)
(0, 224, 245, 0, 106)
(88, 214, 102, 0, 98)
(61, 98, 17, 1, 87)
(216, 79, 1, 5, 221)
(274, 75, 0, 86, 47)
(145, 69, 0, 47, 25)
(299, 118, 0, 65, 67)
(73, 224, 112, 0, 28)
(291, 220, 1, 4, 121)
(227, 187, 0, 6, 103)
(216, 203, 0, 6, 0)
(243, 100, 17, 3, 220)
(0, 128, 215, 0, 149)
(252, 136, 0, 55, 149)
(52, 108, 222, 0, 74)
(204, 58, 1, 4, 226)
(114, 19, 1, 17, 113)
(288, 1, 5, 2, 182)
(161, 183, 4, 2, 95)
(228, 174, 52, 0, 182)
(31, 224, 41, 0, 55)
(241, 171, 0, 0, 96)
(0, 189, 12, 0, 194)
(133, 160, 5, 5, 235)
(295, 130, 0, 60, 237)
(95, 224, 11, 8, 191)
(220, 188, 20, 0, 53)
(176, 203, 1, 4, 201)
(272, 0, 0, 24, 72)
(209, 103, 0, 4, 117)
(158, 206, 0, 11, 20)
(223, 208, 27, 0, 151)
(238, 224, 39, 0, 200)
(163, 156, 1, 13, 115)
(297, 164, 28, 2, 195)
(299, 201, 0, 23, 26)
(91, 180, 4, 1, 247)
(267, 40, 10, 1, 188)
(281, 149, 2, 1, 136)
(291, 107, 8, 1, 175)
(50, 179, 19, 1, 156)
(212, 128, 80, 0, 2)
(265, 214, 5, 2, 156)
(299, 111, 0, 0, 234)
(270, 164, 0, 15, 141)
(281, 189, 0, 16, 156)
(185, 184, 5, 3, 178)
(222, 197, 0, 16, 187)
(63, 87, 3, 8, 67)
(299, 211, 0, 11, 216)
(299, 49, 0, 124, 125)
(271, 157, 0, 60, 233)
(109, 207, 1, 6, 232)
(87, 16, 29, 2, 220)
(3, 219, 164, 0, 91)
(287, 224, 0, 0, 11)
(298, 33, 2, 2, 137)
(1, 129, 5, 1, 184)
(299, 136, 0, 51, 228)
(209, 160, 8, 4, 93)
(255, 198, 44, 0, 0)
(262, 217, 0, 0, 68)
(299, 6, 0, 21, 244)
(291, 87, 4, 4, 136)
(58, 46, 0, 77, 136)
(298, 122, 0, 102, 204)
(299, 0, 0, 114, 71)
(292, 204, 4, 2, 169)
(151, 5, 3, 10, 174)
(156, 80, 13, 3, 124)
(243, 224, 0, 4, 96)
(279, 44, 0, 122, 21)
(262, 124, 0, 55, 255)
(234, 127, 0, 57, 227)
(167, 34, 21, 4, 188)
(92, 209, 151, 0, 215)
(94, 224, 137, 0, 114)
(16, 224, 115, 0, 235)
(196, 216, 10, 2, 200)
(297, 45, 2, 3, 213)
(299, 224, 0, 0, 110)
(128, 46, 7, 5, 143)
(45, 201, 0, 8, 223)
(190, 210, 4, 2, 212)
(266, 40, 0, 3, 229)
(267, 186, 0, 23, 195)
(113, 117, 18, 4, 225)
(82, 189, 7, 1, 137)
(286, 213, 13, 1, 168)
(161, 141, 20, 0, 73)
(26, 205, 23, 2, 205)
(299, 102, 0, 96, 57)
(299, 53, 0, 6, 24)
(274, 15, 0, 98, 96)
(299, 119, 0, 71, 173)
(229, 94, 2, 4, 136)
(299, 156, 0, 0, 232)
(282, 189, 4, 2, 171)
(289, 168, 0, 9, 216)
(149, 65, 1, 8, 131)
(133, 193, 166, 0, 241)
(77, 198, 4, 2, 155)
(259, 6, 0, 30, 22)
(274, 8, 8, 1, 172)
(257, 162, 14, 0, 116)
(288, 213, 0, 11, 0)
(298, 53, 0, 50, 137)
(289, 115, 3, 3, 183)
(82, 205, 0, 0, 242)
(8, 48, 5, 5, 58)
(297, 43, 0, 0, 76)
(299, 134, 0, 32, 191)
(297, 218, 0, 6, 154)
(298, 18, 1, 15, 187)
(127, 165, 4, 5, 80)
(92, 78, 0, 84, 255)
(230, 129, 1, 1, 245)
(4, 50, 90, 0, 251)
(299, 217, 0, 14, 253)
(180, 200, 113, 0, 109)
(177, 224, 42, 0, 146)
(251, 107, 1, 11, 151)
(297, 221, 11, 0, 165)
(91, 223, 91, 0, 151)
(159, 170, 6, 4, 137)
(250, 39, 0, 0, 221)
(204, 161, 2, 11, 242)
(45, 202, 37, 0, 56)
(199, 213, 0, 0, 9)
(144, 110, 1, 15, 144)
(251, 208, 48, 0, 35)
(24, 224, 57, 0, 35)
(271, 48, 0, 6, 103)
(24, 32, 4, 3, 107)
(299, 49, 0, 89, 119)
(44, 175, 10, 1, 71)
(100, 122, 2, 1, 208)
(9, 67, 3, 8, 77)
(43, 122, 15, 4, 205)
(272, 224, 15, 0, 103)
(260, 223, 29, 0, 86)
(170, 220, 5, 4, 191)
(237, 24, 1, 6, 202)
(208, 221, 8, 2, 170)
(295, 52, 0, 15, 7)
(266, 59, 17, 4, 196)
(273, 18, 0, 29, 202)
(157, 154, 0, 0, 210)
(98, 202, 8, 4, 86)
(263, 113, 0, 69, 155)
(162, 94, 10, 4, 120)
(27, 224, 92, 0, 0)
(63, 183, 41, 1, 80)
(0, 117, 0, 9, 150)
(63, 112, 23, 1, 70)
(162, 142, 0, 19, 156)
(260, 114, 8, 2, 203)
(281, 89, 1, 2, 233)
(169, 161, 42, 0, 166)
(76, 75, 4, 17, 178)
(257, 126, 2, 13, 200)
(146, 224, 153, 0, 152)
(70, 224, 0, 0, 217)
(299, 12, 0, 0, 141)
(36, 39, 33, 4, 196)
(299, 186, 0, 13, 137)
(160, 224, 135, 0, 117)
(299, 187, 0, 62, 210)
(207, 190, 0, 0, 167)
(127, 213, 8, 3, 202)
(164, 67, 13, 2, 176)
(165, 193, 61, 0, 100)
(164, 192, 1, 7, 185)
(293, 216, 0, 11, 67)
(269, 210, 2, 0, 42)
(299, 205, 0, 0, 180)
(216, 224, 83, 0, 153)
(266, 185, 1, 4, 180)
(274, 112, 2, 5, 240)
(294, 208, 3, 1, 197)
(251, 174, 33, 2, 233)
(299, 120, 0, 17, 247)
(271, 176, 0, 0, 51)
(279, 74, 0, 124, 0)
(215, 209, 0, 0, 0)
(142, 114, 2, 11, 147)
(0, 137, 95, 0, 83)
(282, 97, 0, 12, 142)
(41, 206, 0, 18, 101)
(281, 45, 0, 47, 10)
(119, 83, 1, 22, 160)
(33, 215, 266, 0, 51)
(127, 198, 2, 18, 202)
(262, 144, 0, 80, 113)
(288, 224, 11, 0, 171)
(166, 153, 66, 0, 91)
(233, 206, 0, 0, 209)
(207, 189, 29, 0, 95)
(226, 113, 0, 0, 153)
(260, 0, 0, 49, 180)
(242, 79, 0, 132, 57)
(158, 121, 120, 0, 0)
(29, 200, 140, 0, 111)
(267, 172, 3, 5, 217)
(255, 214, 0, 10, 45)
(137, 153, 0, 31, 223)
(60, 53, 3, 7, 77)
(274, 177, 7, 2, 221)
(299, 134, 0, 14, 9)
(140, 206, 1, 7, 209)
(159, 59, 5, 10, 187)
(292, 201, 1, 1, 125)
(39, 156, 2, 4, 149)
(236, 220, 2, 4, 136)
(290, 19, 1, 0, 226)
(251, 141, 0, 65, 22)
(292, 6, 6, 2, 178)
(203, 222, 0, 0, 170)
(298, 83, 1, 1, 230)
(275, 224, 24, 0, 152)
(246, 156, 7, 1, 184)
(54, 86, 33, 1, 168)
(213, 84, 2, 1, 200)
(136, 138, 2, 6, 181)
(110, 142, 9, 1, 240)
(142, 164, 0, 0, 66)
(42, 202, 226, 0, 27)
(38, 42, 5, 8, 149)
(281, 76, 0, 11, 255)
(299, 206, 0, 0, 97)
(123, 69, 2, 15, 151)
(181, 199, 2, 6, 166)
(232, 224, 7, 0, 211)
(146, 153, 5, 6, 232)
(195, 212, 9, 1, 244)
(97, 224, 102, 0, 180)
(273, 76, 0, 104, 47)
(237, 210, 0, 0, 145)
(197, 224, 94, 0, 171)
(222, 140, 16, 1, 235)
(298, 224, 0, 0, 116)
(8, 224, 254, 0, 61)
(280, 25, 0, 7, 98)
(203, 224, 6, 0, 219)
(123, 224, 43, 0, 14)
(57, 206, 113, 0, 40)
(138, 179, 1, 1, 139)
(35, 114, 4, 4, 198)
(98, 221, 14, 1, 212)
(266, 123, 3, 8, 232)
(80, 223, 126, 0, 7)
(12, 150, 192, 0, 200)
(230, 74, 0, 104, 243)
(195, 223, 9, 1, 168)
(75, 219, 6, 3, 157)
(30, 60, 1, 5, 115)
(197, 183, 0, 21, 209)
(296, 103, 0, 27, 181)
(214, 4, 25, 8, 226)
(184, 210, 19, 0, 58)
(299, 12, 0, 67, 148)
(50, 30, 99, 0, 184)
(297, 224, 0, 0, 137)
(79, 192, 38, 0, 232)
(266, 123, 0, 23, 225)
(299, 160, 0, 22, 234)
(299, 68, 0, 110, 22)
(117, 167, 6, 1, 152)
(4, 178, 17, 1, 78)
(283, 177, 5, 1, 207)
(299, 212, 0, 0, 146)
(295, 66, 0, 22, 206)
(179, 215, 77, 0, 251)
(263, 56, 10, 2, 198)
(150, 224, 42, 0, 103)
(285, 188, 5, 6, 166)
(212, 96, 2, 2, 212)
(213, 207, 49, 0, 130)
(233, 215, 0, 0, 231)
(251, 191, 0, 0, 0)
(288, 224, 0, 0, 60)
(266, 180, 0, 37, 61)
(145, 169, 14, 0, 104)
(0, 224, 77, 0, 115)
(80, 88, 13, 11, 78)
(295, 61, 3, 1, 185)
(153, 125, 2, 5, 243)
(172, 78, 9, 4, 115)
(129, 1, 11, 4, 182)
(117, 164, 67, 0, 69)
(262, 124, 20, 0, 224)
(221, 115, 1, 7, 194)
(293, 161, 5, 3, 207)
(299, 10, 0, 0, 208)
(186, 185, 2, 1, 207)
(266, 145, 0, 39, 224)
(217, 187, 0, 0, 9)
(97, 137, 0, 0, 147)
(32, 126, 196, 0, 169)
(166, 205, 115, 0, 44)
(198, 151, 1, 2, 168)
(299, 99, 0, 55, 144)
(69, 125, 9, 3, 176)
(2, 204, 212, 0, 75)
(279, 194, 19, 0, 238)
(163, 207, 0, 0, 40)
(22, 222, 57, 0, 219)
(273, 200, 26, 0, 154)
(40, 194, 25, 0, 144)
(236, 179, 0, 26, 118)
(266, 179, 9, 1, 226)
(195, 181, 4, 2, 158)
(299, 224, 0, 0, 114)
(213, 177, 16, 0, 109)
(106, 169, 20, 0, 250)
(207, 60, 2, 5, 232)
(153, 208, 35, 0, 125)
(298, 49, 1, 4, 170)
(297, 53, 1, 11, 210)
(283, 176, 0, 0, 57)
(172, 224, 0, 0, 70)
(255, 223, 1, 1, 118)
(288, 67, 0, 152, 214)
(299, 73, 0, 41, 28)
(299, 14, 0, 37, 44)
(186, 194, 5, 2, 124)
(265, 79, 0, 0, 42)
(189, 183, 9, 2, 250)
(173, 193, 13, 3, 122)
(299, 181, 0, 25, 96)
(166, 127, 9, 7, 159)
(267, 196, 15, 0, 111)
(299, 191, 0, 5, 236)
(288, 152, 9, 1, 185)
(218, 224, 1, 1, 174)
(196, 169, 15, 2, 244)
(267, 206, 15, 0, 220)
(27, 146, 1, 8, 116)
(201, 195, 1, 4, 123)
(236, 38, 14, 0, 208)
(14, 182, 204, 0, 185)
(69, 158, 12, 2, 145)
(299, 187, 0, 0, 17)
(279, 215, 11, 0, 246)
(197, 207, 12, 0, 243)
(254, 224, 0, 0, 38)
(223, 203, 8, 4, 211)
(299, 21, 0, 61, 102)
(254, 149, 0, 0, 23)
(227, 220, 49, 0, 0)
(280, 221, 28, 0, 138)
(107, 224, 36, 0, 5)
(291, 195, 0, 8, 83)
(223, 72, 20, 2, 141)
(252, 188, 0, 11, 138)
(256, 194, 0, 28, 220)
(52, 224, 220, 0, 12)
(194, 171, 37, 0, 141)
(299, 124, 0, 0, 1)
(211, 128, 5, 2, 93)
(252, 160, 0, 49, 179)
(296, 202, 0, 6, 80)
(165, 137, 1, 7, 223)
(299, 22, 0, 60, 244)
(68, 105, 3, 11, 68)
(88, 221, 153, 0, 33)
(279, 19, 4, 4, 153)
(265, 199, 12, 1, 210)
(252, 218, 3, 2, 158)
(138, 45, 24, 0, 53)
(295, 175, 1, 0, 157)
(136, 216, 3, 3, 180)
(239, 222, 3, 1, 92)
(80, 224, 166, 0, 163)
(274, 174, 0, 13, 125)
(276, 0, 0, 172, 163)
(231, 224, 0, 0, 140)
(169, 187, 4, 3, 96)
(165, 95, 1, 21, 176)
(152, 221, 72, 0, 72)
(299, 123, 0, 7, 208)
(265, 51, 0, 116, 191)
(299, 222, 20, 0, 198)
(282, 191, 0, 0, 247)
(290, 0, 0, 117, 138)
(268, 224, 31, 0, 115)
(37, 167, 113, 0, 64)
(280, 92, 0, 112, 148)
(246, 51, 2, 3, 158)
(299, 187, 0, 24, 255)
(90, 224, 141, 0, 64)
(62, 208, 142, 0, 87)
(247, 131, 0, 5, 104)
(179, 216, 120, 0, 160)
(194, 163, 3, 2, 220)
(292, 96, 2, 1, 123)
(150, 224, 83, 0, 185)
(237, 179, 0, 15, 86)
(260, 216, 4, 0, 187)
(70, 150, 0, 16, 199)
(267, 147, 4, 2, 194)
(166, 218, 2, 1, 152)
(48, 182, 156, 0, 185)
(275, 29, 0, 3, 59)
(299, 91, 3, 2, 170)
(285, 7, 0, 183, 126)
(299, 156, 0, 41, 22)
(235, 12, 1, 32, 157)
(257, 115, 0, 6, 147)
(185, 194, 0, 0, 0)
(254, 23, 1, 16, 211)
(285, 107, 1, 12, 200)
(290, 0, 0, 25, 191)
(103, 120, 7, 7, 169)
(130, 215, 0, 13, 212)
(292, 209, 1, 6, 176)
(299, 52, 0, 51, 198)
(227, 216, 61, 0, 73)
(251, 197, 4, 2, 201)
(299, 39, 0, 160, 142)
(207, 190, 7, 2, 191)
(95, 169, 2, 1, 175)
(219, 184, 7, 0, 78)
(120, 193, 69, 0, 206)
(184, 215, 8, 0, 138)
(284, 55, 4, 2, 230)
(167, 169, 2, 3, 222)
(215, 188, 7, 2, 217)
(73, 95, 3, 7, 130)
(299, 146, 0, 0, 255)
(172, 77, 10, 2, 100)
(244, 101, 7, 4, 206)
(259, 224, 20, 0, 119)
(273, 221, 0, 0, 175)
(185, 192, 1, 0, 141)
(36, 194, 67, 0, 65)
(116, 212, 3, 4, 196)
(59, 224, 8, 0, 77)
(149, 96, 1, 2, 111)
(172, 224, 73, 0, 53)
(233, 38, 1, 13, 147)
(28, 143, 3, 3, 153)
(99, 224, 88, 0, 62)
(159, 0, 21, 8, 219)
(212, 205, 0, 17, 170)
(299, 216, 0, 5, 32)
(299, 55, 0, 105, 159)
(285, 52, 1, 2, 129)
(60, 97, 156, 0, 147)
(160, 83, 1, 11, 132)
(219, 55, 1, 5, 174)
(226, 201, 5, 0, 19)
(98, 224, 201, 0, 57)
(84, 196, 3, 6, 98)
(18, 179, 170, 0, 91)
(196, 143, 0, 21, 77)
(188, 71, 0, 0, 183)
(150, 180, 1, 6, 161)
(185, 197, 4, 2, 232)
(252, 131, 0, 43, 61)
(187, 214, 0, 10, 90)
(229, 210, 0, 0, 214)
(299, 197, 3, 3, 151)
(94, 71, 4, 6, 117)
(261, 215, 7, 0, 36)
(156, 224, 23, 0, 219)
(158, 187, 5, 1, 181)
(299, 212, 0, 0, 106)
(285, 166, 9, 4, 237)
(248, 77, 0, 111, 156)
(299, 109, 0, 0, 140)
(121, 206, 2, 2, 148)
(229, 224, 0, 0, 74)
(294, 217, 10, 1, 133)
(278, 106, 0, 33, 108)
(294, 2, 0, 67, 45)
(180, 45, 56, 0, 92)
(64, 59, 1, 5, 194)
(280, 224, 0, 0, 9)
(3, 224, 66, 0, 55)
(250, 48, 3, 7, 228)
(187, 112, 0, 86, 34)
(109, 0, 5, 10, 220)
(222, 175, 0, 0, 58)
(247, 154, 0, 40, 38)
(290, 193, 0, 32, 76)
(10, 212, 20, 0, 33)
(63, 217, 122, 0, 44)
(261, 222, 0, 0, 5)
(255, 181, 44, 0, 171)
(180, 185, 1, 6, 246)
(180, 183, 137, 0, 246)
(196, 172, 20, 0, 25)
(194, 170, 0, 0, 160)
(250, 215, 6, 0, 215)
(222, 151, 0, 3, 41)
(295, 125, 0, 96, 181)
(293, 40, 0, 0, 211)
(299, 169, 0, 25, 160)
(299, 185, 0, 8, 40)
(59, 163, 12, 0, 244)
(299, 183, 0, 33, 163)
(117, 38, 2, 9, 193)
(283, 160, 3, 5, 215)
(290, 158, 0, 0, 124)
(226, 210, 104, 0, 137)
(66, 198, 10, 1, 229)
(191, 167, 0, 55, 192)
(161, 9, 6, 20, 215)
(251, 196, 16, 0, 107)
(177, 146, 116, 0, 158)
(264, 189, 0, 17, 46)
(273, 134, 0, 18, 32)
(27, 224, 86, 0, 133)
(293, 224, 0, 0, 112)
(299, 38, 0, 30, 226)
(25, 96, 6, 2, 187)
(284, 212, 0, 3, 252)
(299, 167, 0, 11, 178)
(37, 215, 4, 3, 214)
(20, 116, 0, 0, 174)
(91, 148, 2, 7, 38)
(299, 21, 0, 0, 242)
(299, 3, 0, 72, 52)
(260, 29, 0, 53, 0)
(237, 23, 4, 1, 120)
(10, 224, 30, 0, 138)
(47, 38, 3, 14, 200)
(82, 96, 116, 0, 16)
(294, 93, 1, 4, 144)
(170, 170, 0, 33, 141)
(299, 179, 0, 7, 231)
(241, 221, 3, 1, 175)
(299, 131, 0, 0, 115)
(164, 155, 1, 7, 125)
(294, 0, 0, 149, 129)
(263, 90, 0, 13, 107)
(274, 223, 0, 0, 188)
(254, 116, 0, 49, 80)
(0, 65, 0, 31, 78)
(267, 169, 1, 3, 161)
(274, 44, 3, 1, 221)
(67, 224, 58, 0, 33)
(208, 224, 0, 0, 235)
(54, 156, 0, 14, 125)
(135, 208, 3, 1, 137)
(275, 195, 27, 0, 0)
(20, 210, 83, 0, 19)
(3, 179, 8, 2, 203)
(180, 185, 3, 2, 101)
(201, 135, 1, 15, 187)
(272, 190, 0, 0, 93)
(238, 149, 2, 4, 127)
(59, 181, 0, 0, 245)
(299, 0, 0, 153, 123)
(212, 195, 2, 1, 135)
(258, 100, 0, 20, 18)
(149, 56, 3, 12, 169)
(282, 173, 16, 2, 225)
(154, 167, 1, 5, 181)
(204, 140, 1, 6, 251)
(292, 35, 0, 109, 227)
(299, 124, 0, 41, 91)
(282, 13, 0, 125, 69)
(252, 205, 3, 6, 186)
(95, 184, 111, 0, 80)
(251, 141, 5, 1, 125)
(285, 170, 14, 1, 230)
(281, 224, 8, 0, 126)
(299, 120, 3, 8, 219)
(131, 63, 0, 10, 236)
(95, 43, 3, 8, 76)
(239, 152, 3, 4, 242)
(266, 171, 3, 1, 181)
(277, 39, 3, 2, 228)
(111, 128, 123, 0, 141)
(202, 224, 5, 17, 170)
(68, 162, 183, 0, 0)
(95, 209, 208, 0, 93)
(299, 148, 0, 49, 91)
(299, 182, 0, 0, 5)
(247, 108, 0, 66, 27)
(55, 131, 9, 5, 153)
(299, 185, 0, 39, 36)
(276, 191, 0, 7, 10)
(299, 70, 0, 6, 57)
(100, 118, 2, 6, 238)
(0, 224, 245, 0, 172)
(19, 3, 7, 11, 194)
(192, 197, 0, 21, 220)
(283, 67, 3, 4, 229)
(32, 181, 3, 4, 84)
(294, 44, 0, 127, 65)
(153, 139, 2, 6, 193)
(131, 84, 0, 15, 94)
(282, 224, 28, 0, 50)
(259, 167, 13, 1, 229)
(299, 202, 0, 2, 179)
(112, 56, 2, 7, 202)
(299, 163, 0, 6, 206)
(296, 83, 2, 1, 156)
(202, 210, 0, 0, 201)
(80, 182, 13, 1, 71)
(269, 62, 0, 84, 255)
(251, 73, 0, 38, 126)
(288, 216, 7, 0, 14)
(231, 178, 10, 3, 232)
(244, 129, 15, 0, 46)
(237, 131, 0, 20, 219)
(277, 209, 22, 0, 73)
(298, 220, 2, 1, 111)
(285, 216, 14, 0, 0)
(29, 149, 9, 0, 40)
(144, 157, 2, 3, 183)
(226, 192, 17, 0, 191)
(298, 210, 0, 0, 149)
(299, 20, 0, 32, 118)
(280, 211, 2, 4, 156)
(277, 18, 3, 2, 207)
(78, 134, 1, 9, 121)
(299, 31, 0, 90, 152)
(72, 223, 0, 0, 181)
(299, 147, 0, 0, 177)
(258, 153, 0, 44, 121)
(256, 74, 2, 1, 212)
(155, 120, 2, 6, 127)
(126, 89, 11, 5, 167)
(299, 185, 0, 39, 127)
(299, 197, 0, 10, 96)
(225, 86, 2, 3, 221)
(264, 210, 0, 14, 184)
(299, 153, 0, 0, 170)
(176, 92, 2, 13, 120)
(298, 61, 1, 3, 221)
(0, 191, 14, 2, 179)
(299, 7, 0, 134, 10)
(299, 145, 0, 66, 154)
(37, 214, 13, 2, 215)
(288, 180, 11, 3, 196)
(287, 151, 0, 63, 125)
(287, 46, 0, 47, 248)
(146, 61, 19, 0, 119)
(291, 197, 0, 2, 121)
(212, 12, 0, 59, 180)
(128, 217, 123, 0, 26)
(107, 203, 220, 0, 76)
(284, 53, 1, 2, 127)
(131, 195, 0, 0, 147)
(157, 204, 7, 1, 237)
(28, 224, 0, 0, 202)
(274, 19, 0, 147, 130)
(238, 52, 2, 5, 169)
(140, 57, 4, 3, 134)
(264, 13, 0, 117, 84)
(205, 213, 71, 0, 65)
(124, 171, 2, 6, 86)
(75, 224, 18, 0, 230)
(262, 224, 5, 0, 51)
(78, 192, 6, 2, 208)
(205, 224, 0, 0, 35)
(195, 99, 8, 3, 203)
(273, 219, 8, 0, 221)
(71, 202, 25, 0, 189)
(219, 224, 11, 0, 21)
(0, 200, 119, 0, 167)
(252, 99, 7, 1, 173)
(299, 113, 0, 87, 148)
(285, 30, 4, 2, 141)
(291, 14, 8, 1, 168)
(38, 0, 73, 0, 93)
(215, 60, 6, 2, 199)
(251, 51, 10, 0, 235)
(96, 224, 24, 0, 94)
(221, 71, 35, 0, 230)
(225, 224, 21, 0, 55)
(299, 178, 0, 0, 188)
(299, 165, 0, 0, 154)
(299, 189, 0, 22, 108)
(228, 147, 0, 36, 61)
(152, 198, 1, 6, 56)
(293, 198, 0, 21, 83)
(246, 224, 0, 0, 69)
(269, 133, 1, 3, 201)
(277, 29, 2, 3, 200)
(122, 186, 5, 3, 237)
(16, 224, 45, 0, 231)
(299, 157, 0, 5, 123)
(216, 224, 3, 0, 15)
(286, 20, 0, 35, 160)
(252, 55, 0, 99, 209)
(197, 51, 0, 31, 191)
(267, 94, 0, 107, 170)
(128, 21, 2, 2, 219)
(287, 196, 1, 10, 208)
(299, 161, 0, 16, 69)
(106, 151, 97, 0, 154)
(48, 175, 0, 0, 215)
(185, 212, 23, 0, 1)
(255, 212, 0, 12, 51)
(254, 224, 2, 14, 160)
(243, 224, 0, 0, 68)
(250, 96, 16, 0, 136)
(299, 201, 0, 20, 134)
(291, 15, 0, 0, 84)
(265, 7, 0, 76, 53)
(280, 111, 7, 5, 195)
(272, 87, 0, 104, 35)
(288, 165, 0, 59, 3)
(23, 224, 173, 0, 28)
(296, 146, 0, 8, 17)
(139, 196, 91, 0, 21)
(110, 152, 6, 3, 50)
(269, 156, 0, 0, 255)
(296, 78, 3, 1, 140)
(299, 176, 0, 22, 183)
(8, 121, 237, 0, 166)
(10, 74, 9, 2, 151)
(299, 134, 0, 0, 106)
(260, 97, 2, 3, 189)
(125, 197, 2, 4, 139)
(234, 132, 25, 0, 255)
(299, 109, 0, 62, 198)
(283, 0, 0, 21, 113)
(289, 52, 0, 111, 34)
(299, 171, 0, 34, 226)
(294, 160, 2, 1, 124)
(299, 184, 0, 45, 207)
(0, 220, 225, 0, 176)
(245, 0, 0, 103, 32)
(292, 205, 0, 0, 93)
(156, 224, 128, 0, 103)
(124, 190, 3, 1, 134)
(289, 224, 12, 0, 196)
(283, 137, 0, 73, 142)
(297, 194, 2, 0, 10)
(281, 224, 18, 0, 47)
(269, 87, 4, 4, 200)
(256, 120, 7, 2, 154)
(275, 209, 6, 3, 145)
(134, 224, 0, 0, 104)
(0, 208, 73, 0, 16)
(209, 211, 78, 0, 9)
(135, 72, 6, 8, 168)
(152, 212, 53, 0, 175)
(185, 70, 0, 112, 144)
(9, 202, 73, 0, 157)
(298, 135, 2, 3, 174)
(299, 39, 0, 93, 159)
(269, 162, 0, 48, 72)
(87, 33, 7, 2, 204)
(274, 100, 0, 101, 188)
(271, 147, 0, 0, 45)
(238, 94, 0, 0, 20)
(224, 180, 0, 47, 97)
(250, 202, 43, 0, 241)
(177, 159, 10, 4, 56)
(299, 188, 0, 11, 110)
(258, 11, 6, 2, 142)
(238, 74, 23, 0, 22)
(299, 184, 0, 26, 128)
(299, 136, 0, 66, 108)
(255, 26, 0, 169, 49)
(131, 199, 0, 11, 196)
(265, 189, 0, 21, 141)
(271, 51, 3, 1, 215)
(80, 224, 136, 0, 85)
(231, 223, 3, 1, 97)
(260, 196, 0, 5, 151)
(299, 221, 3, 1, 96)
(299, 110, 0, 88, 1)
(180, 213, 31, 1, 215)
(279, 36, 1, 3, 230)
(269, 61, 3, 1, 162)
(0, 165, 3, 4, 78)
(292, 174, 7, 0, 211)
(52, 224, 31, 0, 122)
(95, 212, 161, 0, 255)
(2, 217, 248, 0, 63)
(0, 203, 34, 0, 209)
(279, 51, 0, 108, 141)
(235, 29, 0, 51, 174)
(133, 211, 107, 0, 36)
(193, 132, 0, 0, 86)
(274, 33, 8, 2, 194)
(276, 181, 19, 1, 206)
(23, 202, 114, 0, 98)
(187, 218, 76, 0, 171)
(225, 159, 2, 5, 215)
(282, 154, 0, 25, 244)
(197, 215, 8, 2, 206)
(177, 224, 36, 0, 0)
(244, 67, 0, 63, 91)
(288, 224, 0, 8, 104)
(242, 203, 2, 0, 230)
(294, 192, 0, 0, 228)
(233, 202, 0, 0, 216)
(134, 211, 42, 0, 0)
(250, 20, 34, 0, 114)
(79, 182, 62, 0, 0)
(149, 221, 7, 1, 223)
(187, 206, 5, 2, 242)
(283, 53, 0, 96, 85)
(79, 196, 0, 28, 54)
(114, 135, 4, 1, 169)
(83, 178, 0, 63, 14)
(133, 224, 26, 0, 247)
(46, 21, 5, 22, 191)
(299, 168, 0, 39, 86)
(106, 173, 0, 0, 135)
(278, 142, 1, 3, 221)
(276, 202, 0, 22, 34)
(241, 164, 2, 8, 221)
(287, 224, 0, 0, 84)
(297, 45, 0, 12, 87)
(255, 0, 4, 2, 211)
(19, 224, 208, 0, 175)
(109, 75, 1, 2, 152)
(201, 224, 26, 0, 197)
(217, 111, 0, 0, 28)
(265, 121, 1, 5, 203)
(114, 198, 114, 0, 255)
(283, 83, 0, 5, 128)
(237, 193, 0, 0, 51)
(299, 121, 0, 85, 13)
(90, 58, 15, 1, 111)
(144, 113, 3, 4, 192)
(276, 28, 0, 104, 97)
(269, 201, 1, 0, 248)
(266, 184, 29, 0, 7)
(13, 98, 5, 2, 129)
(291, 19, 8, 4, 179)
(276, 181, 3, 0, 38)
(217, 221, 3, 1, 132)
(299, 209, 0, 0, 181)
(220, 224, 2, 0, 156)
(275, 126, 1, 3, 130)
(299, 118, 0, 0, 114)
(77, 224, 102, 0, 1)
(293, 122, 0, 26, 146)
(99, 111, 0, 0, 116)
(28, 203, 90, 0, 242)
(299, 166, 0, 0, 152)
(109, 194, 2, 3, 161)
(108, 224, 49, 0, 255)
(218, 147, 0, 0, 113)
(255, 0, 1, 24, 164)
(251, 224, 36, 0, 225)
(250, 122, 0, 0, 228)
(208, 224, 20, 0, 170)
(276, 94, 0, 0, 155)
(258, 161, 3, 2, 167)
(52, 224, 183, 0, 103)
(263, 224, 0, 0, 199)
(270, 18, 0, 39, 133)
(0, 151, 2, 2, 115)
(180, 136, 3, 2, 120)
(243, 111, 15, 0, 211)
(254, 218, 4, 2, 176)
(152, 205, 62, 0, 146)
(67, 201, 226, 0, 105)
(208, 173, 4, 3, 240)
(185, 127, 3, 6, 207)
(299, 165, 0, 18, 255)
(103, 218, 58, 0, 255)
(130, 196, 125, 0, 107)
(243, 109, 2, 1, 117)
(166, 224, 19, 0, 226)
(278, 29, 0, 38, 182)
(243, 224, 1, 0, 100)
(279, 206, 20, 0, 52)
(242, 224, 3, 0, 0)
(228, 216, 13, 2, 171)
(132, 72, 3, 11, 79)
(203, 50, 0, 30, 113)
(285, 93, 4, 1, 216)
(299, 36, 0, 36, 204)
(99, 40, 0, 133, 70)
(81, 113, 28, 0, 48)
(265, 87, 3, 3, 151)
(295, 120, 0, 46, 185)
(47, 169, 0, 9, 19)
(279, 90, 2, 3, 208)
(20, 224, 20, 0, 240)
(295, 215, 0, 9, 130)
(216, 222, 3, 2, 160)
(258, 202, 0, 9, 115)
(212, 106, 5, 3, 143)
(299, 87, 0, 11, 150)
(268, 0, 0, 71, 188)
(5, 224, 140, 0, 182)
(299, 224, 7, 0, 98)
(299, 145, 0, 0, 235)
(1, 184, 178, 0, 0)
(242, 140, 0, 53, 178)
(255, 148, 14, 1, 221)
(101, 208, 116, 0, 63)
(164, 133, 1, 8, 234)
(135, 127, 7, 0, 86)
(154, 223, 13, 0, 28)
(138, 180, 3, 4, 83)
(280, 224, 0, 0, 227)
(152, 108, 7, 6, 126)
(252, 202, 0, 22, 85)
(67, 223, 77, 0, 246)
(260, 91, 0, 15, 79)
(28, 174, 0, 10, 84)
(31, 101, 2, 5, 185)
(295, 158, 15, 1, 97)
(278, 224, 21, 0, 93)
(287, 206, 0, 0, 27)
(33, 13, 4, 15, 205)
(175, 191, 6, 6, 144)
(138, 185, 2, 7, 57)
(90, 145, 116, 0, 46)
(152, 204, 0, 0, 166)
(299, 96, 0, 0, 62)
(131, 38, 2, 6, 124)
(272, 224, 27, 0, 0)
(207, 105, 3, 2, 85)
(225, 135, 4, 0, 0)
(299, 143, 0, 0, 235)
(230, 20, 0, 173, 255)
(52, 212, 59, 0, 241)
(243, 103, 0, 0, 211)
(299, 0, 0, 0, 0)
(278, 19, 0, 135, 208)
(132, 200, 0, 0, 219)
(240, 45, 0, 70, 127)
(108, 125, 1, 10, 186)
(208, 192, 51, 0, 96)
(97, 170, 160, 0, 44)
(90, 142, 5, 2, 159)
(5, 44, 74, 0, 24)
(187, 143, 4, 4, 202)
(31, 224, 216, 0, 152)
(163, 142, 16, 0, 239)
(67, 107, 148, 0, 99)
(280, 35, 0, 16, 242)
(130, 55, 11, 8, 203)
(285, 102, 5, 3, 151)
(299, 15, 0, 87, 19)
(237, 217, 28, 0, 211)
(50, 32, 3, 7, 149)
(209, 222, 19, 0, 112)
(299, 224, 0, 0, 199)
(234, 224, 4, 0, 60)
(129, 183, 0, 0, 172)
(162, 130, 5, 4, 201)
(299, 161, 0, 2, 189)
(275, 113, 0, 87, 118)
(201, 93, 2, 2, 223)
(299, 201, 0, 0, 115)
(299, 220, 0, 4, 242)
(202, 191, 0, 0, 122)
(272, 64, 27, 0, 160)
(299, 210, 0, 0, 137)
(283, 120, 5, 2, 157)
(162, 123, 0, 7, 112)
(253, 43, 0, 170, 125)
(170, 112, 32, 0, 50)
(158, 177, 4, 0, 161)
(90, 224, 136, 0, 56)
(0, 101, 9, 11, 94)
(207, 201, 56, 0, 96)
(222, 116, 3, 8, 103)
(245, 69, 20, 1, 161)
(218, 177, 77, 0, 106)
(285, 145, 9, 1, 200)
(136, 94, 1, 2, 193)
(80, 175, 213, 0, 72)
(32, 56, 2, 18, 188)
(232, 99, 0, 0, 15)
(279, 213, 54, 0, 164)
(282, 189, 0, 0, 194)
(157, 159, 2, 4, 152)
(296, 93, 3, 0, 17)
(265, 72, 0, 58, 255)
(299, 143, 0, 39, 142)
(39, 65, 4, 4, 132)
(21, 197, 278, 0, 110)
(161, 140, 2, 4, 79)
(113, 133, 62, 0, 209)
(274, 172, 7, 2, 230)
(129, 180, 6, 2, 183)
(289, 223, 10, 0, 199)
(288, 63, 0, 19, 217)
(1, 221, 2, 2, 227)
(187, 57, 0, 167, 255)
(84, 181, 5, 1, 154)
(247, 204, 3, 2, 166)
(255, 6, 0, 0, 212)
(34, 90, 4, 7, 86)
(232, 121, 3, 9, 97)
(247, 223, 0, 0, 171)
(214, 33, 1, 9, 186)
(202, 160, 0, 19, 85)
(233, 19, 0, 35, 96)
(299, 148, 0, 15, 30)
(95, 219, 11, 1, 191)
(286, 206, 0, 17, 246)
(299, 48, 0, 0, 11)
(299, 186, 0, 19, 38)
(266, 219, 18, 0, 76)
(299, 98, 0, 75, 110)
(266, 114, 1, 2, 169)
(291, 90, 0, 92, 186)
(122, 221, 14, 0, 199)
(251, 199, 0, 0, 105)
(15, 33, 190, 0, 194)
(207, 160, 0, 34, 2)
(299, 56, 0, 2, 45)
(269, 221, 30, 0, 209)
(28, 188, 0, 34, 117)
(299, 208, 0, 16, 91)
(268, 159, 4, 1, 220)
(220, 107, 77, 0, 129)
(249, 211, 0, 13, 98)
(299, 166, 0, 30, 106)
(234, 148, 3, 4, 226)
(98, 211, 46, 0, 72)
(277, 218, 0, 0, 20)
(215, 143, 22, 0, 255)
(227, 99, 0, 12, 144)
(0, 224, 83, 0, 129)
(247, 213, 52, 0, 255)
(274, 47, 1, 20, 176)
(192, 150, 2, 7, 188)
(158, 89, 1, 7, 198)
(63, 45, 11, 4, 226)
(277, 194, 0, 0, 110)
(266, 216, 0, 1, 196)
(48, 127, 5, 1, 150)
(136, 23, 19, 4, 202)
(260, 224, 39, 0, 69)
(299, 153, 0, 0, 182)
(153, 224, 7, 0, 19)
(224, 105, 1, 4, 114)
(83, 213, 112, 0, 171)
(181, 150, 2, 9, 118)
(129, 211, 1, 5, 183)
(263, 139, 3, 2, 206)
(106, 200, 4, 1, 133)
(195, 224, 68, 0, 75)
(281, 0, 0, 54, 183)
(299, 14, 0, 117, 65)
(130, 58, 0, 72, 8)
(78, 224, 54, 0, 142)
(144, 182, 130, 0, 113)
(299, 224, 0, 0, 187)
(264, 71, 0, 101, 102)
(47, 223, 33, 0, 67)
(195, 195, 0, 0, 208)
(94, 224, 182, 0, 15)
(9, 0, 0, 30, 0)
(99, 54, 21, 2, 121)
(236, 7, 1, 19, 206)
(164, 75, 0, 93, 244)
(154, 217, 103, 0, 159)
(169, 215, 0, 20, 97)
(84, 60, 12, 7, 207)
(172, 136, 90, 0, 135)
(20, 187, 0, 27, 89)
(188, 88, 9, 9, 134)
(299, 87, 0, 120, 118)
(98, 160, 2, 4, 80)
(131, 218, 23, 0, 178)
(299, 0, 0, 85, 84)
(171, 103, 14, 0, 26)
(116, 159, 10, 4, 46)
(280, 124, 0, 8, 154)
(280, 142, 0, 22, 111)
(299, 126, 0, 30, 131)
(246, 153, 0, 14, 255)
(290, 207, 2, 2, 253)
(268, 224, 0, 13, 174)
(280, 224, 19, 0, 187)
(275, 53, 0, 103, 59)
(299, 148, 0, 41, 111)
(269, 166, 6, 1, 203)
(261, 141, 16, 1, 155)
(180, 141, 16, 2, 235)
(216, 210, 0, 14, 80)
(120, 165, 89, 0, 137)
(299, 224, 0, 0, 41)
(215, 190, 8, 0, 28)
(299, 89, 0, 68, 224)
(230, 169, 0, 0, 155)
(110, 224, 2, 3, 206)
(112, 182, 4, 1, 217)
(290, 210, 0, 14, 112)
(205, 157, 8, 1, 168)
(257, 216, 0, 0, 214)
(284, 208, 1, 0, 64)
(231, 134, 0, 0, 237)
(162, 218, 2, 6, 198)
(117, 143, 0, 3, 113)
(4, 167, 15, 7, 53)
(166, 111, 0, 41, 123)
(216, 111, 21, 0, 126)
(104, 185, 2, 5, 201)
(106, 50, 3, 12, 148)
(71, 224, 140, 0, 223)
(261, 201, 3, 2, 206)
(299, 185, 0, 0, 102)
(141, 224, 24, 0, 130)
(4, 224, 119, 0, 0)
(246, 48, 53, 0, 181)
(179, 33, 6, 1, 168)
(264, 224, 15, 0, 0)
(289, 179, 0, 15, 231)
(144, 187, 0, 37, 169)
(156, 174, 0, 0, 236)
(272, 220, 1, 3, 169)
(1, 138, 6, 1, 48)
(187, 123, 1, 7, 165)
(295, 97, 0, 87, 19)
(296, 167, 0, 0, 132)
(248, 168, 6, 1, 200)
(265, 182, 34, 0, 49)
(293, 189, 0, 23, 24)
(183, 210, 0, 27, 230)
(281, 188, 0, 15, 145)
(283, 224, 16, 0, 12)
(247, 203, 27, 0, 90)
(289, 206, 0, 8, 176)
(199, 204, 0, 14, 225)
(20, 219, 148, 0, 32)
(215, 83, 0, 127, 28)
(299, 140, 3, 0, 11)
(263, 222, 2, 1, 168)
(185, 205, 0, 2, 133)
(231, 224, 11, 0, 34)
(299, 124, 0, 79, 63)
(169, 211, 81, 0, 231)
(251, 52, 0, 12, 58)
(225, 201, 21, 0, 169)
(282, 76, 0, 31, 93)
(55, 224, 244, 0, 28)
(16, 52, 10, 7, 133)
(150, 213, 65, 0, 223)
(225, 92, 0, 66, 166)
(51, 199, 1, 9, 216)
(205, 224, 38, 0, 55)
(282, 137, 0, 0, 255)
(295, 28, 0, 118, 205)
(146, 213, 0, 0, 164)
(235, 111, 1, 10, 98)
(133, 224, 92, 0, 43)
(158, 224, 14, 0, 188)
(51, 178, 6, 1, 196)
(87, 224, 19, 0, 53)
(263, 164, 24, 1, 223)
(275, 170, 16, 0, 171)
(274, 155, 1, 4, 128)
(245, 186, 0, 6, 0)
(24, 220, 9, 1, 152)
(299, 201, 0, 0, 11)
(261, 209, 0, 10, 192)
(274, 224, 26, 0, 45)
(144, 45, 1, 12, 223)
(75, 224, 123, 0, 114)
(292, 214, 0, 13, 238)
(52, 14, 182, 0, 244)
(148, 85, 3, 3, 72)
(137, 34, 1, 25, 140)
(231, 202, 26, 0, 19)
(299, 194, 0, 9, 155)
(102, 60, 0, 20, 96)
(283, 176, 0, 48, 24)
(39, 224, 126, 0, 154)
(299, 170, 0, 0, 21)
(131, 224, 122, 0, 119)
(211, 166, 8, 1, 170)
(229, 177, 0, 47, 237)
(265, 3, 2, 7, 137)
(235, 208, 17, 0, 170)
(132, 7, 3, 4, 80)
(299, 137, 0, 10, 233)
(120, 224, 179, 0, 251)
(239, 134, 13, 1, 226)
(247, 224, 7, 0, 66)
(267, 105, 0, 27, 255)
(115, 152, 5, 1, 178)
(244, 38, 2, 6, 182)
(284, 212, 2, 5, 138)
(253, 136, 0, 0, 180)
(66, 224, 138, 0, 99)
(91, 224, 187, 0, 133)
(280, 209, 23, 0, 165)
(295, 0, 0, 37, 193)
(299, 192, 0, 0, 252)
(242, 163, 3, 2, 176)
(153, 224, 0, 5, 144)
(116, 36, 1, 11, 164)
(111, 64, 1, 16, 219)
(102, 224, 8, 0, 153)
(257, 110, 3, 2, 194)
(299, 126, 0, 2, 193)
(154, 167, 5, 0, 214)
(76, 196, 4, 2, 123)
(172, 162, 0, 21, 202)
(258, 69, 1, 1, 233)
(276, 34, 0, 97, 92)
(255, 224, 0, 0, 153)
(289, 151, 1, 2, 207)
(217, 177, 0, 0, 0)
(132, 223, 46, 0, 133)
(245, 195, 54, 0, 145)
(224, 222, 2, 2, 163)
(191, 224, 23, 0, 91)
(252, 152, 6, 3, 228)
(167, 208, 5, 5, 232)
(135, 191, 130, 0, 158)
(259, 208, 68, 0, 241)
(253, 197, 3, 4, 222)
(153, 115, 0, 12, 55)
(283, 170, 0, 0, 89)
(110, 200, 189, 0, 86)
(118, 166, 52, 0, 129)
(299, 152, 0, 28, 134)
(199, 165, 0, 0, 170)
(220, 224, 18, 0, 102)
(216, 164, 0, 21, 203)
(84, 180, 156, 0, 95)
(248, 119, 0, 24, 12)
(116, 171, 1, 3, 254)
(96, 208, 96, 0, 169)
(299, 63, 0, 91, 22)
(107, 165, 10, 2, 85)
(299, 154, 0, 0, 77)
(239, 224, 0, 0, 255)
(42, 224, 145, 0, 33)
(274, 138, 4, 3, 194)
(277, 36, 0, 68, 229)
(200, 32, 6, 6, 176)
(243, 224, 46, 0, 255)
(193, 116, 4, 1, 146)
(261, 170, 20, 0, 174)
(129, 182, 19, 0, 128)
(293, 130, 0, 9, 149)
(195, 167, 0, 19, 193)
(271, 0, 0, 48, 225)
(0, 224, 26, 0, 105)
(299, 94, 0, 37, 103)
(221, 183, 9, 0, 101)
(168, 129, 3, 6, 124)
(228, 212, 0, 0, 61)
(298, 107, 0, 5, 212)
(259, 210, 50, 0, 147)
(251, 220, 13, 0, 93)
(35, 189, 102, 0, 113)
(179, 155, 140, 0, 69)
(293, 16, 0, 158, 47)
(6, 185, 90, 0, 198)
(299, 155, 0, 29, 63)
(284, 224, 0, 0, 203)
(151, 161, 3, 18, 248)
(299, 108, 0, 0, 133)
(298, 16, 1, 1, 188)
(174, 39, 2, 5, 118)
(64, 207, 189, 0, 233)
(294, 41, 0, 98, 250)
(165, 220, 46, 0, 55)
(87, 181, 0, 0, 11)
(216, 166, 6, 6, 239)
(184, 181, 1, 0, 97)
(168, 213, 9, 1, 243)
(24, 224, 175, 0, 0)
(280, 121, 4, 2, 212)
(299, 105, 0, 70, 221)
(235, 170, 0, 25, 211)
(24, 151, 34, 0, 75)
(245, 100, 14, 1, 232)
(299, 66, 0, 93, 159)
(172, 198, 3, 1, 211)
(3, 192, 11, 1, 196)
(68, 122, 2, 2, 175)
(244, 219, 0, 0, 204)
(298, 41, 0, 180, 123)
(176, 203, 12, 0, 32)
(147, 189, 30, 0, 193)
(299, 166, 1, 2, 230)
(268, 63, 6, 0, 142)
(297, 177, 12, 1, 190)
(12, 198, 6, 4, 187)
(278, 212, 0, 13, 74)
(155, 201, 11, 0, 5)
(171, 216, 89, 0, 87)
(178, 178, 65, 0, 57)
(291, 210, 0, 14, 22)
(290, 179, 0, 0, 24)
(108, 183, 2, 4, 118)
(45, 182, 51, 0, 240)
(40, 25, 5, 3, 177)
(179, 50, 3, 13, 162)
(283, 202, 0, 0, 37)
(243, 52, 3, 2, 180)
(183, 224, 11, 0, 17)
(154, 0, 0, 185, 199)
(68, 153, 8, 1, 88)
(0, 0, 14, 5, 180)
(299, 211, 0, 0, 100)
(213, 113, 0, 46, 60)
(161, 67, 3, 3, 144)
(258, 224, 5, 0, 130)
(282, 224, 0, 0, 43)
(138, 118, 9, 1, 137)
(284, 102, 15, 0, 231)
(55, 217, 5, 1, 205)
(293, 38, 0, 46, 255)
(265, 173, 8, 1, 219)
(279, 151, 0, 70, 186)
(294, 158, 2, 2, 114)
(299, 125, 0, 1, 215)
(25, 190, 230, 0, 18)
(105, 219, 66, 0, 239)
(0, 197, 190, 0, 33)
(299, 193, 9, 0, 175)
(0, 196, 68, 0, 208)
(276, 107, 0, 15, 86)
(231, 75, 3, 2, 204)
(132, 17, 4, 9, 95)
(299, 0, 0, 171, 110)
(127, 147, 2, 5, 216)
(223, 0, 21, 0, 33)
(204, 217, 6, 0, 103)
(117, 99, 0, 60, 12)
(132, 224, 62, 0, 10)
(241, 220, 1, 2, 171)
(81, 224, 47, 0, 169)
(44, 224, 44, 0, 140)
(38, 195, 26, 2, 210)
(7, 205, 79, 0, 174)
(42, 211, 4, 2, 190)
(190, 122, 1, 3, 163)
(219, 222, 6, 0, 170)
(251, 147, 2, 1, 138)
(136, 197, 7, 3, 136)
(277, 149, 0, 23, 174)
(227, 179, 71, 0, 237)
(220, 16, 0, 62, 185)
(29, 219, 14, 2, 186)
(256, 131, 0, 74, 71)
(170, 160, 1, 4, 190)
(289, 4, 0, 48, 254)
(108, 206, 0, 15, 98)
(287, 224, 12, 0, 191)
(237, 180, 12, 0, 18)
(255, 224, 0, 4, 151)
(298, 44, 0, 52, 200)
(150, 223, 77, 0, 215)
(299, 152, 0, 0, 237)
(205, 189, 2, 8, 235)
(220, 220, 7, 0, 63)
(264, 221, 30, 0, 42)
(202, 154, 0, 9, 130)
(246, 110, 9, 1, 208)
(299, 139, 0, 8, 68)
(165, 224, 0, 0, 222)
(60, 191, 131, 0, 172)
(209, 66, 0, 81, 112)
(143, 117, 1, 10, 135)
(274, 203, 0, 0, 104)
(220, 160, 76, 0, 58)
(261, 16, 0, 34, 15)
(67, 224, 221, 0, 75)
(282, 166, 4, 2, 201)
(238, 109, 2, 17, 115)
(231, 195, 0, 25, 53)
(23, 198, 8, 5, 211)
(290, 141, 0, 83, 74)
(283, 5, 2, 6, 147)
(274, 214, 12, 1, 149)
(167, 220, 94, 0, 61)
(248, 82, 1, 18, 162)
(166, 172, 35, 0, 11)
(299, 159, 0, 33, 127)
(115, 216, 23, 0, 213)
(99, 183, 250, 0, 31)
(145, 224, 128, 0, 33)
(270, 222, 0, 5, 11)
(231, 182, 0, 21, 0)
(27, 175, 0, 0, 219)
(299, 36, 0, 174, 132)
(299, 33, 0, 64, 10)
(215, 76, 2, 1, 112)
(251, 33, 0, 176, 230)
(159, 135, 1, 6, 167)
(227, 116, 0, 28, 7)
(297, 0, 0, 123, 151)
(197, 210, 97, 0, 163)
(132, 224, 167, 0, 237)
(99, 91, 3, 11, 135)
(109, 72, 0, 42, 235)
(58, 33, 65, 0, 102)
(235, 161, 0, 56, 251)
(277, 139, 22, 0, 195)
(262, 142, 2, 1, 252)
(289, 199, 2, 4, 209)
(299, 165, 0, 0, 32)
(165, 224, 99, 0, 64)
(72, 121, 2, 6, 205)
(265, 202, 2, 0, 78)
(74, 157, 25, 0, 205)
(299, 224, 0, 0, 4)
(255, 190, 0, 0, 37)
(265, 45, 4, 1, 115)
(164, 218, 50, 0, 100)
(173, 196, 2, 2, 113)
(282, 97, 2, 4, 222)
(236, 224, 63, 0, 164)
(138, 202, 75, 0, 207)
(285, 110, 29, 0, 142)
(203, 87, 11, 2, 110)
(197, 172, 0, 14, 0)
(272, 75, 2, 4, 222)
(299, 71, 0, 161, 122)
(260, 72, 11, 1, 221)
(299, 174, 0, 0, 155)
(69, 171, 1, 5, 193)
(49, 106, 9, 7, 205)
(299, 117, 0, 17, 152)
(262, 172, 2, 1, 236)
(147, 224, 49, 0, 149)
(299, 205, 0, 0, 237)
(35, 206, 54, 0, 179)
(299, 104, 0, 102, 208)
(37, 211, 17, 0, 19)
(67, 224, 159, 0, 124)
(234, 224, 29, 0, 105)
(299, 224, 0, 0, 115)
(112, 170, 10, 3, 222)
(299, 63, 0, 139, 212)
(122, 205, 120, 0, 150)
(75, 190, 4, 3, 213)
(207, 162, 7, 1, 109)
(238, 224, 70, 0, 229)
(175, 224, 0, 0, 173)
(78, 17, 2, 12, 150)
(171, 218, 66, 0, 156)
(87, 154, 11, 3, 157)
(277, 0, 0, 74, 57)
(11, 132, 69, 0, 228)
(97, 186, 4, 6, 68)
(212, 39, 2, 5, 210)
(16, 224, 190, 0, 109)
(226, 214, 0, 15, 89)
(299, 198, 0, 13, 203)
(299, 80, 0, 17, 169)
(23, 224, 190, 0, 49)
(299, 171, 0, 53, 7)
(220, 224, 0, 0, 71)
(143, 186, 3, 3, 139)
(151, 218, 92, 0, 126)
(276, 218, 5, 3, 168)
(245, 157, 43, 0, 255)
(256, 94, 2, 2, 122)
(12, 224, 110, 0, 231)
(124, 224, 105, 0, 50)
(197, 202, 0, 0, 35)
(277, 114, 4, 3, 189)
(202, 224, 0, 0, 0)
(260, 196, 0, 0, 221)
(62, 110, 2, 5, 135)
(123, 220, 3, 1, 218)
(76, 216, 5, 1, 184)
(209, 198, 6, 1, 228)
(110, 190, 1, 1, 176)
(269, 53, 0, 0, 71)
(28, 224, 38, 0, 0)
(14, 224, 144, 0, 244)
(292, 125, 0, 55, 14)
(275, 85, 0, 1, 19)
(56, 224, 87, 0, 13)
(299, 224, 0, 0, 163)
(173, 0, 0, 165, 94)
(26, 15, 14, 11, 207)
(11, 204, 229, 0, 134)
(100, 94, 116, 0, 0)
(298, 17, 0, 68, 171)
(240, 181, 0, 62, 0)
(271, 70, 0, 0, 104)
(299, 84, 0, 44, 96)
(141, 220, 23, 1, 206)
(81, 224, 77, 0, 200)
(138, 224, 0, 0, 84)
(278, 152, 0, 28, 185)
(224, 209, 0, 15, 131)
(261, 106, 0, 97, 180)
(5, 20, 95, 0, 56)
(272, 41, 0, 173, 54)
(280, 0, 0, 200, 212)
(258, 67, 0, 0, 213)
(153, 224, 146, 0, 223)
(299, 181, 0, 0, 69)
(299, 222, 9, 2, 93)
(170, 224, 24, 0, 42)
(293, 146, 0, 46, 128)
(257, 187, 9, 3, 178)
(211, 96, 0, 19, 178)
(0, 209, 191, 0, 234)
(299, 92, 5, 1, 182)
(269, 189, 27, 0, 117)
(251, 208, 48, 0, 107)
(268, 109, 0, 91, 54)
(299, 207, 0, 20, 149)
(257, 148, 0, 0, 95)
(41, 79, 14, 4, 212)
(279, 69, 3, 8, 151)
(5, 201, 5, 3, 197)
(170, 44, 6, 2, 148)
(67, 217, 7, 2, 196)
(299, 68, 0, 45, 248)
(249, 39, 0, 29, 141)
(14, 224, 111, 0, 24)
(165, 218, 0, 0, 114)
(77, 119, 7, 1, 226)
(75, 147, 0, 21, 23)
(179, 101, 1, 4, 225)
(271, 56, 0, 59, 49)
(101, 224, 192, 0, 39)
(43, 62, 17, 7, 200)
(268, 134, 13, 0, 224)
(299, 25, 0, 106, 121)
(164, 220, 7, 4, 201)
(259, 74, 0, 142, 212)
(265, 224, 26, 0, 149)
(256, 183, 19, 1, 194)
(189, 223, 58, 0, 92)
(259, 73, 3, 3, 149)
(254, 222, 4, 1, 146)
(267, 117, 0, 53, 215)
(287, 140, 1, 7, 129)
(268, 203, 0, 0, 124)
(299, 205, 0, 0, 145)
(207, 130, 5, 2, 176)
(173, 171, 0, 38, 79)
(299, 94, 0, 79, 177)
(243, 52, 0, 104, 130)
(276, 117, 0, 16, 5)
(294, 200, 1, 4, 196)
(251, 140, 0, 25, 128)
(178, 224, 3, 10, 184)
(233, 170, 60, 0, 246)
(299, 64, 0, 103, 95)
(96, 65, 3, 4, 116)
(299, 206, 0, 0, 156)
(92, 137, 104, 0, 65)
(230, 224, 9, 0, 41)
(32, 202, 34, 0, 63)
(222, 48, 17, 2, 204)
(149, 224, 125, 0, 127)
(272, 196, 2, 1, 165)
(211, 142, 0, 0, 232)
(143, 224, 0, 0, 106)
(110, 223, 18, 1, 199)
(299, 224, 0, 0, 221)
(123, 197, 2, 3, 92)
(212, 224, 51, 0, 229)
(208, 186, 4, 3, 252)
(289, 181, 0, 43, 129)
(200, 178, 66, 0, 3)
(277, 216, 0, 0, 255)
(149, 70, 9, 1, 111)
(295, 216, 0, 0, 87)
(240, 106, 5, 3, 211)
(268, 206, 6, 0, 140)
(296, 53, 0, 0, 186)
(233, 73, 2, 5, 119)
(299, 149, 0, 17, 255)
(153, 224, 50, 0, 65)
(21, 189, 18, 0, 134)
(45, 87, 11, 2, 181)
(297, 94, 0, 0, 152)
(288, 150, 0, 8, 191)
(127, 93, 0, 19, 12)
(122, 134, 0, 0, 129)
(291, 217, 8, 0, 77)
(193, 190, 70, 0, 222)
(217, 205, 42, 0, 251)
(297, 110, 2, 1, 164)
(299, 153, 0, 16, 53)
(270, 104, 0, 96, 193)
(269, 161, 0, 20, 20)
(133, 93, 2, 3, 113)
(195, 224, 44, 0, 74)
(143, 224, 50, 0, 205)
(187, 214, 96, 0, 102)
(294, 202, 0, 22, 255)
(299, 224, 9, 0, 202)
(286, 46, 0, 93, 102)
(174, 223, 19, 1, 181)
(274, 224, 1, 45, 142)
(299, 224, 0, 0, 152)
(142, 224, 61, 0, 70)
(270, 57, 0, 142, 19)
(277, 84, 2, 3, 189)
(91, 221, 0, 0, 213)
(284, 8, 0, 148, 2)
(277, 222, 0, 2, 165)
(190, 130, 5, 7, 248)
(286, 203, 1, 7, 176)
(135, 224, 91, 0, 190)
(115, 183, 4, 5, 100)
(295, 172, 0, 29, 199)
(270, 147, 0, 56, 227)
(65, 181, 0, 5, 223)
(128, 90, 2, 12, 139)
(247, 39, 0, 0, 15)
(256, 159, 0, 0, 103)
(184, 224, 0, 0, 66)
(223, 201, 19, 0, 255)
(216, 103, 4, 3, 183)
(252, 171, 19, 1, 195)
(290, 204, 0, 20, 57)
(250, 142, 4, 1, 151)
(256, 134, 0, 15, 50)
(277, 111, 0, 84, 0)
(47, 90, 3, 5, 64)
(146, 144, 1, 14, 235)
(242, 224, 34, 0, 0)
(56, 224, 63, 0, 214)
(236, 18, 0, 97, 148)
(133, 187, 0, 12, 221)
(231, 224, 68, 0, 5)
(20, 123, 17, 3, 170)
(263, 207, 0, 10, 242)
(299, 90, 0, 39, 129)
(146, 222, 0, 2, 193)
(280, 224, 6, 11, 202)
(129, 224, 70, 0, 234)
(268, 202, 2, 0, 236)
(132, 187, 1, 6, 159)
(202, 119, 6, 6, 93)
(297, 216, 0, 8, 20)
(60, 224, 24, 0, 130)
(58, 224, 13, 0, 112)
(299, 0, 0, 137, 82)
(299, 209, 0, 15, 186)
(7, 89, 0, 23, 190)
(178, 58, 0, 7, 7)
(257, 0, 0, 80, 60)
(248, 125, 1, 1, 225)
(281, 62, 0, 141, 121)
(213, 222, 0, 2, 34)
(209, 63, 1, 6, 127)
(86, 137, 3, 1, 212)
(299, 76, 0, 148, 239)
(76, 97, 12, 10, 60)
(84, 126, 0, 27, 29)
(65, 205, 14, 0, 202)
(0, 45, 39, 0, 205)
(162, 104, 2, 6, 110)
(216, 197, 1, 2, 145)
(240, 115, 8, 0, 45)
(159, 205, 0, 0, 64)
(224, 23, 0, 20, 40)
(204, 23, 0, 79, 26)
(299, 174, 0, 10, 66)
(276, 177, 10, 0, 255)
(39, 224, 52, 0, 157)
(33, 224, 184, 0, 4)
(108, 219, 57, 0, 9)
(19, 171, 48, 0, 184)
(249, 80, 13, 0, 90)
(284, 159, 0, 60, 55)
(228, 224, 34, 0, 202)
(150, 44, 1, 8, 147)
(49, 214, 19, 0, 15)
(190, 75, 2, 0, 91)
(261, 72, 0, 98, 62)
(296, 204, 0, 17, 12)
(237, 14, 0, 12, 99)
(299, 87, 0, 75, 3)
(108, 147, 3, 2, 66)
(232, 126, 0, 0, 171)
(291, 224, 0, 0, 255)
(236, 207, 0, 17, 18)
(76, 96, 5, 1, 81)
(102, 216, 3, 3, 198)
(266, 67, 0, 48, 85)
(74, 157, 4, 1, 234)
(146, 142, 1, 3, 85)
(231, 182, 0, 3, 26)
(139, 224, 16, 0, 23)
(136, 177, 2, 2, 157)
(126, 191, 61, 0, 52)
(98, 190, 220, 0, 139)
(174, 180, 87, 0, 94)
(247, 196, 4, 1, 200)
(116, 224, 15, 0, 32)
(299, 57, 0, 21, 166)
(201, 193, 4, 1, 196)
(264, 106, 0, 59, 140)
(0, 224, 136, 0, 210)
(278, 160, 0, 0, 105)
(125, 65, 4, 5, 138)
(184, 92, 0, 17, 52)
(243, 224, 7, 0, 218)
(274, 197, 2, 0, 145)
(289, 134, 0, 23, 0)
(246, 137, 8, 1, 163)
(170, 223, 22, 0, 190)
(231, 27, 4, 17, 147)
(205, 67, 17, 0, 185)
(137, 215, 0, 0, 145)
(0, 214, 154, 0, 225)
(288, 143, 0, 24, 200)
(102, 206, 0, 0, 147)
(39, 199, 135, 0, 195)
(97, 224, 2, 0, 145)
(204, 190, 25, 0, 116)
(265, 176, 2, 2, 193)
(260, 154, 0, 66, 158)
(146, 116, 7, 5, 71)
(289, 206, 9, 1, 190)
(114, 139, 9, 3, 114)
(262, 157, 0, 67, 199)
(231, 178, 0, 36, 130)
(295, 108, 0, 18, 125)
(46, 201, 54, 0, 158)
(279, 41, 0, 172, 48)
(155, 215, 9, 0, 138)
(299, 128, 0, 16, 21)
(91, 53, 0, 21, 183)
(240, 224, 0, 3, 159)
(115, 186, 90, 0, 60)
(259, 207, 10, 2, 142)
(242, 50, 23, 0, 234)
(151, 193, 3, 1, 255)
(299, 115, 0, 97, 206)
(261, 202, 7, 1, 198)
(228, 224, 54, 0, 49)
(132, 224, 33, 0, 86)
(50, 158, 3, 7, 106)
(294, 214, 5, 0, 204)
(101, 224, 0, 0, 237)
(123, 96, 3, 6, 76)
(299, 154, 0, 20, 210)
(226, 224, 53, 0, 20)
(276, 204, 0, 15, 57)
(259, 15, 0, 39, 61)
(215, 23, 0, 65, 75)
(289, 112, 1, 2, 147)
(200, 179, 84, 0, 255)
(220, 172, 0, 29, 149)
(275, 55, 0, 99, 134)
(51, 8, 0, 22, 0)
(294, 62, 0, 68, 21)
(134, 168, 0, 0, 33)
(299, 224, 0, 0, 119)
(82, 129, 8, 2, 248)
(0, 187, 80, 0, 33)
(201, 186, 1, 1, 102)
(121, 0, 106, 0, 132)
(270, 167, 0, 0, 252)
(257, 220, 47, 0, 223)
(258, 131, 7, 0, 38)
(124, 103, 1, 11, 189)
(297, 149, 2, 2, 166)
(178, 156, 6, 1, 122)
(75, 36, 31, 3, 158)
(218, 142, 47, 0, 195)
(280, 105, 0, 13, 116)
(92, 200, 1, 2, 137)
(288, 184, 5, 3, 176)
(204, 213, 0, 6, 133)
(149, 224, 0, 4, 100)
(299, 158, 0, 40, 235)
(259, 148, 1, 4, 189)
(0, 187, 19, 1, 137)
(299, 137, 0, 31, 77)
(99, 191, 200, 0, 208)
(146, 202, 10, 0, 61)
(209, 189, 1, 4, 159)
(277, 98, 0, 26, 198)
(169, 180, 122, 0, 23)
(267, 161, 0, 49, 215)
(95, 211, 89, 0, 154)
(210, 190, 6, 0, 31)
(192, 203, 1, 2, 196)
(299, 24, 0, 58, 90)
(263, 217, 2, 1, 185)
(255, 18, 0, 52, 73)
(61, 224, 223, 0, 74)
(283, 71, 0, 33, 108)
(298, 186, 1, 7, 152)
(113, 90, 110, 0, 88)
(195, 207, 21, 2, 211)
(232, 160, 0, 0, 159)
(225, 146, 9, 1, 233)
(198, 218, 9, 3, 190)
(197, 164, 38, 0, 131)
(163, 54, 0, 0, 38)
(244, 220, 12, 0, 70)
(299, 224, 0, 0, 240)
(249, 185, 22, 0, 127)
(238, 194, 15, 2, 171)
(296, 178, 3, 3, 203)
(63, 224, 232, 0, 78)
(262, 224, 21, 0, 34)
(46, 216, 113, 0, 42)
(14, 129, 257, 0, 104)
(260, 35, 0, 157, 57)
(286, 179, 13, 0, 26)
(205, 138, 0, 34, 102)
(116, 215, 0, 0, 184)
(271, 68, 0, 19, 187)
(252, 224, 8, 0, 236)
(278, 173, 21, 0, 72)
(159, 68, 3, 4, 179)
(80, 183, 0, 29, 0)
(121, 73, 8, 5, 181)
(257, 131, 0, 64, 96)
(255, 136, 8, 1, 190)
(0, 162, 258, 0, 92)
(145, 219, 87, 0, 82)
(251, 218, 31, 0, 188)
(299, 224, 0, 0, 242)
(265, 223, 1, 1, 179)
(267, 198, 0, 0, 46)
(220, 137, 16, 0, 120)
(161, 201, 5, 2, 113)
(271, 178, 0, 36, 32)
(289, 41, 0, 114, 105)
(160, 183, 21, 0, 163)
(285, 224, 14, 0, 32)
(119, 215, 114, 0, 39)
(291, 165, 0, 37, 80)
(0, 101, 97, 0, 240)
(123, 202, 27, 0, 43)
(206, 114, 1, 2, 93)
(285, 56, 0, 0, 58)
(160, 137, 32, 0, 42)
(219, 114, 2, 3, 104)
(54, 60, 7, 1, 105)
(128, 202, 2, 1, 152)
(297, 58, 0, 29, 134)
(193, 200, 8, 1, 143)
(293, 190, 0, 34, 247)
(275, 155, 3, 1, 226)
(46, 185, 0, 7, 0)
(103, 224, 0, 0, 63)
(223, 224, 32, 0, 208)
(47, 181, 2, 6, 191)
(104, 10, 35, 0, 0)
(219, 201, 50, 0, 255)
(224, 114, 69, 0, 49)
(299, 122, 0, 19, 68)
(183, 150, 2, 6, 117)
(276, 224, 23, 0, 229)
(135, 113, 2, 1, 100)
(237, 76, 2, 17, 188)
(168, 176, 31, 0, 56)
(99, 132, 8, 2, 152)
(269, 104, 0, 76, 14)
(189, 214, 42, 0, 161)
(147, 224, 6, 0, 33)
(94, 224, 40, 0, 140)
(57, 0, 33, 0, 54)
(180, 207, 20, 0, 74)
(180, 221, 41, 0, 112)
(211, 224, 83, 0, 38)
(144, 110, 0, 51, 17)
(112, 205, 130, 0, 84)
(267, 104, 0, 1, 182)
(299, 73, 0, 150, 23)
(41, 71, 2, 3, 130)
(161, 209, 0, 9, 218)
(299, 224, 0, 0, 18)
(299, 223, 0, 0, 0)
(28, 124, 2, 1, 102)
(221, 206, 78, 0, 248)
(155, 179, 1, 6, 196)
(17, 206, 161, 0, 44)
(245, 224, 0, 0, 187)
(222, 161, 5, 2, 214)
(230, 158, 9, 1, 228)
(243, 224, 10, 0, 85)
(112, 185, 131, 0, 233)
(193, 167, 21, 0, 46)
(261, 10, 0, 62, 137)
(233, 126, 1, 4, 139)
(299, 204, 0, 14, 117)
(240, 136, 0, 0, 206)
(71, 107, 12, 3, 34)
(299, 100, 0, 0, 210)
(65, 224, 62, 0, 46)
(220, 120, 1, 3, 212)
(205, 4, 14, 10, 224)
(66, 116, 3, 9, 161)
(12, 217, 4, 1, 222)
(261, 125, 0, 43, 38)
(230, 59, 2, 3, 211)
(172, 224, 106, 0, 31)
(181, 200, 14, 0, 188)
(299, 66, 0, 57, 90)
(252, 132, 2, 1, 215)
(72, 199, 79, 0, 177)
(60, 151, 20, 2, 129)
(299, 167, 0, 3, 189)
(145, 167, 128, 0, 123)
(55, 220, 159, 0, 154)
(255, 204, 0, 0, 216)
(230, 204, 61, 0, 66)
(170, 87, 7, 8, 144)
(190, 224, 111, 0, 222)
(299, 56, 0, 150, 48)
(221, 197, 0, 0, 35)
(279, 205, 15, 0, 125)
(299, 177, 0, 7, 184)
(275, 0, 0, 82, 255)
(171, 41, 28, 0, 181)
(226, 215, 49, 0, 0)
(194, 205, 23, 0, 81)
(229, 45, 1, 8, 185)
(298, 20, 0, 188, 216)
(81, 0, 0, 0, 234)
(274, 224, 8, 0, 175)
(173, 188, 3, 4, 154)
(57, 21, 14, 5, 215)
(252, 185, 4, 1, 220)
(299, 135, 21, 1, 156)
(238, 224, 48, 0, 36)
(299, 6, 0, 141, 255)
(0, 156, 0, 52, 191)
(204, 137, 4, 4, 173)
(74, 224, 213, 0, 101)
(262, 180, 0, 9, 60)
(299, 211, 6, 2, 147)
(214, 203, 17, 0, 11)
(290, 62, 3, 6, 217)
(294, 224, 10, 0, 169)
(207, 194, 1, 0, 218)
(299, 174, 0, 12, 250)
(232, 224, 2, 3, 130)
(98, 30, 2, 10, 207)
(112, 221, 131, 0, 254)
(107, 116, 1, 4, 240)
(0, 0, 0, 0, 0)
(0, 0, 0, 0, 0)
