Background: 199
(0, 38, 216, 153, 154)
(0, 150, 41, 37, 71)
(184, 132, 68, 58, 224)
(0, 87, 230, 32, 139)
(31, 60, 100, 96, 176)
(226, 209, 75, 16, 161)
(62, 87, 30, 29, 86)
(113, 0, 31, 70, 154)
(60, 181, 44, 8, 88)
(251, 0, 49, 35, 177)
(216, 29, 63, 63, 182)
(80, 153, 153, 12, 126)
(17, 38, 182, 11, 177)
(168, 166, 131, 14, 230)
(132, 137, 23, 29, 218)
(243, 185, 103, 29, 179)
(50, 206, 184, 9, 213)
(180, 113, 66, 14, 117)
(81, 191, 121, 13, 166)
(0, 218, 226, 7, 192)
(70, 169, 52, 6, 216)
(279, 72, 19, 34, 170)
(289, 217, 11, 8, 121)
(175, 63, 37, 37, 127)
(86, 26, 39, 30, 134)
(159, 0, 85, 28, 226)
(0, 138, 14, 41, 61)
(235, 137, 64, 28, 199)
(216, 221, 59, 4, 145)
(42, 62, 35, 24, 192)
(0, 59, 29, 57, 107)
(136, 163, 13, 37, 104)
(96, 200, 20, 6, 105)
(121, 175, 14, 48, 203)
(39, 141, 25, 16, 227)
(141, 102, 17, 23, 101)
(224, 206, 38, 11, 186)
(170, 156, 7, 29, 224)
(228, 109, 18, 20, 136)
(102, 142, 10, 21, 199)
(174, 102, 10, 18, 168)
(11, 80, 31, 22, 117)
(54, 220, 29, 4, 164)
(129, 72, 7, 39, 130)
(94, 99, 46, 30, 194)
(259, 55, 15, 26, 200)
(0, 203, 28, 18, 187)
(266, 207, 20, 16, 157)
(219, 121, 34, 6, 119)
(233, 15, 13, 28, 162)
(140, 217, 47, 7, 204)
(124, 97, 25, 14, 108)
(131, 210, 74, 4, 227)
(156, 153, 7, 33, 102)
(101, 134, 42, 7, 109)
(206, 37, 22, 38, 168)
(249, 163, 48, 17, 223)
(35, 181, 20, 10, 183)
(48, 121, 45, 10, 204)
(212, 198, 54, 3, 224)
(67, 133, 81, 3, 127)
(151, 126, 4, 62, 221)
(228, 70, 32, 11, 152)
(252, 115, 11, 23, 186)
(258, 19, 15, 21, 198)
(250, 50, 15, 12, 212)
(284, 177, 15, 9, 191)
(168, 196, 6, 5, 246)
(201, 175, 56, 6, 239)
(130, 41, 45, 25, 184)
(90, 109, 42, 13, 212)
(192, 162, 15, 30, 237)
(229, 198, 65, 3, 211)
(242, 111, 18, 6, 185)
(103, 191, 60, 3, 125)
(29, 190, 49, 16, 216)
(29, 165, 29, 11, 65)
(284, 215, 16, 3, 136)
(120, 0, 13, 20, 124)
(81, 0, 35, 20, 212)
(113, 158, 18, 8, 62)
(0, 223, 11, 5, 80)
(142, 80, 41, 15, 139)
(295, 183, 5, 32, 164)
(198, 57, 36, 8, 177)
(230, 85, 17, 13, 216)
(156, 101, 46, 7, 163)
(238, 192, 60, 4, 174)
(122, 191, 7, 8, 78)
(254, 203, 33, 6, 167)
(295, 96, 4, 6, 218)
(202, 197, 27, 11, 217)
(282, 108, 8, 53, 191)
(135, 158, 4, 24, 207)
(242, 219, 27, 5, 149)
(23, 105, 15, 36, 182)
(0, 179, 34, 11, 104)
(160, 133, 17, 17, 129)
(248, 160, 31, 2, 152)
(240, 63, 2, 9, 218)
(294, 219, 8, 6, 105)
(279, 222, 7, 6, 202)
(107, 65, 5, 40, 219)
(247, 25, 18, 21, 180)
(141, 214, 20, 18, 214)
(0, 31, 10, 18, 119)
(185, 124, 7, 26, 228)
(77, 21, 11, 70, 174)
(35, 87, 42, 11, 141)
(220, 216, 47, 2, 175)
(85, 147, 28, 6, 150)
(208, 131, 25, 16, 244)
(0, 91, 38, 9, 110)
(285, 126, 11, 12, 220)
(197, 121, 4, 35, 113)
(241, 197, 14, 6, 214)
(245, 185, 40, 3, 192)
(24, 195, 27, 15, 208)
(265, 104, 10, 17, 216)
(119, 173, 6, 12, 81)
(251, 143, 28, 8, 222)
(248, 0, 47, 14, 167)
(81, 157, 17, 11, 89)
(203, 148, 9, 9, 223)
(233, 119, 2, 16, 109)
(277, 79, 8, 5, 215)
(186, 0, 0, 18, 137)
(230, 152, 32, 3, 224)
(133, 156, 5, 11, 239)
(182, 196, 18, 2, 214)
(259, 219, 20, 0, 236)
(59, 150, 44, 7, 156)
(145, 199, 9, 7, 115)
(96, 195, 11, 6, 210)
(274, 34, 8, 13, 199)
(76, 45, 7, 11, 227)
(85, 78, 12, 11, 140)
(239, 55, 6, 16, 201)
(294, 36, 5, 7, 224)
(282, 157, 20, 3, 131)
(144, 189, 8, 7, 193)
(54, 193, 21, 19, 227)
(0, 0, 49, 14, 193)
(273, 154, 3, 8, 155)
(229, 217, 27, 0, 107)
(217, 162, 24, 4, 158)
(85, 175, 25, 6, 194)
(180, 151, 9, 14, 68)
(76, 175, 19, 2, 120)
(207, 147, 8, 6, 128)
(163, 189, 8, 7, 244)
(183, 215, 12, 9, 196)
(292, 155, 0, 14, 255)
(151, 193, 6, 6, 242)
(0, 91, 7, 6, 185)
(152, 81, 3, 16, 90)
(104, 170, 11, 20, 193)
(282, 16, 9, 12, 199)
(117, 188, 5, 14, 228)
(247, 222, 2, 18, 112)
(192, 223, 16, 2, 168)
(236, 46, 2, 110, 193)
(184, 167, 48, 4, 243)
(19, 25, 26, 10, 175)
(12, 117, 11, 34, 133)
(128, 140, 32, 4, 210)
(299, 0, 0, 45, 35)
(194, 202, 23, 4, 230)
(201, 115, 11, 13, 100)
(104, 42, 14, 12, 87)
(181, 218, 41, 1, 193)
(261, 42, 12, 7, 152)
(161, 175, 17, 5, 155)
(61, 38, 22, 11, 198)
(241, 214, 11, 4, 165)
(77, 195, 15, 6, 129)
(235, 88, 17, 2, 189)
(46, 215, 12, 4, 223)
(22, 192, 77, 4, 217)
(282, 189, 13, 6, 168)
(86, 130, 19, 5, 99)
(249, 141, 29, 2, 159)
(61, 214, 28, 6, 190)
(251, 224, 4, 2, 217)
(111, 82, 20, 22, 160)
(299, 150, 23, 7, 164)
(80, 25, 33, 14, 161)
(97, 211, 17, 7, 228)
(290, 185, 10, 7, 156)
(230, 158, 35, 1, 215)
(289, 147, 3, 5, 143)
(257, 168, 14, 5, 197)
(32, 130, 57, 1, 214)
(225, 224, 59, 0, 245)
(1, 179, 11, 3, 191)
(89, 189, 12, 3, 90)
(50, 106, 9, 14, 204)
(290, 93, 3, 16, 187)
(295, 47, 4, 8, 176)
(137, 12, 1, 47, 145)
(214, 33, 7, 21, 142)
(93, 169, 8, 3, 173)
(97, 132, 3, 18, 224)
(299, 47, 3, 10, 157)
(114, 6, 18, 10, 125)
(272, 89, 27, 5, 161)
(275, 208, 9, 10, 148)
(128, 173, 4, 29, 230)
(141, 214, 8, 4, 252)
(285, 161, 8, 10, 230)
(235, 6, 0, 42, 0)
(159, 153, 25, 3, 161)
(75, 165, 40, 2, 101)
(235, 152, 3, 5, 122)
(172, 185, 10, 13, 144)
(36, 199, 175, 0, 79)
(21, 224, 5, 1, 114)
(76, 95, 12, 20, 59)
(66, 48, 7, 25, 169)
(197, 112, 0, 19, 184)
(299, 150, 0, 28, 39)
(10, 218, 196, 0, 223)
(111, 186, 5, 18, 80)
(164, 202, 10, 4, 141)
(18, 132, 13, 9, 211)
(150, 132, 9, 8, 241)
(186, 77, 29, 12, 113)
(65, 195, 9, 4, 244)
(154, 199, 5, 5, 224)
(159, 194, 5, 8, 92)
(180, 43, 10, 30, 133)
(281, 86, 6, 2, 140)
(294, 15, 5, 4, 150)
(48, 209, 7, 6, 229)
(298, 224, 0, 0, 131)
(111, 167, 2, 23, 208)
(116, 203, 7, 5, 159)
(227, 58, 3, 57, 158)
(232, 68, 6, 15, 140)
(164, 129, 3, 14, 213)
(107, 205, 9, 17, 219)
(91, 196, 6, 15, 193)
(255, 212, 17, 2, 171)
(155, 156, 17, 3, 141)
(273, 222, 9, 2, 191)
(91, 108, 10, 5, 192)
(269, 198, 3, 7, 203)
(162, 107, 3, 23, 115)
(0, 167, 19, 10, 54)
(244, 199, 20, 2, 226)
(136, 51, 8, 25, 169)
(54, 167, 17, 6, 102)
(134, 23, 33, 11, 205)
(187, 16, 27, 17, 227)
(177, 140, 15, 10, 218)
(288, 206, 12, 2, 197)
(18, 68, 8, 10, 160)
(171, 179, 29, 3, 213)
(194, 190, 42, 2, 217)
(268, 79, 20, 1, 222)
(258, 11, 0, 67, 31)
(23, 111, 20, 16, 157)
(234, 224, 2, 15, 206)
(293, 209, 5, 7, 161)
(134, 184, 9, 10, 90)
(173, 199, 7, 5, 216)
(60, 21, 18, 13, 218)
(293, 186, 3, 6, 165)
(38, 52, 28, 4, 98)
(141, 186, 12, 5, 112)
(271, 149, 2, 5, 156)
(282, 24, 17, 4, 204)
(95, 73, 5, 40, 151)
(94, 67, 15, 6, 149)
(130, 147, 5, 6, 127)
(283, 93, 5, 7, 217)
(196, 97, 10, 7, 204)
(100, 52, 6, 10, 103)
(158, 214, 70, 2, 204)
(256, 6, 2, 17, 207)
(223, 54, 2, 9, 114)
(298, 71, 1, 9, 167)
(274, 109, 5, 7, 220)
(67, 103, 22, 9, 55)
(181, 54, 19, 12, 129)
(299, 90, 0, 11, 186)
(233, 170, 27, 5, 220)
(58, 89, 8, 19, 108)
(216, 123, 4, 5, 224)
(287, 221, 7, 3, 124)
(267, 0, 2, 14, 196)
(276, 61, 23, 10, 205)
(182, 171, 21, 2, 247)
(216, 171, 0, 12, 104)
(193, 150, 7, 7, 121)
(261, 209, 5, 10, 178)
(277, 124, 12, 2, 145)
(292, 0, 3, 18, 156)
(291, 208, 1, 3, 180)
(238, 139, 4, 3, 135)
(55, 219, 32, 1, 172)
(165, 0, 82, 14, 224)
(129, 0, 26, 5, 176)
(263, 76, 4, 30, 185)
(215, 181, 11, 6, 238)
(263, 107, 6, 22, 216)
(292, 0, 0, 110, 122)
(170, 118, 5, 16, 173)
(210, 93, 21, 5, 163)
(65, 179, 46, 2, 228)
(232, 224, 23, 0, 147)
(71, 63, 27, 4, 212)
(164, 173, 7, 16, 138)
(115, 155, 7, 8, 48)
(246, 160, 0, 43, 1)
(38, 178, 203, 0, 0)
(299, 95, 2, 22, 221)
(195, 181, 5, 2, 181)
(221, 202, 17, 2, 204)
(259, 200, 9, 2, 216)
(60, 84, 2, 16, 155)
(13, 73, 17, 3, 173)
(273, 201, 6, 3, 163)
(7, 202, 20, 11, 194)
(57, 199, 8, 4, 244)
(188, 63, 7, 7, 96)
(144, 160, 2, 25, 84)
(262, 198, 15, 1, 185)
(228, 80, 6, 6, 135)
(100, 224, 43, 0, 124)
(190, 130, 6, 14, 245)
(215, 196, 21, 3, 220)
(299, 202, 0, 14, 6)
(288, 40, 6, 6, 162)
(237, 219, 3, 4, 136)
(134, 191, 1, 13, 217)
(65, 175, 55, 0, 87)
(217, 91, 4, 4, 114)
(263, 52, 2, 28, 218)
(245, 184, 14, 7, 189)
(134, 205, 13, 1, 232)
(267, 169, 0, 0, 202)
(76, 129, 8, 6, 249)
(39, 151, 8, 8, 190)
(131, 200, 8, 4, 231)
(220, 76, 0, 83, 219)
(292, 201, 2, 2, 131)
(124, 51, 6, 62, 158)
(231, 146, 35, 5, 206)
(102, 215, 31, 8, 207)
(142, 206, 29, 1, 173)
(116, 42, 3, 5, 197)
(217, 25, 6, 6, 187)
(40, 143, 19, 10, 237)
(162, 142, 3, 17, 107)
(292, 79, 5, 7, 196)
(131, 87, 3, 6, 182)
(141, 169, 5, 16, 67)
(175, 86, 24, 13, 129)
(147, 54, 3, 25, 136)
(125, 197, 3, 4, 141)
(28, 212, 8, 12, 189)
(130, 115, 22, 0, 235)
(283, 82, 8, 2, 156)
(170, 223, 23, 1, 186)
(92, 80, 1, 26, 135)
(174, 132, 8, 8, 116)
(150, 149, 13, 4, 161)
(55, 175, 8, 13, 125)
(160, 90, 2, 30, 163)
(38, 121, 3, 3, 111)
(100, 194, 127, 0, 249)
(15, 224, 216, 0, 41)
(212, 224, 7, 5, 187)
(16, 195, 3, 7, 194)
(256, 214, 6, 5, 205)
(275, 87, 8, 2, 150)
(282, 197, 8, 2, 219)
(220, 210, 14, 5, 195)
(296, 145, 2, 6, 163)
(0, 133, 6, 16, 89)
(71, 163, 52, 3, 101)
(127, 220, 10, 1, 187)
(226, 43, 25, 9, 195)
(271, 193, 0, 3, 237)
(257, 174, 35, 3, 230)
(299, 138, 0, 20, 85)
(283, 207, 0, 0, 153)
(299, 209, 8, 1, 195)
(205, 220, 12, 4, 178)
(187, 186, 29, 4, 236)
(29, 55, 2, 55, 133)
(256, 93, 3, 3, 135)
(273, 155, 0, 17, 140)
(221, 76, 5, 7, 225)
(297, 85, 2, 6, 213)
(281, 30, 8, 4, 148)
(178, 161, 3, 5, 67)
(252, 224, 0, 0, 238)
(266, 29, 8, 7, 220)
(37, 195, 104, 0, 216)
(87, 163, 20, 7, 114)
(216, 188, 4, 13, 214)
(296, 17, 3, 1, 159)
(28, 181, 3, 2, 212)
(268, 116, 31, 1, 218)
(193, 37, 4, 17, 225)
(142, 206, 5, 7, 186)
(174, 168, 1, 11, 248)
(145, 224, 21, 5, 220)
(284, 136, 4, 22, 182)
(154, 182, 4, 6, 208)
(191, 194, 1, 8, 129)
(33, 98, 5, 4, 163)
(248, 33, 0, 0, 43)
(62, 108, 1, 9, 135)
(72, 223, 23, 1, 174)
(292, 166, 11, 4, 231)
(299, 32, 0, 0, 43)
(205, 181, 3, 16, 231)
(36, 176, 0, 0, 94)
(290, 109, 3, 30, 213)
(109, 59, 2, 5, 110)
(279, 198, 4, 2, 232)
(235, 31, 0, 9, 3)
(230, 105, 8, 4, 182)
(284, 200, 0, 0, 56)
(299, 164, 0, 60, 58)
(286, 200, 6, 13, 191)
(264, 177, 26, 1, 204)
(165, 109, 4, 7, 169)
(258, 90, 0, 30, 94)
(293, 197, 0, 0, 13)
(243, 190, 33, 2, 190)
(289, 13, 0, 38, 183)
(105, 80, 4, 29, 221)
(126, 9, 3, 13, 174)
(52, 167, 6, 7, 70)
(297, 221, 2, 3, 94)
(283, 45, 9, 21, 212)
(78, 126, 12, 4, 248)
(260, 207, 11, 3, 147)
(115, 183, 7, 4, 70)
(299, 63, 0, 19, 135)
(26, 160, 18, 10, 65)
(208, 224, 37, 0, 144)
(6, 0, 0, 33, 36)
(223, 160, 6, 5, 192)
(293, 220, 0, 4, 146)
(271, 98, 20, 2, 217)
(115, 96, 11, 5, 96)
(179, 187, 3, 4, 221)
(122, 153, 6, 3, 197)
(55, 88, 3, 22, 141)
(211, 169, 10, 5, 234)
(273, 0, 2, 31, 164)
(263, 224, 4, 2, 129)
(265, 218, 22, 0, 0)
(290, 75, 3, 10, 202)
(79, 181, 28, 1, 114)
(77, 142, 48, 5, 199)
(289, 206, 3, 5, 235)
(90, 202, 59, 0, 130)
(177, 174, 2, 14, 203)
(281, 161, 16, 4, 214)
(259, 90, 0, 68, 146)
(211, 2, 4, 41, 226)
(260, 158, 0, 0, 187)
(235, 125, 3, 13, 185)
(254, 120, 9, 2, 155)
(126, 130, 11, 4, 178)
(251, 206, 7, 1, 200)
(249, 104, 13, 3, 219)
(227, 34, 2, 11, 204)
(175, 150, 4, 7, 218)
(142, 89, 6, 20, 85)
(251, 221, 3, 3, 175)
(0, 142, 13, 9, 84)
(241, 129, 13, 4, 242)
(69, 160, 16, 5, 116)
(56, 224, 19, 6, 166)
(0, 212, 7, 8, 169)
(47, 192, 186, 0, 131)
(250, 47, 6, 15, 197)
(102, 50, 3, 25, 120)
(159, 66, 17, 5, 176)
(240, 221, 0, 0, 204)
(10, 222, 13, 2, 211)
(132, 208, 123, 0, 207)
(99, 67, 4, 20, 192)
(283, 218, 7, 2, 142)
(296, 170, 27, 7, 219)
(229, 0, 0, 70, 203)
(262, 190, 26, 0, 140)
(98, 220, 30, 4, 202)
(246, 124, 10, 5, 165)
(258, 208, 0, 27, 31)
(299, 164, 0, 0, 0)
(250, 88, 0, 97, 255)
(63, 149, 15, 10, 150)
(299, 20, 1, 4, 147)
(290, 210, 2, 2, 167)
(160, 189, 3, 3, 230)
(218, 212, 4, 4, 203)
(275, 205, 20, 2, 177)
(148, 156, 2, 13, 216)
(288, 224, 11, 0, 255)
(278, 202, 0, 18, 117)
(91, 0, 129, 0, 169)
(230, 221, 4, 4, 126)
(84, 170, 10, 4, 245)
(185, 105, 14, 2, 218)
(162, 215, 45, 0, 46)
(201, 213, 107, 0, 18)
(253, 0, 1, 20, 164)
(137, 181, 7, 5, 62)
(240, 222, 7, 2, 131)
(156, 196, 3, 5, 249)
(269, 42, 0, 81, 224)
(64, 211, 25, 4, 201)
(299, 175, 0, 0, 113)
(169, 71, 9, 35, 135)
(18, 114, 2, 19, 108)
(201, 137, 7, 3, 190)
(25, 147, 2, 4, 62)
(227, 57, 0, 84, 214)
(144, 90, 22, 4, 157)
(103, 152, 7, 10, 245)
(171, 220, 4, 4, 190)
(8, 49, 7, 5, 59)
(6, 96, 18, 3, 73)
(268, 135, 13, 4, 217)
(280, 195, 10, 2, 191)
(172, 21, 70, 0, 215)
(209, 203, 16, 6, 214)
(264, 219, 8, 2, 141)
(210, 44, 0, 2, 169)
(299, 204, 0, 0, 244)
(272, 191, 0, 0, 119)
(150, 86, 2, 3, 64)
(131, 224, 68, 0, 119)
(223, 202, 20, 1, 196)
(98, 30, 2, 12, 201)
(179, 147, 2, 6, 252)
(294, 13, 1, 7, 153)
(299, 69, 0, 26, 255)
(290, 176, 4, 1, 201)
(154, 188, 13, 1, 205)
(298, 222, 33, 5, 92)
(274, 68, 14, 3, 210)
(254, 198, 0, 26, 255)
(183, 97, 0, 112, 138)
(137, 121, 0, 0, 0)
(119, 42, 1, 63, 172)
(277, 181, 20, 1, 206)
(234, 145, 48, 1, 230)
(297, 35, 2, 3, 153)
(194, 162, 8, 1, 198)
(167, 207, 28, 7, 225)
(94, 178, 16, 2, 237)
(284, 50, 0, 2, 132)
(22, 34, 45, 9, 194)
(48, 143, 0, 22, 5)
(237, 129, 19, 1, 177)
(238, 142, 0, 0, 186)
(36, 224, 23, 0, 77)
(134, 9, 2, 17, 112)
(284, 151, 0, 22, 234)
(221, 224, 4, 4, 126)
(235, 0, 10, 16, 230)
(263, 134, 5, 4, 137)
(289, 214, 0, 10, 131)
(126, 119, 16, 9, 205)
(269, 119, 16, 1, 219)
(86, 160, 10, 5, 72)
(173, 223, 15, 2, 182)
(291, 79, 10, 1, 165)
(57, 224, 100, 0, 69)
(238, 50, 24, 1, 182)
(176, 215, 18, 0, 105)
(272, 18, 18, 2, 184)
(292, 87, 5, 9, 150)
(254, 202, 6, 1, 155)
(84, 109, 6, 7, 123)
(219, 217, 11, 4, 173)
(264, 201, 5, 3, 200)
(258, 211, 15, 1, 171)
(246, 69, 16, 7, 163)
(116, 209, 0, 30, 198)
(133, 44, 4, 4, 110)
(275, 117, 3, 16, 177)
(168, 211, 3, 9, 213)
(232, 100, 39, 0, 102)
(20, 174, 2, 14, 73)
(10, 75, 45, 2, 174)
(222, 205, 45, 0, 0)
(250, 6, 3, 16, 140)
(282, 125, 1, 7, 180)
(223, 81, 2, 13, 187)
(231, 30, 2, 1, 181)
(276, 71, 12, 6, 157)
(257, 209, 21, 0, 18)
(144, 197, 9, 6, 110)
(85, 196, 2, 8, 96)
(44, 12, 0, 86, 77)
(249, 142, 0, 36, 109)
(299, 134, 0, 90, 0)
(221, 167, 0, 0, 234)
(271, 56, 0, 47, 80)
(77, 0, 20, 16, 207)
(95, 222, 39, 0, 246)
(225, 148, 8, 2, 162)
(209, 95, 0, 122, 0)
(293, 101, 3, 3, 216)
(93, 205, 6, 2, 110)
(284, 73, 0, 99, 12)
(274, 17, 0, 70, 0)
(248, 53, 22, 1, 205)
(267, 83, 6, 3, 159)
(141, 109, 6, 24, 131)
(165, 41, 0, 15, 84)
(62, 174, 33, 1, 173)
(251, 209, 0, 0, 227)
(197, 212, 41, 0, 34)
(82, 25, 13, 7, 118)
(251, 224, 0, 0, 143)
(299, 165, 0, 34, 115)
(22, 206, 274, 0, 212)
(285, 137, 0, 63, 218)
(256, 149, 6, 11, 216)
(299, 151, 0, 73, 255)
(201, 132, 7, 9, 177)
(289, 183, 3, 4, 179)
(138, 43, 23, 6, 200)
(159, 0, 7, 29, 216)
(231, 174, 0, 0, 213)
(269, 63, 0, 150, 0)
(122, 89, 2, 8, 208)
(290, 124, 9, 5, 219)
(238, 12, 2, 4, 174)
(299, 91, 0, 88, 241)
(192, 119, 8, 11, 106)
(208, 198, 9, 4, 228)
(75, 204, 155, 0, 241)
(184, 183, 6, 4, 173)
(104, 208, 12, 6, 228)
(92, 224, 40, 0, 62)
(150, 176, 1, 4, 212)
(299, 120, 1, 8, 218)
(299, 21, 0, 70, 42)
(7, 53, 3, 9, 177)
(258, 135, 0, 0, 19)
(257, 223, 3, 1, 101)
(25, 149, 8, 0, 102)
(126, 190, 2, 8, 86)
(250, 0, 4, 9, 181)
(202, 207, 26, 0, 170)
(299, 139, 0, 93, 124)
(229, 30, 5, 7, 141)
(224, 121, 40, 0, 67)
(205, 163, 3, 6, 229)
(281, 135, 11, 1, 200)
(72, 203, 11, 2, 187)
(299, 141, 0, 27, 100)
(228, 78, 0, 57, 139)
(299, 189, 0, 31, 86)
(221, 70, 15, 3, 141)
(225, 128, 5, 13, 237)
(299, 82, 0, 69, 116)
(151, 208, 7, 7, 244)
(217, 192, 0, 49, 232)
(155, 76, 3, 9, 118)
(265, 176, 7, 3, 206)
(179, 190, 0, 0, 40)
(111, 189, 2, 12, 109)
(145, 116, 13, 6, 81)
(198, 67, 12, 2, 130)
(246, 142, 0, 28, 92)
(246, 139, 20, 2, 222)
(201, 61, 16, 4, 200)
(52, 224, 133, 0, 193)
(211, 43, 2, 30, 190)
(235, 197, 7, 9, 197)
(295, 178, 4, 4, 201)
(299, 178, 0, 0, 246)
(109, 222, 78, 0, 225)
(163, 28, 28, 0, 0)
(288, 223, 7, 2, 130)
(272, 200, 13, 1, 188)
(284, 149, 6, 4, 209)
(194, 154, 4, 8, 80)
(243, 150, 5, 4, 178)
(221, 150, 7, 3, 199)
(240, 203, 10, 1, 202)
(211, 118, 1, 7, 188)
(199, 173, 7, 1, 187)
(282, 68, 4, 4, 223)
(286, 200, 5, 3, 207)
(268, 139, 24, 2, 166)
(281, 157, 5, 1, 165)
(235, 179, 32, 2, 231)
(104, 149, 9, 3, 60)
(299, 208, 0, 0, 220)
(120, 116, 26, 1, 203)
(179, 205, 49, 0, 233)
(291, 152, 6, 1, 176)
(292, 219, 1, 1, 109)
(65, 60, 0, 19, 155)
(150, 49, 0, 37, 93)
(79, 224, 1, 0, 83)
(297, 46, 2, 3, 216)
(206, 186, 6, 3, 252)
(273, 167, 4, 2, 188)
(165, 94, 27, 4, 123)
(252, 154, 0, 65, 255)
(154, 50, 9, 5, 154)
(53, 157, 12, 7, 174)
(230, 109, 3, 7, 172)
(173, 75, 11, 9, 122)
(39, 119, 0, 97, 174)
(171, 64, 26, 1, 107)
(277, 197, 12, 1, 210)
(143, 159, 2, 5, 138)
(277, 208, 22, 0, 79)
(102, 183, 95, 0, 91)
(259, 29, 4, 7, 171)
(176, 178, 3, 4, 137)
(188, 33, 11, 5, 235)
(275, 174, 0, 0, 4)
(169, 17, 20, 12, 232)
(0, 0, 0, 171, 100)
(185, 204, 7, 3, 234)
(90, 70, 4, 5, 206)
(273, 224, 0, 0, 142)
(49, 176, 17, 1, 101)
(221, 176, 28, 0, 75)
(162, 183, 3, 4, 99)
(165, 213, 5, 42, 203)
(285, 136, 0, 47, 117)
(58, 224, 86, 0, 221)
(30, 12, 8, 25, 204)
(27, 11, 51, 11, 205)
(282, 185, 0, 14, 10)
(175, 178, 0, 3, 38)
(260, 142, 5, 3, 247)
(236, 121, 1, 9, 240)
(51, 180, 23, 0, 232)
(249, 176, 8, 6, 232)
(151, 160, 3, 21, 246)
(299, 110, 0, 27, 114)
(165, 157, 4, 1, 167)
(49, 157, 4, 8, 120)
(244, 205, 43, 1, 172)
(274, 102, 2, 6, 150)
(141, 220, 20, 3, 208)
(68, 116, 16, 1, 112)
(136, 0, 3, 12, 203)
(13, 176, 10, 11, 81)
(271, 215, 24, 0, 48)
(101, 224, 0, 0, 221)
(123, 207, 5, 5, 153)
(246, 2, 2, 2, 144)
(230, 48, 6, 12, 195)
(250, 180, 23, 0, 63)
(120, 203, 22, 2, 222)
(253, 224, 24, 0, 56)
(196, 111, 13, 1, 157)
(120, 84, 6, 3, 219)
(69, 92, 5, 4, 63)
(287, 184, 0, 16, 101)
(193, 146, 5, 5, 202)
(278, 53, 4, 18, 182)
(13, 108, 7, 6, 62)
(102, 187, 8, 3, 209)
(0, 185, 179, 0, 78)
(278, 211, 4, 4, 156)
(283, 93, 0, 113, 187)
(84, 33, 9, 2, 204)
(299, 220, 0, 8, 249)
(299, 196, 0, 0, 162)
(299, 224, 0, 0, 87)
(208, 157, 3, 3, 214)
(19, 176, 0, 29, 81)
(97, 92, 7, 9, 141)
(258, 195, 13, 2, 182)
(11, 54, 18, 5, 126)
(0, 163, 26, 0, 236)
(245, 143, 5, 1, 128)
(257, 123, 18, 3, 207)
(292, 110, 7, 6, 212)
(201, 160, 49, 0, 176)
(128, 200, 4, 4, 173)
(299, 224, 0, 0, 120)
(262, 190, 0, 4, 177)
(126, 215, 28, 0, 157)
(168, 222, 0, 0, 101)
(68, 59, 3, 5, 102)
(260, 172, 13, 0, 255)
(267, 134, 0, 74, 96)
(118, 201, 3, 3, 197)
(114, 190, 170, 0, 173)
(86, 196, 173, 0, 21)
(99, 189, 14, 0, 137)
(280, 88, 5, 3, 190)
(299, 213, 0, 1, 143)
(299, 55, 0, 105, 152)
(49, 106, 10, 10, 201)
(270, 150, 14, 0, 255)
(257, 125, 7, 7, 198)
(250, 132, 0, 1, 231)
(257, 14, 3, 41, 192)
(189, 154, 6, 10, 122)
(299, 13, 0, 61, 210)
(131, 204, 7, 6, 179)
(13, 85, 7, 1, 48)
(276, 172, 0, 7, 40)
(0, 70, 9, 10, 69)
(296, 218, 3, 0, 87)
(207, 206, 11, 9, 208)
(276, 116, 8, 1, 199)
(221, 27, 9, 10, 184)
(273, 223, 2, 3, 139)
(274, 98, 0, 1, 119)
(9, 100, 7, 5, 145)
(143, 106, 0, 108, 252)
(219, 62, 5, 5, 140)
(202, 190, 18, 1, 216)
(192, 148, 2, 12, 181)
(105, 186, 109, 0, 169)
(287, 217, 3, 3, 116)
(107, 50, 2, 8, 149)
(237, 96, 4, 3, 228)
(180, 193, 12, 3, 114)
(279, 148, 4, 4, 168)
(271, 74, 0, 0, 0)
(199, 122, 2, 20, 148)
(244, 64, 3, 2, 143)
(97, 65, 1, 12, 101)
(78, 111, 0, 19, 46)
(243, 185, 2, 3, 212)
(299, 207, 0, 9, 219)
(154, 94, 5, 2, 199)
(201, 37, 5, 14, 130)
(299, 120, 0, 91, 186)
(240, 151, 0, 31, 165)
(78, 206, 6, 0, 99)
(299, 224, 0, 0, 115)
(38, 205, 10, 14, 207)
(24, 44, 8, 9, 193)
(124, 179, 1, 6, 123)
(265, 168, 9, 1, 234)
(61, 139, 41, 3, 223)
(299, 201, 0, 0, 234)
(254, 182, 23, 2, 194)
(259, 167, 12, 1, 231)
(162, 0, 22, 8, 220)
(56, 224, 120, 0, 111)
(283, 166, 2, 2, 194)
(49, 188, 21, 4, 192)
(250, 48, 3, 7, 226)
(292, 171, 0, 12, 34)
(285, 86, 14, 0, 3)
(233, 161, 14, 0, 15)
(207, 189, 3, 3, 168)
(130, 207, 2, 12, 217)
(263, 155, 7, 1, 172)
(109, 224, 148, 0, 50)
(125, 224, 15, 0, 135)
(173, 197, 0, 0, 21)
(285, 207, 4, 3, 173)
(232, 156, 3, 2, 152)
(299, 172, 0, 0, 102)
(74, 182, 10, 8, 86)
(15, 88, 12, 3, 168)
(239, 192, 13, 5, 173)
(101, 158, 13, 1, 180)
(299, 18, 0, 17, 68)
(263, 108, 10, 3, 212)
(21, 164, 182, 0, 253)
(250, 66, 35, 1, 185)
(186, 102, 1, 26, 123)
(252, 219, 7, 1, 163)
(270, 161, 8, 2, 191)
(262, 214, 0, 0, 211)
(0, 220, 3, 4, 197)
(251, 183, 48, 0, 246)
(275, 45, 2, 2, 174)
(296, 134, 4, 1, 224)
(140, 89, 0, 14, 16)
(205, 151, 4, 7, 243)
(78, 172, 10, 2, 222)
(101, 205, 0, 0, 152)
(266, 112, 3, 19, 225)
(299, 146, 0, 10, 215)
(292, 187, 1, 4, 142)
(254, 204, 15, 1, 161)
(27, 146, 9, 9, 153)
(24, 210, 203, 0, 42)
(135, 11, 1, 5, 197)
(109, 100, 57, 0, 77)
(239, 148, 3, 2, 170)
(261, 194, 11, 1, 196)
(197, 106, 11, 3, 113)
(108, 163, 12, 1, 89)
(285, 43, 4, 4, 203)
(226, 195, 31, 0, 112)
(157, 124, 5, 8, 129)
(35, 14, 134, 0, 99)
(117, 194, 101, 0, 146)
(258, 224, 35, 0, 81)
(95, 184, 25, 0, 133)
(278, 222, 0, 2, 32)
(248, 159, 33, 1, 175)
(114, 139, 24, 3, 122)
(114, 224, 6, 0, 64)
(80, 86, 2, 12, 102)
(267, 184, 6, 1, 219)
(83, 67, 4, 24, 145)
(179, 127, 6, 10, 108)
(299, 211, 16, 2, 148)
(299, 147, 0, 30, 0)
(91, 220, 0, 3, 121)
(242, 212, 1, 2, 205)
(61, 148, 5, 2, 105)
(299, 217, 0, 0, 38)
(0, 203, 12, 0, 157)
(168, 211, 8, 8, 225)
(261, 214, 21, 0, 250)
(282, 202, 4, 7, 165)
(240, 101, 20, 2, 209)
(221, 224, 54, 0, 118)
(286, 192, 0, 0, 11)
(281, 132, 0, 88, 237)
(297, 65, 3, 2, 175)
(254, 224, 1, 4, 172)
(243, 224, 56, 0, 157)
(246, 141, 5, 1, 223)
(101, 44, 2, 6, 197)
(261, 26, 0, 178, 89)
(4, 53, 1, 13, 87)
(187, 61, 0, 74, 45)
(120, 133, 7, 3, 183)
(207, 205, 78, 0, 211)
(73, 188, 42, 0, 107)
(92, 175, 27, 2, 179)
(78, 191, 176, 0, 33)
(180, 203, 3, 1, 105)
(65, 217, 34, 0, 0)
(115, 0, 0, 0, 38)
(255, 65, 4, 16, 166)
(299, 171, 0, 43, 36)
(255, 130, 10, 6, 186)
(299, 156, 0, 9, 186)
(61, 182, 45, 2, 81)
(114, 70, 16, 9, 172)
(190, 81, 16, 2, 138)
(268, 145, 3, 10, 222)
(124, 31, 2, 7, 203)
(299, 97, 0, 0, 56)
(280, 224, 0, 5, 241)
(272, 47, 0, 136, 180)
(125, 178, 2, 10, 232)
(171, 35, 9, 24, 178)
(90, 48, 2, 4, 204)
(159, 200, 1, 6, 209)
(220, 207, 26, 0, 145)
(96, 201, 4, 1, 188)
(275, 104, 22, 0, 39)
(193, 192, 3, 5, 240)
(139, 109, 2, 11, 141)
(153, 87, 1, 32, 111)
(0, 202, 23, 0, 6)
(150, 37, 20, 8, 203)
(285, 165, 0, 34, 50)
(299, 184, 0, 0, 252)
(272, 107, 5, 2, 191)
(145, 118, 114, 0, 170)
(259, 191, 0, 21, 122)
(250, 13, 0, 112, 104)
(283, 200, 31, 0, 105)
(250, 209, 2, 6, 193)
(192, 224, 6, 0, 173)
(280, 224, 0, 6, 64)
(273, 49, 0, 11, 108)
(279, 187, 5, 3, 193)
(179, 150, 0, 63, 21)
(230, 184, 0, 2, 193)
(166, 224, 54, 0, 1)
(108, 224, 40, 0, 176)
(299, 90, 0, 92, 108)
(0, 202, 6, 12, 181)
(174, 85, 6, 13, 146)
(12, 181, 6, 1, 209)
(236, 212, 31, 0, 108)
(0, 206, 138, 0, 74)
(288, 194, 0, 0, 227)
(6, 195, 48, 3, 210)
(137, 35, 13, 4, 137)
(203, 156, 3, 3, 96)
(299, 170, 0, 0, 27)
(269, 38, 0, 0, 0)
(287, 142, 1, 5, 113)
(171, 174, 53, 0, 241)
(237, 224, 35, 0, 9)
(279, 202, 4, 1, 169)
(124, 199, 2, 1, 99)
(20, 191, 4, 6, 208)
(280, 37, 0, 149, 130)
(128, 185, 1, 8, 177)
(299, 224, 0, 12, 20)
(214, 153, 9, 10, 104)
(194, 202, 2, 4, 210)
(50, 91, 69, 0, 212)
(250, 29, 2, 5, 225)
(149, 194, 3, 2, 232)
(87, 112, 7, 10, 184)
(271, 0, 0, 166, 145)
(132, 27, 9, 7, 187)
(104, 217, 9, 2, 221)
(173, 182, 0, 0, 143)
(230, 215, 29, 0, 157)
(137, 199, 11, 2, 129)
(99, 132, 10, 2, 154)
(264, 0, 0, 10, 139)
(276, 132, 10, 3, 212)
(119, 197, 0, 23, 204)
(237, 197, 20, 1, 201)
(150, 44, 2, 18, 160)
(297, 78, 0, 106, 17)
(288, 51, 7, 13, 205)
(299, 122, 0, 27, 52)
(254, 118, 0, 0, 35)
(236, 110, 2, 4, 156)
(299, 224, 0, 0, 22)
(109, 183, 2, 2, 109)
(299, 122, 0, 102, 87)
(299, 180, 0, 0, 236)
(4, 197, 43, 0, 18)
(299, 212, 0, 21, 61)
(94, 151, 0, 0, 162)
(298, 224, 1, 1, 97)
(152, 173, 125, 0, 179)
(215, 193, 1, 5, 162)
(179, 152, 12, 5, 94)
(282, 85, 4, 2, 127)
(276, 196, 17, 1, 195)
(287, 203, 0, 11, 226)
(287, 223, 1, 10, 142)
(237, 224, 6, 16, 142)
(145, 219, 42, 0, 60)
(106, 222, 19, 2, 195)
(299, 180, 0, 0, 165)
(0, 123, 8, 6, 187)
(279, 88, 4, 0, 34)
(294, 195, 4, 5, 170)
(280, 24, 0, 13, 150)
(244, 223, 1, 3, 168)
(271, 184, 0, 20, 132)
(81, 224, 0, 0, 246)
(170, 164, 4, 7, 232)
(124, 134, 22, 0, 160)
(118, 213, 17, 2, 204)
(269, 56, 0, 170, 141)
(298, 0, 3, 4, 147)
(248, 109, 0, 39, 21)
(229, 204, 3, 3, 204)
(60, 143, 36, 0, 11)
(223, 224, 9, 0, 171)
(131, 120, 91, 0, 10)
(132, 29, 2, 9, 200)
(249, 212, 53, 0, 169)
(292, 136, 7, 6, 202)
(91, 61, 75, 0, 182)
(219, 36, 3, 9, 170)
(78, 224, 149, 0, 79)
(64, 127, 5, 6, 118)
(216, 107, 2, 3, 123)
(289, 224, 4, 0, 120)
(269, 143, 4, 1, 174)
(16, 216, 13, 5, 169)
(158, 203, 5, 2, 238)
(269, 224, 0, 0, 187)
(216, 189, 7, 10, 216)
(61, 81, 0, 82, 102)
(270, 100, 0, 0, 70)
(270, 27, 0, 101, 207)
(217, 67, 4, 18, 201)
(156, 144, 3, 28, 110)
(0, 224, 104, 0, 218)
(210, 181, 0, 4, 139)
(274, 177, 7, 3, 220)
(293, 28, 5, 1, 220)
(197, 85, 5, 11, 113)
(170, 187, 3, 5, 102)
(85, 203, 162, 0, 105)
(239, 224, 60, 0, 167)
(175, 219, 78, 0, 112)
(263, 193, 22, 1, 172)
(167, 173, 0, 15, 150)
(152, 156, 7, 7, 156)
(282, 29, 5, 7, 149)
(209, 13, 0, 37, 125)
(299, 142, 0, 0, 76)
(298, 59, 2, 6, 216)
(211, 176, 19, 5, 244)
(56, 224, 119, 0, 37)
(233, 224, 0, 0, 254)
(177, 140, 3, 6, 158)
(257, 56, 0, 72, 7)
(288, 69, 6, 7, 176)
(209, 210, 2, 0, 69)
(268, 173, 3, 3, 219)
(269, 102, 1, 5, 249)
(256, 55, 6, 8, 233)
(132, 53, 3, 10, 207)
(287, 121, 0, 7, 151)
(183, 224, 3, 11, 158)
(280, 179, 4, 9, 211)
(78, 224, 6, 1, 211)
(232, 143, 0, 19, 18)
(299, 49, 0, 29, 86)
(293, 112, 0, 26, 223)
(249, 224, 1, 15, 81)
(106, 220, 126, 0, 43)
(299, 120, 0, 89, 155)
(275, 211, 25, 0, 249)
(222, 162, 1, 1, 216)
(158, 74, 33, 2, 140)
(299, 129, 0, 20, 129)
(197, 113, 3, 3, 167)
(90, 136, 3, 3, 102)
(293, 30, 2, 4, 134)
(275, 20, 7, 10, 161)
(299, 38, 0, 176, 252)
(213, 83, 5, 2, 163)
(106, 217, 27, 0, 198)
(275, 0, 0, 153, 26)
(271, 224, 28, 0, 16)
(211, 141, 22, 3, 250)
(39, 28, 5, 8, 132)
(289, 212, 0, 12, 67)
(55, 186, 33, 0, 82)
(82, 219, 5, 3, 176)
(152, 83, 140, 0, 123)
(284, 116, 2, 2, 225)
(293, 224, 0, 0, 186)
(173, 209, 15, 1, 213)
(270, 65, 12, 3, 188)
(145, 169, 152, 0, 92)
(61, 186, 21, 1, 97)
(299, 212, 0, 11, 153)
(218, 224, 52, 0, 150)
(218, 185, 0, 0, 41)
(109, 224, 190, 0, 15)
(171, 203, 9, 0, 200)
(172, 200, 5, 2, 246)
(299, 192, 0, 15, 92)
(299, 75, 0, 46, 25)
(240, 170, 0, 4, 106)
(153, 224, 108, 0, 236)
(223, 167, 0, 0, 104)
(40, 208, 10, 3, 199)
(287, 143, 0, 3, 31)
(272, 121, 7, 3, 171)
(158, 109, 1, 25, 114)
(235, 12, 3, 17, 181)
(197, 222, 17, 1, 177)
(298, 135, 4, 3, 175)
(278, 68, 2, 2, 217)
(22, 221, 4, 2, 222)
(162, 194, 89, 0, 30)
(299, 80, 0, 107, 230)
(275, 0, 1, 24, 178)
(0, 149, 7, 8, 59)
(299, 132, 0, 14, 100)
(236, 100, 0, 43, 14)
(276, 0, 0, 22, 227)
(130, 100, 7, 5, 83)
(239, 159, 1, 3, 96)
(246, 221, 1, 3, 119)
(84, 224, 70, 0, 76)
(273, 162, 4, 1, 244)
(299, 165, 0, 35, 157)
(213, 59, 2, 5, 245)
(260, 168, 0, 36, 174)
(187, 109, 9, 3, 103)
(264, 28, 0, 71, 3)
(124, 148, 0, 13, 27)
(124, 175, 25, 0, 84)
(116, 67, 2, 2, 190)
(282, 100, 0, 0, 130)
(141, 209, 0, 8, 236)
(296, 95, 3, 6, 223)
(252, 120, 1, 5, 152)
(255, 208, 0, 0, 233)
(230, 197, 68, 0, 110)
(261, 215, 2, 2, 232)
(0, 223, 246, 0, 15)
(299, 104, 0, 45, 214)
(286, 12, 1, 6, 226)
(299, 224, 0, 0, 103)
(250, 101, 36, 0, 123)
(44, 221, 12, 3, 181)
(273, 139, 0, 85, 8)
(237, 155, 7, 2, 209)
(263, 63, 0, 4, 207)
(91, 128, 17, 2, 160)
(7, 188, 222, 0, 241)
(284, 176, 17, 0, 0)
(54, 3, 132, 0, 164)
(4, 220, 93, 0, 216)
(216, 222, 3, 2, 154)
(163, 53, 43, 0, 191)
(283, 142, 1, 14, 214)
(196, 207, 9, 3, 212)
(213, 144, 12, 4, 242)
(264, 76, 5, 2, 170)
(239, 58, 0, 56, 106)
(123, 121, 0, 45, 57)
(277, 124, 0, 0, 166)
(255, 17, 0, 99, 140)
(168, 67, 0, 7, 139)
(279, 205, 0, 0, 83)
(265, 119, 0, 0, 139)
(281, 224, 0, 0, 24)
(276, 223, 0, 0, 122)
(275, 118, 10, 2, 213)
(50, 117, 16, 4, 197)
(232, 224, 55, 0, 46)
(273, 197, 3, 4, 187)
(159, 154, 94, 0, 106)
(31, 40, 1, 26, 153)
(8, 197, 239, 0, 148)
(262, 153, 2, 3, 158)
(268, 181, 0, 25, 159)
(294, 184, 1, 16, 171)
(93, 224, 172, 0, 111)
(179, 201, 0, 0, 76)
(148, 216, 19, 5, 209)
(278, 150, 6, 1, 115)
(299, 35, 0, 11, 28)
(177, 159, 11, 4, 57)
(260, 85, 1, 13, 170)
(165, 196, 3, 1, 228)
(215, 110, 2, 15, 105)
(102, 63, 4, 10, 112)
(260, 198, 12, 1, 196)
(164, 146, 2, 7, 93)
(269, 39, 0, 67, 139)
(299, 129, 0, 85, 105)
(249, 38, 2, 2, 122)
(288, 96, 1, 18, 156)
(122, 44, 2, 5, 188)
(185, 73, 1, 54, 129)
(84, 223, 52, 0, 32)
(133, 224, 7, 5, 179)
(299, 194, 0, 16, 183)
(203, 224, 0, 1, 105)
(271, 131, 2, 1, 245)
(183, 205, 0, 0, 120)
(282, 179, 8, 2, 182)
(276, 200, 0, 5, 96)
(0, 223, 51, 0, 11)
(263, 97, 0, 69, 201)
(259, 47, 6, 2, 191)
(175, 151, 5, 3, 247)
(299, 54, 0, 6, 29)
(187, 215, 16, 0, 162)
(240, 224, 18, 0, 0)
(189, 53, 5, 6, 159)
(299, 175, 0, 33, 188)
(95, 31, 2, 21, 97)
(280, 224, 18, 0, 104)
(162, 171, 32, 0, 187)
(55, 90, 6, 10, 163)
(31, 122, 7, 22, 198)
(203, 221, 88, 0, 253)
(256, 162, 0, 0, 187)
(280, 58, 3, 11, 201)
(299, 224, 2, 0, 199)
(212, 202, 1, 7, 213)
(298, 11, 3, 8, 166)
(151, 120, 1, 8, 97)
(0, 112, 88, 0, 15)
(177, 129, 2, 12, 131)
(162, 48, 1, 42, 163)
(176, 94, 0, 0, 162)
(132, 162, 1, 8, 249)
(42, 154, 25, 2, 205)
(299, 172, 0, 29, 228)
(172, 204, 53, 0, 12)
(80, 218, 15, 6, 179)
(254, 144, 0, 67, 25)
(274, 148, 0, 36, 203)
(198, 180, 3, 7, 201)
(295, 18, 0, 39, 130)
(142, 80, 9, 4, 156)
(237, 203, 12, 0, 203)
(254, 173, 8, 1, 150)
(13, 193, 4, 4, 192)
(229, 224, 7, 0, 128)
(288, 212, 0, 0, 125)
(94, 211, 105, 0, 61)
(211, 224, 15, 0, 118)
(158, 210, 111, 0, 235)
(11, 224, 184, 0, 149)
(9, 224, 120, 0, 204)
(3, 213, 167, 0, 171)
(229, 83, 11, 0, 186)
(209, 223, 2, 1, 197)
(217, 0, 16, 24, 228)
(0, 181, 66, 0, 224)
(60, 224, 145, 0, 0)
(75, 169, 16, 2, 246)
(14, 176, 72, 0, 89)
(288, 218, 10, 1, 111)
(164, 48, 12, 4, 205)
(124, 224, 1, 0, 192)
(212, 34, 3, 9, 210)
(31, 215, 107, 0, 100)
(236, 81, 22, 2, 187)
(230, 160, 0, 0, 126)
(289, 88, 6, 3, 135)
(223, 135, 9, 5, 227)
(281, 212, 0, 1, 255)
(293, 91, 9, 2, 164)
(142, 98, 0, 13, 133)
(208, 220, 20, 1, 175)
(133, 72, 2, 12, 84)
(107, 184, 73, 0, 105)
(100, 224, 44, 0, 3)
(182, 150, 3, 6, 118)
(7, 224, 213, 0, 114)
(234, 184, 0, 17, 157)
(157, 224, 155, 0, 145)
(265, 69, 0, 98, 207)
(272, 173, 0, 0, 182)
(221, 182, 21, 2, 222)
(210, 150, 4, 4, 110)
(122, 194, 66, 0, 25)
(118, 101, 198, 0, 158)
(281, 3, 0, 0, 255)
(230, 63, 0, 29, 184)
(133, 144, 48, 0, 249)
(254, 23, 1, 16, 211)
(292, 216, 5, 1, 151)
(289, 224, 0, 0, 85)
(94, 73, 4, 3, 118)
(264, 214, 27, 1, 155)
(288, 52, 0, 94, 128)
(273, 219, 1, 0, 110)
(224, 81, 6, 0, 215)
(299, 224, 0, 0, 122)
(138, 190, 20, 1, 101)
(178, 183, 1, 6, 232)
(99, 180, 9, 1, 187)
(236, 210, 1, 7, 176)
(194, 224, 24, 0, 202)
(299, 132, 0, 48, 37)
(298, 94, 1, 15, 217)
(0, 190, 16, 1, 109)
(264, 192, 35, 0, 52)
(140, 224, 0, 0, 164)
(243, 224, 2, 0, 240)
(148, 214, 29, 0, 145)
(276, 198, 0, 11, 0)
(249, 144, 26, 1, 246)
(169, 203, 7, 1, 181)
(101, 203, 9, 2, 79)
(1, 224, 5, 2, 60)
(192, 166, 15, 0, 0)
(44, 166, 178, 0, 255)
(267, 189, 8, 1, 167)
(233, 194, 0, 2, 184)
(292, 148, 1, 12, 176)
(267, 180, 0, 21, 9)
(116, 224, 8, 0, 138)
(230, 128, 0, 5, 0)
(37, 122, 75, 0, 255)
(81, 181, 117, 0, 17)
(142, 163, 0, 27, 162)
(164, 193, 104, 0, 77)
(105, 151, 194, 0, 12)
(245, 172, 11, 2, 202)
(93, 67, 3, 4, 212)
(294, 2, 0, 84, 210)
(299, 219, 14, 2, 113)
(229, 205, 0, 0, 141)
(299, 6, 0, 75, 164)
(124, 143, 8, 2, 137)
(285, 106, 14, 2, 201)
(299, 166, 0, 0, 201)
(171, 194, 1, 2, 235)
(299, 23, 0, 86, 0)
(299, 224, 0, 0, 67)
(207, 98, 23, 3, 128)
(190, 78, 23, 2, 91)
(158, 111, 103, 0, 192)
(249, 146, 7, 2, 175)
(153, 203, 11, 0, 156)
(165, 154, 3, 20, 172)
(299, 87, 0, 86, 30)
(256, 80, 33, 1, 206)
(65, 54, 1, 20, 174)
(271, 201, 3, 2, 165)
(246, 129, 6, 1, 227)
(82, 189, 151, 0, 158)
(287, 185, 0, 3, 14)
(42, 96, 3, 17, 200)
(120, 123, 39, 0, 61)
(213, 204, 0, 0, 249)
(276, 39, 0, 4, 159)
(259, 165, 12, 0, 152)
(299, 224, 0, 0, 221)
(242, 67, 0, 80, 156)
(263, 158, 0, 0, 173)
(204, 78, 2, 20, 128)
(19, 64, 5, 20, 161)
(275, 109, 13, 0, 173)
(223, 152, 0, 30, 207)
(140, 139, 89, 0, 193)
(52, 96, 6, 7, 120)
(136, 99, 48, 0, 86)
(82, 157, 6, 4, 50)
(285, 12, 14, 0, 89)
(276, 145, 8, 3, 219)
(245, 156, 0, 1, 156)
(262, 195, 4, 1, 186)
(132, 204, 35, 0, 209)
(299, 199, 0, 11, 127)
(198, 52, 3, 6, 113)
(71, 204, 156, 0, 37)
(174, 204, 8, 2, 175)
(281, 224, 18, 0, 167)
(163, 132, 2, 8, 238)
(273, 185, 4, 6, 181)
(268, 204, 3, 1, 191)
(299, 39, 1, 8, 223)
(234, 89, 4, 16, 201)
(259, 0, 0, 119, 56)
(284, 98, 5, 3, 197)
(266, 222, 0, 0, 161)
(42, 178, 15, 3, 190)
(40, 80, 15, 3, 210)
(290, 213, 9, 1, 169)
(299, 91, 0, 102, 169)
(297, 13, 0, 86, 21)
(208, 71, 4, 2, 235)
(193, 154, 106, 0, 43)
(274, 197, 0, 27, 208)
(166, 191, 82, 0, 108)
(180, 221, 24, 1, 207)
(215, 145, 2, 10, 236)
(299, 97, 0, 82, 0)
(195, 224, 5, 1, 162)
(292, 197, 0, 0, 81)
(299, 192, 20, 9, 161)
(195, 202, 7, 5, 228)
(253, 107, 2, 15, 210)
(242, 56, 5, 2, 226)
(270, 192, 0, 0, 169)
(294, 183, 6, 1, 178)
(44, 191, 0, 0, 255)
(119, 201, 12, 1, 214)
(283, 5, 10, 8, 158)
(229, 214, 32, 0, 204)
(145, 224, 146, 0, 118)
(286, 224, 0, 0, 244)
(217, 75, 15, 3, 209)
(232, 188, 0, 10, 137)
(42, 198, 0, 21, 0)
(93, 112, 1, 14, 205)
(104, 39, 9, 9, 95)
(239, 16, 5, 2, 215)
(252, 28, 1, 7, 154)
(231, 27, 3, 19, 151)
(71, 153, 6, 4, 94)
(193, 217, 29, 1, 196)
(153, 60, 3, 12, 139)
(248, 9, 2, 28, 202)
(295, 216, 22, 2, 133)
(232, 59, 4, 5, 148)
(222, 224, 65, 0, 118)
(150, 80, 2, 4, 97)
(129, 224, 109, 0, 20)
(174, 102, 1, 6, 209)
(299, 106, 20, 0, 140)
(160, 213, 9, 1, 120)
(13, 224, 151, 0, 145)
(274, 166, 1, 3, 186)
(251, 183, 1, 2, 202)
(247, 196, 3, 1, 205)
(250, 169, 0, 0, 180)
(180, 195, 106, 0, 130)
(208, 208, 11, 0, 183)
(149, 148, 59, 0, 86)
(292, 222, 3, 2, 128)
(299, 186, 0, 0, 44)
(179, 190, 1, 11, 134)
(213, 218, 33, 0, 80)
(78, 224, 178, 0, 37)
(265, 134, 0, 0, 159)
(176, 148, 3, 9, 249)
(61, 224, 51, 0, 180)
(299, 185, 11, 6, 150)
(299, 78, 0, 33, 53)
(97, 224, 101, 0, 240)
(256, 168, 9, 2, 181)
(299, 181, 10, 2, 184)
(150, 91, 2, 11, 181)
(216, 224, 11, 0, 180)
(69, 168, 3, 2, 86)
(174, 224, 42, 0, 127)
(235, 19, 9, 4, 146)
(159, 213, 2, 1, 215)
(208, 223, 8, 1, 191)
(238, 138, 16, 1, 158)
(299, 215, 0, 0, 148)
(48, 31, 20, 9, 188)
(298, 105, 0, 124, 138)
(281, 45, 0, 111, 167)
(251, 65, 0, 36, 217)
(129, 145, 2, 24, 85)
(78, 153, 32, 0, 112)
(299, 173, 0, 26, 141)
(176, 224, 99, 0, 43)
(214, 199, 6, 2, 210)
(148, 224, 0, 0, 31)
(271, 217, 14, 1, 157)
(144, 64, 6, 5, 105)
(249, 172, 0, 0, 167)
(295, 202, 0, 19, 50)
(227, 183, 25, 0, 202)
(50, 32, 6, 22, 170)
(292, 83, 5, 3, 220)
(0, 224, 166, 0, 141)
(168, 208, 73, 0, 34)
(195, 165, 9, 4, 254)
(73, 167, 9, 2, 201)
(284, 162, 0, 62, 180)
(289, 224, 10, 0, 57)
(3, 147, 69, 0, 166)
(263, 216, 26, 0, 255)
(263, 86, 1, 16, 198)
(142, 209, 26, 0, 177)
(299, 110, 0, 0, 36)
(97, 150, 6, 8, 171)
(58, 191, 110, 0, 38)
(79, 7, 0, 118, 116)
(169, 127, 1, 12, 93)
(212, 151, 61, 0, 155)
(262, 224, 60, 0, 135)
(65, 194, 141, 0, 186)
(286, 35, 1, 26, 198)
(288, 201, 1, 2, 182)
(202, 115, 4, 8, 92)
(299, 224, 0, 0, 74)
(267, 46, 2, 1, 211)
(161, 86, 138, 0, 17)
(76, 17, 0, 88, 128)
(271, 76, 7, 6, 213)
(135, 205, 30, 0, 206)
(105, 120, 3, 14, 169)
(247, 179, 0, 3, 69)
(137, 148, 6, 13, 235)
(299, 176, 0, 10, 206)
(277, 217, 22, 0, 0)
(178, 224, 109, 0, 105)
(235, 181, 4, 5, 224)
(299, 137, 0, 45, 30)
(254, 119, 3, 2, 199)
(262, 99, 0, 30, 34)
(152, 108, 6, 6, 136)
(167, 211, 8, 2, 239)
(278, 50, 8, 4, 208)
(298, 177, 0, 15, 211)
(292, 211, 0, 2, 47)
(23, 7, 51, 5, 200)
(291, 49, 6, 1, 214)
(280, 14, 0, 170, 204)
(110, 216, 96, 0, 153)
(299, 179, 0, 10, 43)
(3, 220, 9, 1, 209)
(263, 205, 0, 0, 187)
(182, 0, 24, 7, 222)
(117, 148, 11, 7, 189)
(289, 206, 0, 0, 66)
(268, 139, 0, 0, 59)
(229, 91, 6, 4, 229)
(179, 197, 0, 0, 43)
(71, 224, 75, 0, 0)
(288, 216, 1, 8, 124)
(283, 37, 0, 0, 163)
(93, 88, 4, 4, 103)
(158, 171, 7, 3, 134)
(155, 160, 1, 14, 102)
(262, 147, 8, 1, 198)
(135, 104, 17, 5, 85)
(299, 222, 0, 0, 16)
(298, 18, 1, 2, 185)
(299, 197, 0, 0, 199)
(260, 28, 1, 19, 153)
(294, 116, 0, 43, 0)
(288, 49, 0, 36, 65)
(194, 224, 84, 0, 81)
(250, 99, 3, 8, 222)
(299, 224, 0, 0, 39)
(250, 223, 4, 1, 195)
(269, 87, 4, 4, 206)
(296, 0, 0, 98, 162)
(0, 224, 169, 0, 73)
(253, 168, 0, 53, 107)
(157, 183, 2, 2, 138)
(165, 168, 0, 5, 3)
(245, 99, 12, 2, 225)
(32, 105, 2, 0, 0)
(197, 203, 55, 0, 89)
(195, 130, 4, 1, 97)
(232, 161, 2, 4, 106)
(299, 180, 0, 44, 241)
(286, 224, 0, 0, 46)
(161, 189, 10, 0, 23)
(56, 164, 5, 4, 124)
(232, 223, 3, 1, 91)
(286, 77, 0, 115, 92)
(268, 157, 0, 27, 132)
(163, 218, 129, 0, 129)
(259, 191, 0, 0, 201)
(40, 224, 200, 0, 226)
(125, 24, 8, 5, 137)
(151, 148, 3, 8, 183)
(227, 224, 21, 0, 188)
(18, 206, 91, 0, 96)
(299, 29, 0, 6, 162)
(205, 199, 60, 0, 197)
(269, 48, 12, 1, 172)
(2, 203, 254, 0, 4)
(42, 127, 34, 1, 173)
(60, 180, 154, 0, 31)
(216, 83, 1, 11, 135)
(286, 223, 0, 1, 52)
(259, 224, 0, 0, 212)
(229, 101, 0, 73, 44)
(271, 126, 0, 9, 84)
(132, 209, 19, 1, 190)
(299, 210, 0, 0, 133)
(79, 224, 183, 0, 50)
(9, 114, 9, 12, 104)
(122, 224, 107, 0, 113)
(268, 204, 0, 2, 105)
(271, 49, 0, 57, 0)
(205, 222, 49, 0, 81)
(200, 93, 10, 2, 172)
(0, 224, 104, 0, 19)
(97, 31, 1, 9, 117)
(286, 32, 0, 111, 203)
(212, 204, 6, 2, 225)
(181, 176, 75, 1, 244)
(262, 215, 22, 0, 236)
(97, 130, 2, 14, 244)
(0, 209, 27, 0, 216)
(290, 170, 0, 0, 163)
(218, 121, 4, 2, 200)
(252, 19, 2, 8, 212)
(210, 43, 1, 33, 166)
(52, 181, 152, 0, 59)
(143, 51, 1, 14, 140)
(295, 169, 0, 13, 8)
(169, 187, 3, 3, 95)
(148, 170, 1, 17, 80)
(248, 4, 0, 30, 138)
(154, 157, 1, 9, 123)
(271, 55, 13, 1, 164)
(225, 221, 1, 3, 165)
(280, 0, 0, 224, 154)
(96, 147, 32, 1, 192)
(227, 224, 32, 0, 0)
(68, 174, 7, 1, 219)
(121, 127, 10, 6, 164)
(239, 151, 15, 0, 80)
(263, 224, 0, 0, 104)
(61, 191, 23, 1, 216)
(247, 1, 3, 6, 155)
(262, 190, 0, 0, 255)
(296, 125, 0, 43, 39)
(279, 192, 0, 0, 162)
(294, 198, 2, 2, 151)
(226, 178, 0, 0, 143)
(269, 128, 2, 4, 111)
(272, 168, 0, 51, 184)
(299, 212, 1, 1, 150)
(235, 166, 0, 19, 146)
(285, 8, 0, 132, 181)
(218, 130, 9, 2, 251)
(205, 16, 0, 158, 213)
(87, 224, 20, 0, 219)
(289, 196, 9, 0, 199)
(212, 8, 12, 5, 225)
(299, 189, 0, 0, 0)
(251, 185, 6, 1, 217)
(215, 224, 51, 0, 24)
(42, 159, 0, 65, 114)
(169, 212, 10, 1, 248)
(248, 84, 1, 16, 172)
(297, 157, 0, 37, 154)
(205, 204, 29, 0, 123)
(127, 224, 58, 0, 129)
(168, 143, 0, 17, 139)
(282, 73, 0, 28, 110)
(278, 32, 4, 11, 206)
(228, 156, 2, 6, 98)
(285, 61, 10, 0, 19)
(281, 105, 1, 3, 225)
(283, 73, 0, 21, 163)
(174, 172, 9, 3, 239)
(299, 202, 0, 30, 114)
(241, 145, 2, 4, 140)
(175, 185, 4, 1, 230)
(0, 0, 18, 6, 181)
(299, 176, 0, 11, 232)
(279, 196, 15, 0, 177)
(299, 27, 0, 59, 9)
(244, 165, 0, 18, 36)
(285, 2, 13, 4, 163)
(279, 212, 20, 0, 0)
(134, 189, 165, 0, 87)
(139, 208, 72, 0, 153)
(299, 15, 0, 132, 183)
(163, 40, 3, 35, 191)
(299, 177, 2, 0, 191)
(81, 223, 58, 0, 38)
(299, 166, 0, 58, 231)
(261, 138, 4, 1, 108)
(210, 204, 0, 5, 26)
(225, 224, 8, 0, 45)
(218, 148, 44, 0, 220)
(62, 179, 8, 3, 176)
(132, 194, 4, 4, 115)
(203, 198, 6, 5, 229)
(40, 192, 29, 3, 224)
(239, 215, 0, 0, 130)
(265, 11, 6, 3, 202)
(209, 104, 3, 1, 104)
(264, 205, 6, 1, 165)
(254, 212, 14, 0, 99)
(293, 208, 4, 1, 198)
(64, 66, 93, 0, 0)
(158, 163, 0, 1, 51)
(290, 39, 0, 116, 195)
(69, 224, 17, 0, 242)
(273, 46, 2, 21, 178)
(197, 150, 2, 3, 196)
(56, 166, 0, 35, 99)
(144, 0, 0, 0, 250)
(284, 115, 0, 0, 41)
(287, 210, 2, 2, 211)
(286, 166, 9, 4, 237)
(196, 180, 0, 6, 77)
(299, 198, 28, 2, 150)
(191, 224, 70, 0, 255)
(112, 208, 197, 0, 14)
(291, 9, 0, 127, 225)
(137, 139, 18, 2, 221)
(39, 178, 1, 3, 123)
(205, 40, 48, 0, 171)
(273, 215, 23, 0, 57)
(290, 143, 4, 2, 172)
(201, 186, 7, 4, 220)
(261, 106, 0, 3, 147)
(211, 184, 18, 1, 238)
(171, 174, 0, 18, 92)
(230, 220, 3, 3, 122)
(140, 212, 3, 2, 115)
(173, 39, 16, 2, 199)
(233, 148, 0, 0, 206)
(299, 91, 0, 100, 207)
(36, 224, 19, 0, 23)
(126, 219, 91, 0, 114)
(181, 178, 3, 5, 213)
(69, 143, 4, 1, 82)
(118, 78, 13, 3, 212)
(273, 104, 1, 4, 147)
(293, 0, 0, 130, 59)
(184, 186, 1, 10, 154)
(93, 194, 34, 0, 53)
(299, 0, 0, 0, 154)
(152, 184, 3, 3, 221)
(144, 0, 3, 5, 206)
(291, 44, 6, 2, 183)
(295, 125, 0, 88, 0)
(61, 144, 81, 0, 248)
(187, 219, 84, 0, 167)
(278, 223, 2, 2, 212)
(244, 193, 9, 0, 47)
(128, 224, 36, 0, 170)
(70, 212, 0, 0, 132)
(299, 224, 0, 3, 223)
(299, 190, 0, 34, 198)
(233, 178, 26, 4, 232)
(36, 209, 211, 0, 181)
(299, 224, 0, 0, 44)
(73, 140, 2, 8, 170)
(299, 219, 0, 0, 103)
(299, 224, 0, 0, 100)
(103, 134, 15, 5, 75)
(162, 131, 17, 0, 205)
(172, 203, 116, 0, 255)
(147, 144, 2, 5, 128)
(59, 213, 24, 2, 199)
(258, 88, 0, 141, 204)
(299, 220, 0, 19, 234)
(246, 123, 21, 0, 30)
(209, 224, 5, 0, 20)
(299, 170, 0, 0, 224)
(299, 17, 0, 74, 161)
(181, 153, 2, 5, 132)
(124, 67, 1, 14, 130)
(299, 33, 0, 30, 48)
(190, 126, 0, 16, 175)
(282, 74, 1, 6, 219)
(61, 220, 0, 7, 129)
(165, 81, 3, 4, 99)
(216, 189, 0, 27, 51)
(180, 185, 3, 2, 92)
(48, 86, 0, 19, 19)
(10, 217, 7, 2, 225)
(42, 213, 18, 0, 255)
(65, 128, 0, 53, 4)
(225, 106, 3, 10, 157)
(167, 191, 0, 0, 180)
(285, 115, 0, 107, 156)
(206, 145, 49, 0, 111)
(293, 224, 6, 0, 58)
(13, 219, 10, 2, 152)
(299, 161, 0, 46, 108)
(114, 148, 16, 3, 202)
(220, 208, 3, 8, 199)
(0, 52, 7, 4, 200)
(253, 224, 23, 0, 189)
(68, 224, 185, 0, 34)
(277, 203, 11, 0, 147)
(231, 222, 0, 0, 20)
(92, 224, 75, 0, 218)
(276, 220, 4, 1, 167)
(280, 120, 8, 2, 163)
(203, 110, 16, 1, 147)
(299, 84, 0, 42, 227)
(103, 121, 4, 2, 90)
(202, 158, 0, 9, 153)
(299, 109, 0, 26, 130)
(68, 224, 103, 0, 229)
(260, 195, 0, 26, 60)
(238, 127, 6, 3, 121)
(78, 204, 13, 1, 180)
(33, 68, 15, 9, 198)
(46, 219, 2, 3, 224)
(88, 22, 2, 10, 137)
(227, 34, 3, 14, 211)
(262, 110, 4, 8, 210)
(281, 138, 1, 4, 225)
(0, 82, 17, 9, 97)
(267, 224, 32, 0, 202)
(162, 185, 7, 2, 109)
(96, 24, 17, 7, 190)
(275, 90, 0, 2, 182)
(150, 215, 1, 9, 210)
(234, 187, 8, 3, 213)
(247, 224, 0, 0, 86)
(42, 209, 7, 0, 84)
(238, 194, 0, 24, 0)
(129, 15, 9, 5, 103)
(133, 95, 8, 4, 172)
(68, 199, 0, 0, 2)
(178, 128, 0, 0, 61)
(265, 69, 6, 7, 214)
(101, 210, 18, 0, 21)
(219, 152, 6, 1, 134)
(299, 17, 4, 0, 219)
(282, 195, 0, 8, 88)
(291, 194, 2, 0, 89)
(123, 116, 9, 6, 225)
(168, 210, 11, 0, 236)
(299, 159, 0, 42, 64)
(110, 221, 7, 5, 204)
(238, 152, 4, 4, 243)
(223, 175, 29, 0, 88)
(44, 56, 2, 6, 85)
(147, 113, 0, 46, 146)
(241, 219, 17, 0, 116)
(138, 76, 10, 12, 145)
(299, 183, 0, 0, 61)
(244, 92, 2, 5, 220)
(126, 191, 92, 0, 33)
(276, 30, 0, 41, 0)
(118, 184, 124, 0, 33)
(69, 200, 9, 3, 210)
(299, 211, 0, 4, 13)
(68, 168, 16, 0, 100)
(278, 114, 17, 2, 195)
(159, 210, 17, 0, 34)
(234, 170, 0, 15, 103)
(186, 173, 6, 1, 247)
(11, 224, 8, 11, 215)
(189, 105, 0, 119, 122)
(270, 83, 0, 103, 87)
(282, 0, 0, 16, 137)
(97, 199, 9, 2, 230)
(190, 105, 0, 26, 37)
(172, 116, 1, 5, 188)
(135, 183, 5, 9, 74)
(258, 214, 12, 0, 115)
(200, 92, 0, 52, 230)
(128, 140, 6, 2, 193)
(296, 166, 7, 5, 231)
(212, 224, 1, 8, 197)
(253, 155, 0, 17, 201)
(172, 101, 152, 0, 150)
(65, 39, 7, 18, 205)
(262, 216, 5, 0, 238)
(109, 93, 5, 8, 221)
(217, 132, 0, 1, 5)
(213, 224, 75, 0, 116)
(206, 207, 0, 0, 35)
(253, 75, 8, 3, 143)
(299, 169, 0, 0, 125)
(78, 120, 3, 5, 116)
(284, 222, 2, 0, 120)
(186, 224, 11, 0, 161)
(254, 218, 9, 1, 188)
(207, 207, 52, 0, 206)
(287, 98, 0, 17, 21)
(177, 163, 1, 6, 147)
(98, 224, 91, 0, 109)
(135, 168, 87, 0, 245)
(185, 198, 6, 1, 223)
(237, 123, 1, 4, 136)
(59, 220, 142, 0, 38)
(299, 81, 0, 82, 255)
(299, 21, 10, 1, 72)
(265, 186, 0, 0, 211)
(261, 144, 0, 24, 59)
(290, 162, 7, 4, 209)
(34, 49, 38, 0, 99)
(273, 121, 0, 40, 228)
(67, 42, 10, 3, 169)
(290, 101, 0, 9, 109)
(232, 164, 6, 1, 104)
(251, 212, 21, 1, 179)
(157, 198, 55, 0, 43)
(293, 204, 0, 14, 157)
(234, 139, 3, 12, 229)
(91, 185, 0, 0, 144)
(290, 224, 20, 0, 50)
(299, 152, 0, 35, 212)
(243, 77, 2, 12, 192)
(293, 170, 0, 0, 125)
(299, 152, 0, 84, 98)
(274, 178, 0, 46, 78)
(291, 73, 8, 1, 146)
(40, 211, 235, 0, 213)
(120, 187, 6, 3, 234)
(299, 86, 0, 92, 245)
(199, 211, 5, 2, 240)
(221, 96, 2, 25, 137)
(233, 221, 21, 0, 227)
(285, 54, 3, 13, 221)
(299, 78, 0, 116, 237)
(294, 213, 0, 9, 88)
(291, 69, 0, 62, 131)
(116, 197, 8, 5, 224)
(288, 44, 1, 3, 153)
(108, 129, 19, 1, 198)
(293, 93, 1, 8, 150)
(18, 194, 29, 6, 211)
(299, 0, 0, 28, 188)
(215, 212, 0, 10, 33)
(290, 107, 9, 2, 178)
(299, 56, 0, 125, 96)
(292, 133, 0, 5, 107)
(94, 140, 110, 0, 50)
(271, 125, 1, 3, 143)
(288, 219, 0, 5, 168)
(215, 188, 0, 5, 255)
(65, 216, 27, 2, 192)
(299, 61, 0, 8, 209)
(286, 179, 0, 25, 225)
(62, 224, 224, 0, 157)
(299, 224, 0, 0, 248)
(235, 224, 11, 0, 253)
(128, 156, 1, 14, 103)
(187, 124, 1, 6, 167)
(215, 198, 5, 1, 177)
(96, 97, 4, 12, 108)
(253, 29, 0, 0, 131)
(213, 14, 0, 173, 33)
(294, 200, 2, 4, 189)
(299, 62, 0, 125, 205)
(56, 0, 0, 109, 51)
(279, 188, 0, 0, 108)
(44, 179, 2, 10, 203)
(191, 126, 2, 6, 250)
(173, 31, 1, 4, 111)
(0, 224, 2, 0, 240)
(243, 66, 4, 2, 233)
(86, 115, 50, 0, 32)
(78, 224, 0, 0, 136)
(98, 139, 0, 46, 64)
(73, 165, 18, 1, 62)
(299, 221, 0, 0, 155)
(135, 47, 7, 8, 161)
(106, 224, 193, 0, 50)
(274, 40, 0, 3, 29)
(299, 219, 0, 5, 160)
(216, 68, 1, 1, 129)
(287, 112, 4, 1, 165)
(115, 216, 0, 0, 200)
(193, 132, 0, 50, 178)
(299, 167, 0, 0, 79)
(229, 52, 0, 136, 240)
(130, 202, 10, 1, 233)
(258, 79, 6, 1, 210)
(203, 139, 2, 16, 241)
(102, 65, 3, 4, 176)
(71, 178, 0, 41, 16)
(166, 183, 133, 0, 41)
(68, 208, 15, 2, 229)
(242, 23, 11, 5, 175)
(90, 202, 2, 2, 126)
(282, 224, 0, 0, 129)
(162, 48, 0, 9, 104)
(136, 112, 3, 1, 98)
(211, 112, 10, 5, 104)
(48, 158, 246, 0, 163)
(259, 205, 0, 13, 166)
(299, 76, 0, 32, 163)
(61, 203, 7, 4, 234)
(215, 101, 5, 6, 172)
(235, 118, 17, 0, 17)
(152, 97, 61, 0, 0)
(143, 224, 60, 0, 216)
(50, 45, 4, 6, 140)
(212, 141, 19, 0, 69)
(0, 204, 264, 0, 26)
(81, 142, 170, 0, 233)
(299, 142, 0, 0, 223)
(220, 206, 8, 3, 212)
(142, 208, 36, 0, 0)
(210, 204, 1, 0, 173)
(299, 150, 0, 27, 40)
(266, 187, 38, 0, 255)
(159, 128, 1, 6, 84)
(81, 24, 2, 6, 98)
(211, 224, 10, 0, 68)
(189, 199, 2, 6, 199)
(279, 62, 1, 2, 132)
(20, 224, 214, 0, 129)
(98, 141, 135, 0, 143)
(294, 209, 2, 1, 124)
(180, 224, 78, 0, 35)
(286, 146, 0, 41, 113)
(287, 82, 0, 89, 112)
(94, 207, 4, 1, 171)
(10, 126, 113, 0, 119)
(269, 224, 0, 0, 165)
(72, 71, 17, 2, 175)
(295, 200, 1, 3, 171)
(261, 56, 2, 13, 236)
(187, 47, 11, 2, 178)
(66, 169, 0, 22, 123)
(166, 140, 3, 9, 92)
(299, 154, 0, 60, 114)
(123, 141, 4, 3, 113)
(241, 142, 2, 2, 121)
(259, 224, 0, 0, 5)
(299, 224, 0, 0, 226)
(76, 200, 104, 0, 168)
(66, 224, 1, 0, 238)
(299, 152, 0, 35, 145)
(52, 224, 247, 0, 139)
(153, 34, 4, 10, 168)
(143, 206, 0, 12, 146)
(64, 138, 137, 0, 27)
(290, 31, 1, 6, 219)
(275, 224, 23, 0, 255)
(142, 138, 27, 0, 90)
(271, 192, 0, 0, 119)
(120, 87, 2, 14, 137)
(176, 221, 15, 0, 230)
(256, 224, 0, 0, 189)
(225, 0, 22, 3, 230)
(282, 212, 17, 0, 72)
(51, 224, 94, 0, 96)
(218, 198, 19, 0, 167)
(291, 55, 0, 14, 179)
(0, 211, 247, 0, 135)
(255, 3, 0, 62, 151)
(272, 60, 15, 2, 203)
(299, 172, 0, 11, 208)
(162, 214, 13, 3, 211)
(244, 217, 7, 2, 156)
(129, 63, 5, 5, 205)
(207, 206, 23, 0, 146)
(251, 39, 3, 2, 197)
(182, 132, 0, 9, 163)
(274, 92, 22, 1, 174)
(299, 180, 0, 0, 24)
(246, 18, 1, 14, 219)
(148, 216, 5, 6, 219)
(296, 158, 3, 1, 92)
(299, 0, 0, 20, 156)
(185, 211, 70, 0, 133)
(24, 118, 8, 12, 180)
(116, 2, 1, 6, 220)
(136, 147, 12, 6, 224)
(226, 219, 9, 1, 173)
(183, 149, 93, 0, 49)
(212, 72, 42, 0, 129)
(280, 212, 6, 2, 145)
(44, 219, 10, 0, 24)
(225, 221, 85, 0, 227)
(219, 157, 17, 1, 99)
(56, 102, 7, 4, 68)
(219, 181, 0, 0, 94)
(151, 36, 8, 2, 208)
(183, 205, 3, 4, 192)
(0, 204, 25, 0, 139)
(106, 188, 2, 7, 177)
(299, 0, 0, 21, 63)
(128, 222, 0, 0, 238)
(299, 12, 0, 85, 164)
(278, 28, 0, 190, 175)
(53, 224, 36, 0, 230)
(117, 168, 4, 7, 238)
(205, 150, 0, 52, 255)
(246, 14, 1, 3, 165)
(299, 70, 10, 4, 160)
(45, 89, 1, 10, 181)
(39, 175, 22, 0, 255)
(167, 224, 35, 0, 96)
(154, 130, 0, 61, 57)
(223, 207, 4, 0, 152)
(0, 210, 159, 0, 83)
(116, 213, 11, 2, 210)
(291, 153, 5, 1, 216)
(213, 218, 17, 0, 16)
(275, 215, 0, 0, 0)
(238, 182, 4, 5, 235)
(220, 209, 27, 0, 255)
(0, 181, 4, 2, 212)
(221, 193, 3, 0, 167)
(285, 95, 0, 113, 56)
(299, 26, 0, 0, 76)
(222, 224, 30, 0, 255)
(148, 224, 139, 0, 184)
(264, 192, 0, 18, 211)
(193, 171, 3, 10, 241)
(201, 31, 6, 7, 179)
(274, 123, 0, 66, 213)
(175, 113, 2, 2, 133)
(208, 215, 29, 0, 128)
(299, 206, 0, 0, 103)
(240, 222, 3, 1, 110)
(214, 148, 1, 2, 190)
(239, 79, 0, 5, 23)
(299, 101, 0, 3, 156)
(265, 201, 0, 0, 255)
(260, 171, 2, 3, 194)
(240, 131, 8, 3, 251)
(296, 118, 0, 95, 88)
(299, 190, 0, 29, 0)
(299, 149, 0, 14, 2)
(177, 224, 6, 0, 73)
(154, 119, 3, 6, 120)
(282, 0, 0, 206, 255)
(54, 220, 21, 1, 173)
(223, 208, 39, 0, 191)
(231, 122, 4, 8, 98)
(296, 215, 12, 2, 128)
(236, 137, 18, 2, 160)
(36, 43, 8, 9, 125)
(135, 174, 7, 0, 45)
(38, 180, 4, 9, 166)
(194, 148, 1, 4, 98)
(299, 221, 0, 3, 44)
(109, 185, 2, 6, 237)
(68, 136, 5, 6, 234)
(271, 160, 0, 35, 1)
(15, 222, 157, 0, 12)
(261, 224, 38, 0, 26)
(182, 117, 12, 0, 247)
(294, 167, 0, 0, 110)
(270, 130, 2, 4, 208)
(38, 224, 0, 0, 53)
(299, 100, 0, 35, 61)
(183, 224, 99, 0, 205)
(119, 5, 2, 5, 203)
(273, 206, 0, 11, 200)
(201, 108, 0, 56, 90)
(113, 148, 0, 47, 0)
(94, 215, 8, 2, 235)
(253, 207, 0, 17, 120)
(299, 83, 0, 0, 129)
(271, 29, 0, 49, 241)
(69, 188, 8, 1, 74)
(272, 197, 28, 0, 182)
(196, 132, 1, 7, 174)
(250, 169, 0, 26, 87)
(280, 224, 3, 0, 17)
(251, 223, 42, 0, 127)
(120, 168, 5, 3, 211)
(223, 31, 2, 9, 195)
(134, 198, 10, 1, 135)
(205, 224, 61, 0, 94)
(197, 224, 21, 0, 203)
(21, 224, 12, 0, 237)
(252, 172, 4, 3, 231)
(299, 186, 0, 0, 0)
(201, 224, 26, 0, 163)
(120, 174, 3, 8, 76)
(20, 152, 5, 5, 110)
(37, 191, 139, 0, 4)
(58, 200, 0, 3, 42)
(147, 94, 2, 5, 89)
(281, 224, 20, 0, 173)
(299, 186, 0, 0, 240)
(268, 198, 0, 14, 78)
(71, 154, 2, 5, 128)
(299, 207, 0, 17, 255)
(42, 224, 45, 0, 180)
(279, 127, 4, 4, 181)
(250, 163, 25, 0, 64)
(298, 190, 1, 1, 155)
(273, 201, 0, 21, 192)
(110, 89, 23, 2, 168)
(299, 217, 0, 0, 32)
(186, 61, 10, 0, 71)
(89, 200, 172, 0, 112)
(262, 26, 0, 65, 225)
(199, 175, 17, 7, 240)
(51, 138, 72, 0, 255)
(142, 224, 0, 0, 108)
(225, 95, 4, 2, 220)
(168, 211, 0, 6, 188)
(299, 206, 8, 3, 182)
(230, 187, 2, 6, 226)
(113, 166, 9, 1, 127)
(299, 198, 0, 1, 105)
(208, 209, 45, 0, 117)
(299, 117, 0, 101, 85)
(232, 220, 0, 0, 81)
(58, 49, 6, 5, 103)
(151, 98, 1, 11, 122)
(299, 142, 0, 60, 77)
(32, 115, 22, 3, 157)
(221, 156, 9, 4, 89)
(298, 90, 0, 75, 255)
(294, 189, 3, 0, 255)
(288, 160, 11, 1, 182)
(56, 131, 4, 10, 152)
(296, 194, 0, 0, 217)
(223, 159, 3, 3, 225)
(118, 212, 12, 1, 203)
(299, 44, 0, 12, 131)
(277, 0, 0, 83, 96)
(270, 169, 0, 52, 159)
(80, 124, 17, 2, 219)
(204, 224, 4, 0, 71)
(215, 59, 7, 3, 208)
(299, 42, 0, 107, 53)
(41, 175, 17, 1, 104)
(246, 129, 0, 3, 12)
(128, 224, 111, 0, 137)
(298, 169, 0, 20, 119)
(257, 32, 1, 18, 162)
(258, 102, 0, 23, 124)
(277, 172, 4, 5, 234)
(293, 121, 0, 10, 137)
(299, 0, 0, 77, 90)
(63, 199, 11, 0, 255)
(258, 8, 5, 4, 136)
(267, 83, 0, 135, 211)
(266, 205, 0, 0, 208)
(94, 224, 192, 0, 182)
(276, 79, 0, 105, 161)
(299, 168, 0, 0, 102)
(278, 69, 0, 60, 252)
(280, 87, 0, 24, 228)
(233, 202, 0, 0, 20)
(27, 216, 128, 0, 142)
(30, 224, 60, 0, 0)
(222, 175, 0, 0, 11)
(232, 42, 0, 84, 178)
(145, 182, 3, 3, 71)
(299, 108, 0, 41, 152)
(167, 221, 50, 0, 120)
(93, 185, 0, 14, 0)
(285, 37, 0, 69, 46)
(295, 0, 0, 19, 245)
(183, 133, 1, 7, 175)
(219, 110, 0, 43, 113)
(271, 212, 0, 3, 199)
(292, 207, 6, 1, 225)
(27, 159, 12, 18, 65)
(164, 164, 0, 0, 169)
(278, 13, 6, 6, 202)
(9, 185, 270, 0, 49)
(282, 128, 0, 14, 149)
(273, 173, 0, 22, 239)
(136, 23, 0, 87, 217)
(0, 224, 52, 0, 110)
(281, 71, 0, 72, 41)
(195, 189, 3, 5, 184)
(294, 16, 2, 4, 141)
(252, 96, 0, 0, 49)
(35, 157, 0, 34, 4)
(288, 159, 3, 1, 95)
(215, 36, 2, 10, 112)
(5, 129, 9, 10, 127)
(244, 178, 0, 0, 179)
(240, 199, 3, 4, 211)
(299, 102, 0, 92, 90)
(258, 224, 41, 0, 194)
(51, 217, 204, 0, 227)
(173, 187, 28, 0, 107)
(223, 143, 9, 0, 135)
(204, 198, 6, 1, 201)
(299, 45, 0, 79, 255)
(279, 192, 0, 7, 193)
(272, 136, 0, 78, 20)
(250, 190, 0, 34, 255)
(272, 142, 0, 23, 109)
(121, 224, 192, 0, 77)
(271, 196, 28, 0, 229)
(181, 182, 6, 1, 248)
(293, 19, 0, 133, 251)
(299, 224, 0, 0, 249)
(81, 224, 146, 0, 147)
(188, 122, 2, 18, 241)
(256, 224, 0, 0, 213)
(280, 94, 1, 9, 170)
(253, 194, 18, 0, 6)
(299, 22, 0, 63, 225)
(72, 158, 66, 0, 217)
(163, 224, 64, 0, 137)
(98, 173, 10, 3, 225)
(299, 146, 0, 1, 238)
(0, 87, 7, 2, 89)
(235, 38, 6, 6, 160)
(285, 209, 0, 0, 139)
(97, 210, 0, 0, 102)
(208, 204, 17, 0, 153)
(219, 138, 8, 1, 248)
(137, 224, 162, 0, 255)
(299, 187, 0, 1, 1)
(288, 217, 0, 7, 71)
(283, 85, 0, 129, 0)
(268, 130, 1, 6, 125)
(258, 194, 0, 0, 116)
(287, 0, 1, 14, 151)
(299, 39, 0, 101, 216)
(273, 224, 0, 0, 81)
(275, 161, 0, 15, 36)
(268, 135, 25, 0, 160)
(271, 224, 28, 0, 115)
(172, 194, 0, 2, 146)
(96, 195, 3, 2, 144)
(292, 202, 1, 1, 167)
(64, 224, 152, 0, 94)
(52, 205, 137, 0, 87)
(239, 40, 39, 0, 124)
(12, 224, 21, 0, 224)
(295, 216, 4, 0, 1)
(276, 118, 0, 91, 175)
(269, 175, 0, 49, 2)
(69, 146, 20, 5, 170)
(297, 34, 9, 1, 144)
(205, 114, 0, 81, 73)
(75, 184, 24, 0, 116)
(298, 195, 1, 12, 165)
(283, 220, 2, 1, 128)
(283, 129, 6, 2, 204)
(196, 224, 45, 0, 32)
(266, 53, 2, 14, 208)
(264, 196, 12, 1, 171)
(103, 186, 3, 2, 214)
(290, 208, 2, 1, 252)
(128, 206, 92, 0, 216)
(150, 224, 8, 8, 215)
(299, 140, 0, 23, 200)
(289, 223, 2, 1, 143)
(263, 208, 0, 12, 162)
(12, 209, 110, 0, 20)
(247, 105, 1, 2, 146)
(251, 190, 0, 32, 113)
(294, 116, 0, 38, 234)
(299, 106, 0, 109, 62)
(299, 224, 0, 0, 34)
(63, 203, 166, 0, 39)
(152, 193, 7, 0, 144)
(146, 206, 26, 0, 149)
(249, 129, 0, 45, 78)
(299, 93, 0, 130, 179)
(254, 209, 0, 0, 216)
(210, 193, 2, 2, 114)
(206, 224, 0, 1, 57)
(267, 213, 32, 0, 0)
(96, 201, 75, 0, 32)
(269, 224, 0, 0, 134)
(285, 170, 21, 0, 73)
(272, 169, 3, 1, 252)
(273, 57, 7, 2, 166)
(199, 137, 1, 17, 100)
(270, 147, 1, 5, 178)
(299, 215, 0, 5, 175)
(177, 220, 119, 0, 117)
(210, 46, 3, 3, 126)
(8, 184, 176, 0, 220)
(297, 110, 2, 1, 164)
(299, 193, 0, 2, 255)
(165, 205, 1, 5, 217)
(299, 200, 0, 0, 212)
(94, 170, 18, 3, 175)
(74, 224, 147, 0, 79)
(285, 196, 0, 0, 49)
(299, 87, 12, 3, 224)
(182, 193, 10, 0, 19)
(191, 165, 1, 6, 226)
(299, 34, 0, 9, 63)
(288, 14, 3, 2, 142)
(276, 194, 0, 0, 182)
(93, 224, 47, 0, 237)
(250, 125, 3, 1, 142)
(184, 203, 8, 1, 197)
(274, 224, 25, 0, 133)
(283, 53, 3, 2, 140)
(30, 134, 0, 23, 41)
(150, 161, 0, 0, 255)
(199, 126, 4, 3, 136)
(173, 172, 1, 7, 182)
(256, 0, 2, 2, 203)
(213, 222, 1, 2, 160)
(102, 137, 161, 0, 13)
(234, 14, 1, 7, 117)
(217, 201, 3, 4, 229)
(210, 65, 0, 98, 95)
(286, 163, 3, 1, 230)
(58, 188, 12, 0, 143)
(114, 214, 57, 0, 192)
(278, 154, 3, 2, 219)
(212, 224, 27, 0, 100)
(0, 224, 120, 0, 153)
(154, 206, 10, 0, 127)
(254, 222, 2, 2, 137)
(234, 203, 29, 0, 110)
(274, 224, 12, 0, 38)
(299, 224, 0, 12, 137)
(224, 45, 0, 93, 153)
(299, 5, 0, 31, 74)
(299, 203, 0, 0, 255)
(8, 116, 5, 6, 128)
(299, 174, 0, 0, 100)
(168, 224, 48, 0, 224)
(175, 151, 1, 19, 235)
(299, 209, 0, 0, 207)
(247, 149, 1, 1, 87)
(143, 60, 7, 0, 34)
(167, 168, 1, 4, 237)
(256, 100, 0, 0, 35)
(72, 224, 187, 0, 68)
(273, 132, 2, 4, 181)
(232, 177, 22, 0, 121)
(211, 176, 27, 1, 249)
(227, 204, 16, 0, 41)
(227, 201, 0, 0, 146)
(168, 213, 2, 1, 191)
(64, 181, 0, 0, 96)
(299, 138, 0, 0, 160)
(299, 154, 0, 0, 112)
(54, 21, 7, 17, 205)
(298, 224, 0, 0, 155)
(251, 104, 0, 44, 195)
(160, 134, 100, 0, 60)
(34, 154, 248, 0, 184)
(204, 84, 5, 3, 90)
(248, 206, 3, 2, 204)
(226, 79, 7, 1, 119)
(297, 220, 2, 1, 109)
(275, 224, 0, 0, 175)
(67, 203, 0, 0, 160)
(299, 72, 0, 14, 146)
(268, 217, 2, 0, 43)
(299, 17, 0, 91, 8)
(299, 3, 0, 0, 43)
(44, 213, 0, 0, 140)
(269, 84, 0, 20, 222)
(286, 97, 2, 2, 168)
(123, 49, 0, 0, 223)
(288, 103, 0, 18, 0)
(280, 130, 0, 32, 227)
(137, 173, 2, 6, 153)
(138, 214, 2, 3, 142)
(89, 21, 0, 59, 57)
(246, 167, 5, 5, 228)
(293, 197, 6, 0, 21)
(274, 170, 0, 63, 140)
(261, 156, 0, 30, 88)
(299, 224, 0, 0, 2)
(232, 147, 0, 14, 14)
(130, 169, 2, 13, 219)
(296, 202, 3, 0, 73)
(296, 198, 0, 0, 24)
(266, 145, 0, 10, 189)
(180, 25, 5, 4, 210)
(295, 156, 0, 7, 0)
(61, 50, 2, 14, 80)
(283, 65, 0, 148, 255)
(262, 215, 36, 0, 147)
(299, 71, 0, 114, 101)
(245, 222, 0, 0, 147)
(32, 194, 187, 0, 226)
(282, 145, 2, 1, 224)
(163, 212, 60, 0, 118)
(299, 124, 0, 45, 193)
(8, 145, 163, 0, 112)
(299, 224, 0, 0, 104)
(17, 224, 258, 0, 93)
(187, 190, 4, 5, 128)
(147, 135, 4, 6, 246)
(24, 205, 28, 0, 43)
(225, 224, 7, 6, 144)
(299, 171, 0, 5, 255)
(225, 170, 9, 1, 237)
(165, 221, 134, 0, 177)
(299, 143, 0, 14, 153)
(259, 109, 40, 0, 28)
(154, 174, 0, 0, 163)
(288, 184, 1, 3, 170)
(235, 188, 0, 0, 185)
(271, 185, 5, 0, 255)
(67, 119, 2, 11, 171)
(185, 58, 3, 2, 141)
(243, 41, 4, 11, 196)
(246, 155, 9, 2, 176)
(238, 22, 0, 44, 97)
(239, 162, 0, 18, 253)
(226, 223, 2, 1, 149)
(113, 17, 26, 0, 222)
(234, 157, 0, 1, 52)
(289, 64, 1, 9, 222)
(89, 136, 3, 6, 108)
(60, 215, 31, 0, 18)
(299, 156, 0, 4, 197)
(214, 182, 7, 3, 232)
(64, 94, 0, 97, 123)
(266, 216, 6, 2, 167)
(279, 192, 20, 0, 195)
(46, 210, 253, 0, 0)
(69, 211, 5, 1, 223)
(299, 82, 0, 9, 47)
(37, 210, 5, 8, 211)
(262, 124, 0, 12, 193)
(299, 35, 0, 174, 185)
(107, 55, 3, 3, 106)
(82, 134, 4, 4, 111)
(274, 195, 22, 0, 65)
(153, 212, 6, 0, 149)
(276, 223, 23, 0, 41)
(190, 168, 102, 0, 151)
(192, 200, 0, 7, 127)
(174, 116, 0, 47, 36)
(216, 187, 44, 0, 122)
(299, 81, 0, 97, 214)
(299, 191, 0, 4, 96)
(122, 60, 2, 19, 119)
(117, 200, 1, 2, 177)
(102, 190, 97, 0, 166)
(203, 131, 0, 3, 193)
(296, 224, 0, 12, 176)
(48, 178, 5, 12, 194)
(85, 68, 19, 0, 212)
(53, 207, 24, 2, 226)
(43, 224, 29, 0, 62)
(138, 222, 15, 1, 204)
(240, 5, 4, 0, 170)
(288, 157, 16, 0, 0)
(223, 224, 43, 0, 81)
(77, 165, 27, 0, 161)
(274, 121, 0, 0, 112)
(220, 141, 0, 17, 209)
(26, 123, 272, 0, 140)
(272, 221, 8, 1, 169)
(10, 152, 57, 0, 250)
(94, 224, 30, 0, 189)
(201, 224, 1, 0, 40)
(178, 224, 92, 0, 220)
(132, 149, 1, 7, 101)
(298, 23, 0, 57, 133)
(101, 206, 97, 0, 191)
(89, 192, 15, 1, 208)
(131, 224, 171, 0, 116)
(265, 108, 0, 0, 253)
(268, 29, 0, 20, 27)
(293, 13, 0, 181, 198)
(279, 126, 0, 17, 191)
(209, 194, 45, 0, 232)
(288, 84, 0, 0, 80)
(79, 170, 153, 0, 66)
(246, 190, 9, 1, 183)
(102, 109, 0, 0, 210)
(111, 196, 148, 0, 63)
(22, 207, 253, 0, 44)
(51, 205, 0, 0, 3)
(299, 219, 0, 0, 56)
(246, 47, 0, 14, 164)
(113, 224, 121, 0, 82)
(243, 144, 1, 3, 106)
(299, 203, 0, 0, 234)
(1, 42, 13, 7, 99)
(220, 190, 0, 17, 184)
(294, 160, 2, 1, 150)
(299, 29, 0, 162, 18)
(32, 217, 164, 0, 200)
(41, 181, 175, 0, 100)
(139, 139, 5, 1, 136)
(258, 37, 0, 21, 110)
(91, 221, 40, 0, 245)
(155, 0, 7, 12, 216)
(13, 136, 1, 14, 131)
(276, 96, 0, 3, 216)
(252, 104, 1, 12, 197)
(35, 208, 52, 0, 73)
(232, 150, 13, 1, 221)
(199, 124, 6, 6, 124)
(246, 57, 3, 7, 162)
(299, 98, 0, 6, 169)
(267, 0, 0, 71, 167)
(58, 59, 2, 2, 87)
(164, 48, 57, 0, 31)
(282, 104, 3, 7, 171)
(268, 185, 2, 3, 205)
(158, 147, 5, 2, 185)
(204, 129, 0, 47, 185)
(299, 135, 0, 11, 208)
(275, 98, 5, 2, 241)
(91, 224, 97, 0, 109)
(299, 194, 0, 0, 133)
(292, 155, 7, 2, 191)
(272, 142, 0, 54, 194)
(230, 105, 0, 56, 59)
(65, 203, 0, 0, 237)
(175, 216, 3, 3, 212)
(281, 24, 4, 1, 166)
(0, 203, 274, 0, 18)
(241, 143, 1, 3, 224)
(292, 0, 0, 23, 116)
(299, 161, 0, 28, 219)
(299, 212, 25, 0, 23)
(212, 189, 31, 0, 101)
(209, 141, 14, 4, 247)
(277, 137, 2, 0, 123)
(294, 176, 3, 1, 204)
(272, 161, 0, 22, 95)
(298, 127, 0, 55, 201)
(273, 36, 1, 4, 227)
(122, 165, 5, 3, 165)
(190, 218, 19, 0, 206)
(197, 224, 0, 0, 95)
(294, 209, 5, 3, 150)
(139, 215, 1, 1, 75)
(269, 76, 0, 121, 190)
(286, 31, 0, 157, 181)
(280, 27, 8, 1, 215)
(172, 194, 13, 0, 164)
(299, 0, 0, 139, 105)
(299, 76, 0, 26, 0)
(33, 134, 13, 3, 205)
(200, 124, 3, 7, 152)
(151, 189, 0, 17, 84)
(247, 191, 0, 0, 165)
(115, 174, 17, 0, 216)
(299, 107, 0, 55, 72)
(229, 130, 0, 4, 46)
(242, 216, 0, 8, 38)
(198, 88, 0, 85, 19)
(240, 224, 20, 0, 81)
(48, 49, 3, 2, 213)
(266, 42, 0, 73, 255)
(130, 49, 124, 0, 38)
(206, 224, 0, 19, 153)
(161, 146, 2, 5, 210)
(285, 0, 0, 37, 155)
(174, 40, 3, 4, 112)
(49, 57, 3, 7, 209)
(299, 195, 0, 0, 132)
(265, 223, 1, 1, 178)
(168, 221, 13, 0, 225)
(293, 196, 0, 9, 105)
(0, 187, 22, 1, 135)
(298, 56, 1, 5, 196)
(299, 24, 1, 4, 195)
(296, 199, 0, 16, 106)
(299, 104, 0, 16, 65)
(199, 224, 17, 0, 167)
(124, 224, 60, 0, 101)
(299, 224, 0, 0, 200)
(266, 176, 0, 0, 74)
(299, 40, 0, 70, 142)
(299, 167, 0, 0, 40)
(81, 163, 217, 0, 180)
(168, 213, 0, 15, 199)
(282, 158, 9, 1, 112)
(0, 214, 249, 0, 255)
(245, 42, 6, 8, 204)
(299, 18, 0, 46, 197)
(273, 181, 1, 9, 193)
(2, 210, 9, 0, 82)
(182, 92, 0, 35, 59)
(299, 224, 0, 0, 232)
(160, 211, 83, 0, 208)
(258, 172, 41, 0, 9)
(50, 179, 13, 2, 154)
(299, 86, 0, 128, 152)
(291, 170, 0, 2, 33)
(158, 163, 2, 5, 75)
(270, 212, 0, 10, 105)
(45, 224, 0, 0, 113)
(289, 202, 10, 0, 106)
(47, 90, 4, 7, 112)
(299, 10, 0, 4, 127)
(296, 180, 0, 0, 67)
(229, 87, 1, 7, 220)
(287, 196, 0, 2, 164)
(299, 0, 0, 159, 64)
(244, 159, 2, 3, 211)
(220, 195, 76, 0, 0)
(270, 98, 0, 98, 241)
(282, 222, 0, 0, 139)
(190, 197, 1, 2, 185)
(247, 167, 16, 0, 54)
(168, 18, 3, 13, 230)
(78, 224, 0, 0, 127)
(63, 191, 7, 2, 204)
(168, 0, 0, 139, 199)
(209, 224, 0, 4, 23)
(80, 44, 55, 0, 174)
(220, 159, 79, 0, 255)
(239, 196, 0, 25, 102)
(201, 135, 1, 15, 186)
(232, 201, 2, 0, 83)
(299, 224, 0, 0, 75)
(144, 213, 30, 0, 131)
(257, 211, 5, 3, 171)
(31, 224, 87, 0, 163)
(27, 209, 3, 0, 77)
(188, 210, 7, 4, 215)
(112, 189, 62, 0, 174)
(192, 169, 4, 3, 212)
(284, 193, 0, 8, 186)
(299, 192, 0, 10, 199)
(299, 196, 0, 0, 106)
(130, 143, 6, 1, 221)
(258, 222, 5, 1, 128)
(77, 172, 21, 1, 232)
(299, 71, 0, 105, 52)
(299, 149, 0, 17, 182)
(281, 181, 18, 0, 254)
(263, 124, 0, 111, 11)
(168, 219, 126, 0, 246)
(39, 224, 0, 0, 185)
(239, 87, 0, 124, 167)
(76, 208, 0, 0, 210)
(148, 196, 3, 1, 210)
(107, 187, 1, 3, 98)
(248, 185, 42, 0, 111)
(223, 65, 0, 0, 228)
(139, 127, 8, 2, 178)
(173, 224, 3, 0, 17)
(0, 191, 13, 1, 168)
(274, 128, 2, 3, 139)
(299, 59, 0, 35, 84)
(54, 224, 117, 0, 220)
(245, 189, 2, 1, 165)
(253, 171, 0, 0, 70)
(222, 86, 10, 0, 87)
(217, 174, 5, 1, 213)
(299, 185, 0, 0, 70)
(268, 161, 0, 9, 138)
(241, 176, 0, 7, 17)
(64, 224, 186, 0, 123)
(299, 140, 1, 1, 150)
(284, 109, 0, 30, 45)
(78, 191, 0, 21, 45)
(249, 179, 49, 0, 177)
(280, 208, 0, 0, 178)
(277, 60, 18, 0, 77)
(120, 128, 0, 46, 101)
(193, 179, 106, 0, 0)
(271, 224, 28, 0, 193)
(227, 116, 15, 0, 243)
(290, 224, 9, 0, 89)
(92, 180, 108, 0, 112)
(5, 192, 55, 0, 216)
(283, 44, 3, 7, 218)
(298, 163, 9, 0, 233)
(273, 187, 0, 0, 35)
(186, 223, 11, 1, 182)
(21, 209, 227, 0, 116)
(238, 112, 1, 5, 92)
(271, 148, 0, 12, 0)
(244, 182, 3, 2, 201)
(289, 224, 10, 0, 124)
(67, 224, 9, 1, 175)
(151, 116, 0, 76, 20)
(240, 170, 0, 0, 216)
(231, 214, 11, 2, 182)
(253, 214, 0, 0, 0)
(25, 215, 4, 4, 182)
(224, 224, 70, 0, 42)
(283, 138, 3, 1, 164)
(72, 216, 0, 4, 81)
(248, 32, 3, 5, 236)
(273, 81, 0, 59, 84)
(214, 224, 0, 0, 165)
(244, 180, 46, 0, 85)
(32, 206, 0, 0, 24)
(239, 23, 2, 6, 128)
(111, 224, 0, 0, 79)
(159, 83, 140, 0, 44)
(81, 178, 25, 0, 39)
(137, 197, 135, 0, 106)
(68, 211, 98, 0, 151)
(245, 170, 0, 29, 255)
(295, 193, 4, 1, 172)
(277, 6, 2, 10, 182)
(248, 168, 6, 1, 204)
(138, 178, 0, 0, 52)
(127, 198, 1, 11, 199)
(152, 156, 3, 3, 137)
(209, 224, 9, 0, 146)
(255, 215, 2, 2, 225)
(283, 118, 0, 6, 227)
(203, 224, 19, 0, 57)
(266, 224, 24, 0, 200)
(280, 74, 0, 44, 70)
(299, 131, 0, 38, 197)
(193, 161, 28, 1, 99)
(58, 181, 38, 0, 129)
(285, 176, 0, 22, 94)
(215, 76, 1, 16, 121)
(299, 97, 0, 54, 0)
(268, 200, 0, 43, 191)
(262, 206, 11, 0, 117)
(256, 196, 10, 0, 133)
(297, 15, 0, 45, 17)
(299, 180, 0, 4, 155)
(42, 145, 20, 1, 201)
(277, 167, 0, 19, 243)
(276, 35, 0, 50, 45)
(286, 137, 1, 7, 208)
(138, 224, 156, 0, 108)
(152, 125, 4, 4, 234)
(291, 212, 8, 1, 171)
(299, 199, 0, 0, 243)
(70, 69, 4, 2, 97)
(82, 197, 188, 0, 76)
(282, 183, 0, 14, 175)
(210, 120, 1, 3, 230)
(299, 122, 0, 19, 0)
(287, 85, 0, 78, 113)
(298, 223, 0, 0, 59)
(209, 204, 0, 0, 88)
(124, 101, 3, 1, 96)
(157, 98, 1, 7, 105)
(296, 224, 0, 0, 150)
(132, 224, 14, 0, 132)
(114, 124, 3, 12, 177)
(252, 85, 0, 77, 237)
(162, 101, 1, 20, 125)
(49, 41, 0, 101, 146)
(251, 74, 2, 22, 186)
(278, 0, 1, 5, 141)
(272, 176, 6, 0, 10)
(299, 202, 0, 14, 224)
(245, 80, 6, 3, 157)
(101, 191, 69, 0, 177)
(0, 175, 125, 0, 87)
(94, 224, 69, 0, 112)
(245, 174, 0, 0, 43)
(259, 193, 99, 0, 124)
(39, 101, 3, 4, 63)
(277, 152, 0, 82, 117)
(181, 107, 11, 1, 209)
(213, 126, 0, 5, 111)
(200, 224, 10, 5, 170)
(299, 196, 0, 0, 247)
(0, 140, 5, 2, 144)
(259, 187, 0, 30, 18)
(236, 224, 109, 0, 18)
(299, 174, 0, 44, 163)
(28, 224, 6, 2, 185)
(299, 187, 0, 0, 152)
(291, 61, 0, 94, 190)
(157, 224, 30, 0, 208)
(284, 94, 0, 130, 220)
(274, 201, 0, 23, 209)
(277, 29, 5, 6, 192)
(31, 97, 2, 10, 199)
(88, 207, 27, 0, 111)
(280, 5, 0, 163, 93)
(59, 224, 203, 0, 170)
(64, 143, 3, 2, 96)
(272, 112, 4, 5, 228)
(279, 52, 0, 110, 197)
(263, 62, 25, 0, 172)
(278, 202, 0, 16, 173)
(299, 178, 0, 17, 113)
(299, 96, 0, 98, 250)
(6, 181, 1, 3, 100)
(254, 67, 0, 65, 110)
(282, 78, 0, 121, 47)
(299, 48, 0, 114, 9)
(299, 172, 0, 21, 240)
(182, 190, 0, 1, 216)
(299, 84, 0, 100, 223)
(207, 145, 1, 3, 116)
(299, 196, 0, 26, 2)
(99, 192, 165, 0, 14)
(110, 152, 6, 2, 54)
(133, 81, 0, 26, 76)
(119, 210, 85, 0, 59)
(155, 180, 144, 0, 91)
(3, 17, 0, 2, 91)
(251, 224, 0, 0, 222)
(273, 98, 0, 88, 137)
(143, 207, 16, 0, 91)
(135, 169, 0, 30, 107)
(0, 220, 108, 0, 0)
(73, 175, 4, 4, 130)
(234, 42, 0, 70, 172)
(207, 0, 0, 91, 121)
(299, 224, 0, 0, 151)
(257, 125, 3, 8, 198)
(158, 220, 82, 0, 81)
(251, 39, 3, 2, 225)
(0, 224, 193, 0, 91)
(284, 121, 0, 36, 176)
(116, 87, 8, 1, 212)
(298, 143, 25, 5, 210)
(296, 135, 3, 2, 181)
(73, 199, 243, 0, 140)
(274, 133, 0, 33, 243)
(292, 186, 0, 0, 109)
(261, 7, 0, 3, 100)
(121, 224, 11, 0, 193)
(299, 181, 0, 2, 238)
(293, 22, 3, 6, 191)
(135, 55, 161, 0, 180)
(113, 175, 13, 0, 229)
(223, 152, 16, 0, 0)
(192, 105, 4, 2, 241)
(29, 224, 54, 0, 45)
(272, 170, 0, 63, 111)
(157, 71, 21, 2, 158)
(208, 224, 30, 0, 109)
(239, 37, 3, 19, 175)
(235, 33, 0, 89, 146)
(230, 73, 0, 82, 169)
(151, 119, 28, 0, 130)
(271, 197, 27, 0, 19)
(290, 211, 2, 1, 147)
(299, 19, 0, 185, 14)
(9, 124, 239, 0, 169)
(281, 114, 0, 62, 47)
(293, 108, 1, 6, 223)
(270, 75, 0, 86, 172)
(74, 224, 199, 0, 67)
(299, 188, 0, 0, 164)
(83, 193, 0, 0, 138)
(294, 46, 0, 147, 222)
(206, 224, 93, 0, 238)
(299, 193, 0, 13, 225)
(299, 164, 0, 20, 227)
(16, 215, 92, 0, 89)
(272, 172, 0, 0, 183)
(108, 144, 4, 4, 142)
(68, 26, 3, 29, 222)
(77, 154, 0, 0, 89)
(292, 123, 0, 28, 53)
(290, 15, 0, 154, 97)
(0, 51, 187, 0, 166)
(109, 206, 109, 0, 101)
(144, 115, 3, 1, 210)
(172, 78, 10, 1, 99)
(252, 223, 1, 1, 218)
(167, 210, 0, 11, 215)
(141, 56, 2, 2, 77)
(98, 105, 70, 0, 228)
(30, 96, 0, 116, 255)
(291, 34, 0, 0, 199)
(294, 110, 0, 32, 90)
(227, 110, 4, 1, 202)
(186, 221, 9, 0, 63)
(299, 121, 0, 57, 122)
(147, 207, 2, 4, 192)
(212, 65, 2, 17, 172)
(89, 146, 0, 83, 74)
(192, 95, 1, 11, 163)
(116, 107, 7, 4, 235)
(93, 151, 14, 1, 167)
(299, 8, 0, 203, 190)
(298, 12, 0, 58, 255)
(299, 198, 0, 5, 37)
(299, 152, 0, 17, 0)
(299, 83, 9, 2, 223)
(299, 207, 0, 0, 142)
(246, 29, 0, 148, 111)
(78, 184, 0, 0, 135)
(299, 205, 0, 4, 148)
(126, 207, 136, 0, 0)
(215, 129, 80, 0, 103)
(207, 156, 0, 29, 231)
(281, 147, 3, 2, 224)
(256, 224, 0, 0, 213)
(149, 224, 45, 0, 0)
(267, 106, 6, 2, 237)
(245, 141, 0, 0, 19)
(219, 180, 41, 0, 164)
(190, 224, 9, 0, 121)
(278, 99, 0, 51, 0)
(11, 35, 3, 3, 150)
(260, 180, 0, 3, 21)
(124, 132, 1, 2, 101)
(196, 107, 3, 4, 112)
(299, 155, 0, 13, 55)
(210, 67, 2, 6, 234)
(299, 154, 0, 12, 98)
(299, 212, 0, 3, 56)
(299, 0, 0, 112, 217)
(106, 224, 3, 11, 164)
(90, 12, 21, 11, 219)
(261, 94, 3, 3, 172)
(135, 186, 3, 13, 92)
(280, 170, 0, 42, 56)
(184, 200, 6, 1, 109)
(299, 152, 3, 3, 180)
(197, 96, 6, 2, 226)
(214, 190, 4, 3, 238)
(19, 200, 0, 1, 6)
(284, 209, 0, 9, 2)
(170, 170, 79, 0, 249)
(196, 57, 2, 7, 101)
(231, 181, 4, 10, 216)
(299, 201, 0, 0, 224)
(282, 121, 2, 2, 217)
(296, 214, 0, 0, 113)
(274, 179, 0, 28, 37)
(120, 223, 63, 0, 116)
(299, 103, 0, 54, 101)
(270, 181, 7, 2, 188)
(240, 214, 9, 0, 230)
(273, 195, 5, 1, 163)
(89, 90, 8, 0, 190)
(187, 22, 28, 9, 232)
(263, 69, 6, 1, 211)
(89, 29, 0, 123, 165)
(18, 224, 29, 0, 246)
(294, 221, 0, 3, 186)
(274, 118, 0, 106, 211)
(179, 92, 0, 0, 93)
(51, 201, 163, 0, 97)
(49, 104, 3, 7, 210)
(251, 217, 9, 1, 186)
(107, 203, 0, 0, 71)
(126, 224, 160, 0, 101)
(162, 115, 109, 0, 168)
(210, 62, 0, 156, 38)
(124, 97, 3, 4, 86)
(278, 201, 16, 0, 200)
(170, 219, 0, 5, 92)
(89, 224, 208, 0, 193)
(249, 160, 22, 1, 142)
(200, 200, 92, 0, 235)
(100, 120, 0, 45, 168)
(184, 206, 71, 0, 220)
(220, 224, 40, 0, 0)
(274, 0, 1, 6, 192)
(294, 85, 0, 32, 219)
(193, 217, 3, 6, 197)
(297, 139, 0, 10, 18)
(56, 190, 95, 0, 140)
(247, 20, 0, 30, 167)
(221, 224, 8, 0, 138)
(214, 183, 23, 0, 117)
(159, 224, 13, 0, 36)
(251, 87, 0, 97, 60)
(217, 51, 2, 9, 180)
(299, 172, 0, 18, 199)
(252, 97, 3, 3, 158)
(90, 198, 1, 5, 169)
(224, 221, 1, 3, 160)
(33, 198, 99, 0, 71)
(54, 224, 124, 0, 9)
(163, 144, 3, 8, 84)
(240, 106, 4, 4, 210)
(245, 109, 35, 0, 180)
(158, 189, 2, 2, 223)
(299, 224, 0, 0, 0)
(94, 220, 99, 0, 255)
(236, 71, 0, 15, 137)
(241, 113, 2, 4, 206)
(250, 188, 2, 2, 211)
(294, 224, 0, 0, 0)
(148, 164, 41, 0, 96)
(19, 144, 9, 3, 121)
(282, 202, 12, 0, 185)
(106, 188, 122, 0, 224)
(299, 146, 0, 19, 191)
(169, 126, 3, 6, 126)
(218, 145, 0, 21, 170)
(263, 206, 0, 18, 209)
(137, 224, 28, 0, 61)
(208, 208, 0, 0, 255)
(229, 224, 35, 0, 128)
(299, 170, 0, 0, 34)
(153, 131, 2, 2, 156)
(227, 34, 0, 0, 19)
(270, 182, 0, 42, 69)
(262, 163, 0, 18, 208)
(280, 89, 0, 120, 60)
(47, 224, 4, 2, 212)
(272, 169, 0, 14, 123)
(269, 166, 0, 58, 147)
(178, 72, 29, 1, 116)
(73, 220, 10, 1, 151)
(286, 112, 0, 21, 186)
(0, 224, 154, 0, 25)
(65, 180, 9, 1, 235)
(224, 202, 0, 17, 89)
(196, 219, 0, 5, 179)
(109, 200, 3, 1, 175)
(241, 166, 1, 1, 201)
(28, 224, 100, 0, 168)
(29, 103, 2, 0, 148)
(175, 67, 0, 45, 163)
(247, 26, 1, 6, 125)
(265, 66, 0, 4, 187)
(40, 124, 2, 5, 100)
(48, 224, 24, 0, 84)
(197, 44, 1, 10, 213)
(274, 139, 4, 2, 195)
(294, 195, 0, 2, 231)
(299, 210, 0, 9, 56)
(299, 125, 0, 0, 0)
(94, 220, 0, 4, 33)
(257, 0, 2, 1, 214)
(276, 209, 0, 0, 67)
(154, 204, 144, 0, 252)
(161, 179, 0, 20, 54)
(275, 208, 5, 4, 146)
(295, 123, 0, 87, 147)
(127, 185, 9, 0, 42)
(60, 211, 52, 0, 18)
(150, 29, 2, 8, 219)
(299, 114, 0, 34, 153)
(143, 218, 37, 1, 228)
(218, 104, 0, 53, 150)
(32, 120, 10, 1, 87)
(259, 118, 4, 2, 160)
(114, 214, 31, 0, 232)
(178, 156, 1, 8, 89)
(196, 224, 74, 0, 240)
(299, 138, 0, 35, 79)
(282, 24, 1, 1, 247)
(100, 25, 8, 9, 182)
(145, 224, 10, 0, 78)
(299, 194, 0, 28, 255)
(269, 50, 9, 2, 191)
(29, 222, 0, 2, 106)
(233, 224, 0, 0, 255)
(96, 204, 0, 7, 132)
(299, 45, 0, 190, 167)
(138, 48, 3, 17, 196)
(293, 111, 6, 0, 41)
(168, 224, 123, 0, 214)
(299, 19, 0, 147, 249)
(262, 8, 7, 1, 158)
(270, 177, 0, 24, 107)
(186, 200, 0, 0, 181)
(254, 224, 0, 0, 28)
(291, 35, 5, 3, 231)
(284, 189, 15, 0, 247)
(46, 160, 205, 0, 122)
(73, 30, 8, 4, 198)
(12, 166, 114, 0, 39)
(161, 214, 0, 7, 54)
(182, 222, 57, 0, 35)
(38, 194, 67, 0, 54)
(54, 218, 0, 0, 225)
(131, 5, 3, 4, 76)
(249, 221, 1, 3, 135)
(219, 209, 74, 0, 102)
(0, 224, 170, 0, 171)
(268, 104, 1, 3, 253)
(75, 5, 248, 0, 255)
(164, 199, 2, 6, 114)
(222, 224, 64, 0, 244)
(38, 224, 100, 0, 151)
(191, 195, 0, 14, 122)
(273, 140, 0, 54, 217)
(168, 203, 0, 18, 85)
(22, 205, 35, 0, 158)
(255, 139, 7, 1, 183)
(241, 205, 4, 3, 183)
(166, 110, 3, 8, 195)
(232, 224, 47, 0, 69)
(273, 199, 1, 1, 212)
(93, 22, 5, 4, 223)
(266, 85, 3, 5, 153)
(299, 222, 0, 2, 156)
(299, 4, 25, 7, 185)
(287, 35, 0, 109, 123)
(142, 200, 3, 3, 131)
(103, 224, 188, 0, 253)
(291, 216, 4, 1, 153)
(45, 210, 1, 3, 191)
(299, 190, 0, 15, 84)
(276, 125, 4, 3, 116)
(254, 171, 0, 5, 30)
(119, 219, 38, 1, 199)
(264, 211, 17, 0, 143)
(299, 156, 0, 0, 225)
(167, 215, 0, 0, 192)
(268, 146, 0, 10, 82)
(82, 197, 107, 0, 174)
(261, 19, 0, 26, 183)
(107, 142, 9, 2, 231)
(122, 81, 11, 3, 132)
(16, 203, 73, 0, 204)
(24, 203, 194, 0, 57)
(69, 100, 1, 0, 135)
(266, 224, 0, 0, 85)
(277, 224, 0, 0, 51)
(121, 201, 26, 0, 109)
(15, 197, 3, 11, 189)
(271, 69, 0, 108, 145)
(299, 66, 0, 111, 255)
(211, 222, 88, 0, 193)
(58, 221, 5, 3, 158)
(207, 80, 0, 7, 203)
(200, 151, 0, 60, 122)
(98, 224, 116, 0, 184)
(188, 224, 11, 0, 159)
(243, 75, 0, 119, 216)
(175, 224, 59, 0, 54)
(267, 134, 15, 0, 251)
(39, 202, 16, 2, 210)
(186, 212, 90, 0, 133)
(24, 224, 108, 0, 216)
(299, 90, 0, 98, 96)
(9, 200, 5, 0, 196)
(239, 38, 0, 0, 241)
(299, 183, 0, 10, 209)
(189, 39, 2, 20, 158)
(230, 222, 54, 0, 215)
(285, 102, 14, 0, 0)
(249, 133, 19, 0, 222)
(74, 202, 23, 0, 143)
(292, 137, 22, 0, 145)
(68, 18, 6, 5, 207)
(216, 197, 1, 1, 168)
(299, 113, 0, 0, 209)
(20, 170, 49, 0, 225)
(68, 194, 202, 0, 126)
(2, 30, 8, 1, 156)
(7, 135, 3, 3, 187)
(59, 162, 25, 0, 215)
(292, 30, 4, 3, 144)
(85, 131, 11, 5, 81)
(299, 103, 0, 0, 129)
(10, 81, 3, 11, 141)
(269, 224, 0, 0, 218)
(295, 171, 4, 2, 211)
(29, 218, 21, 0, 142)
(299, 206, 0, 3, 49)
(297, 112, 0, 102, 92)
(243, 24, 2, 5, 195)
(281, 210, 0, 0, 240)
(293, 93, 0, 27, 242)
(254, 204, 0, 20, 194)
(93, 27, 0, 38, 116)
(30, 138, 34, 2, 164)
(230, 159, 2, 4, 86)
(78, 140, 1, 3, 79)
(0, 191, 181, 0, 203)
(299, 167, 0, 0, 139)
(193, 191, 19, 0, 157)
(266, 224, 4, 2, 147)
(253, 49, 0, 38, 176)
(66, 223, 8, 1, 166)
(283, 110, 0, 6, 255)
(147, 186, 123, 0, 128)
(253, 151, 4, 1, 118)
(274, 170, 0, 23, 197)
(254, 63, 3, 4, 203)
(245, 144, 2, 1, 123)
(159, 192, 4, 8, 81)
(52, 224, 35, 0, 211)
(266, 224, 17, 0, 170)
(299, 162, 0, 47, 147)
(290, 152, 0, 0, 174)
(286, 75, 5, 1, 136)
(27, 104, 3, 4, 122)
(288, 224, 11, 0, 135)
(113, 26, 0, 141, 215)
(203, 147, 0, 25, 220)
(30, 154, 10, 3, 140)
(299, 216, 0, 1, 105)
(262, 58, 0, 55, 86)
(111, 18, 6, 3, 175)
(65, 224, 225, 0, 214)
(261, 56, 0, 130, 255)
(172, 33, 1, 16, 161)
(254, 150, 0, 20, 31)
(228, 194, 61, 0, 123)
(280, 58, 11, 3, 212)
(238, 60, 0, 0, 169)
(157, 224, 16, 0, 0)
(299, 194, 0, 0, 190)
(179, 146, 3, 1, 250)
(15, 224, 19, 0, 62)
(178, 205, 142, 0, 6)
(289, 62, 0, 162, 51)
(299, 170, 0, 28, 141)
(255, 158, 0, 5, 238)
(282, 174, 17, 1, 224)
(196, 69, 2, 6, 107)
(101, 221, 91, 0, 156)
(38, 224, 88, 0, 118)
(252, 170, 4, 2, 190)
(286, 97, 9, 0, 167)
(299, 3, 0, 160, 178)
(280, 131, 3, 1, 179)
(181, 190, 2, 2, 216)
(36, 56, 7, 2, 109)
(219, 203, 11, 3, 210)
(299, 224, 0, 0, 169)
(299, 173, 0, 11, 173)
(34, 224, 5, 5, 207)
(0, 26, 0, 38, 47)
(246, 33, 0, 143, 85)
(249, 62, 0, 24, 73)
(220, 119, 2, 3, 202)
(226, 58, 0, 8, 76)
(295, 221, 0, 0, 182)
(88, 207, 68, 0, 255)
(286, 126, 5, 1, 240)
(131, 108, 3, 5, 139)
(296, 144, 26, 0, 240)
(265, 135, 21, 0, 223)
(74, 180, 8, 1, 200)
(180, 39, 0, 149, 130)
(103, 92, 4, 7, 186)
(275, 192, 0, 32, 29)
(48, 198, 0, 0, 52)
(297, 116, 0, 67, 88)
(286, 224, 13, 0, 124)
(299, 113, 0, 1, 65)
(201, 72, 0, 19, 145)
(299, 162, 0, 62, 52)
(244, 73, 0, 98, 120)
(285, 224, 0, 0, 36)
(139, 201, 53, 0, 131)
(154, 224, 14, 0, 42)
(255, 216, 0, 0, 163)
(245, 196, 31, 0, 21)
(293, 62, 3, 3, 188)
(15, 224, 126, 0, 55)
(258, 135, 0, 4, 43)
(86, 116, 1, 1, 181)
(258, 0, 0, 4, 83)
(236, 101, 3, 5, 219)
(260, 215, 1, 3, 214)
(195, 173, 41, 0, 40)
(154, 224, 114, 0, 146)
(280, 104, 0, 35, 90)
(159, 152, 109, 0, 192)
(44, 224, 82, 0, 174)
(286, 23, 3, 2, 223)
(194, 205, 0, 9, 104)
(256, 224, 12, 0, 200)
(286, 224, 0, 0, 219)
(254, 20, 2, 3, 151)
(12, 214, 9, 3, 184)
(297, 207, 0, 0, 153)
(113, 178, 4, 2, 157)
(13, 224, 95, 0, 149)
(297, 41, 0, 93, 167)
(281, 223, 3, 1, 192)
(282, 109, 8, 0, 160)
(235, 155, 0, 60, 130)
(299, 9, 0, 149, 210)
(292, 21, 0, 29, 21)
(161, 195, 135, 0, 170)
(166, 224, 37, 0, 255)
(201, 211, 73, 0, 28)
(252, 203, 0, 1, 144)
(268, 162, 3, 3, 233)
(275, 218, 7, 3, 165)
(6, 149, 4, 0, 144)
(210, 224, 10, 0, 155)
(229, 192, 0, 32, 109)
(275, 180, 0, 0, 193)
(149, 145, 1, 5, 127)
(13, 168, 64, 0, 63)
(299, 219, 0, 0, 36)
(268, 149, 0, 32, 255)
(226, 142, 9, 3, 253)
(64, 6, 12, 11, 204)
(299, 211, 0, 0, 79)
(281, 88, 0, 57, 89)
(239, 215, 0, 9, 0)
(53, 111, 20, 0, 211)
(33, 221, 156, 0, 45)
(57, 208, 0, 0, 161)
(202, 149, 3, 5, 235)
(299, 148, 0, 26, 150)
(298, 202, 20, 0, 206)
(9, 218, 40, 0, 174)
(299, 69, 39, 0, 148)
(284, 165, 0, 0, 190)
(191, 190, 6, 1, 229)
(277, 108, 6, 2, 208)
(205, 133, 0, 10, 241)
(297, 170, 0, 0, 245)
(133, 198, 40, 0, 8)
(244, 215, 6, 2, 156)
(145, 144, 2, 8, 235)
(234, 135, 3, 2, 99)
(79, 207, 8, 0, 180)
(276, 77, 2, 1, 151)
(251, 131, 0, 24, 210)
(289, 77, 0, 12, 159)
(282, 128, 0, 84, 11)
(148, 191, 0, 9, 123)
(293, 117, 0, 0, 189)
(231, 165, 15, 0, 140)
(0, 224, 181, 0, 28)
(299, 144, 0, 0, 236)
(94, 138, 7, 4, 207)
(198, 209, 0, 15, 79)
(266, 111, 0, 87, 71)
(284, 20, 0, 116, 135)
(207, 92, 3, 14, 127)
(128, 220, 24, 0, 146)
(113, 216, 142, 0, 105)
(284, 90, 0, 100, 41)
(233, 220, 35, 0, 16)
(298, 178, 0, 42, 173)
(262, 224, 12, 0, 166)
(142, 224, 0, 0, 126)
(158, 193, 1, 2, 69)
(207, 0, 0, 18, 5)
(259, 182, 0, 12, 44)
(260, 199, 0, 12, 229)
(173, 207, 0, 6, 67)
(202, 213, 4, 0, 200)
(256, 156, 0, 12, 129)
(250, 210, 0, 6, 59)
(148, 214, 75, 0, 31)
(53, 70, 0, 132, 31)
(113, 224, 0, 0, 54)
(296, 105, 3, 2, 219)
(176, 167, 14, 0, 103)
(210, 224, 46, 0, 55)
(274, 215, 0, 0, 122)
(99, 206, 2, 1, 162)
(237, 187, 9, 1, 212)
(275, 208, 0, 0, 0)
(234, 37, 0, 97, 27)
(193, 218, 0, 16, 86)
(145, 218, 92, 0, 15)
(181, 143, 3, 5, 255)
(192, 214, 63, 0, 72)
(74, 205, 210, 0, 156)
(64, 111, 21, 4, 77)
(225, 45, 1, 9, 165)
(291, 214, 0, 9, 56)
(299, 98, 0, 124, 29)
(276, 157, 0, 10, 41)
(43, 195, 0, 0, 180)
(25, 41, 16, 4, 162)
(269, 216, 26, 0, 233)
(265, 36, 22, 0, 255)
(221, 168, 0, 13, 22)
(185, 176, 36, 0, 153)
(114, 152, 2, 11, 55)
(60, 224, 0, 0, 81)
(243, 148, 1, 5, 229)
(282, 224, 0, 0, 199)
(24, 69, 0, 110, 108)
(78, 168, 8, 1, 226)
(16, 186, 83, 0, 123)
(253, 60, 5, 2, 183)
(299, 213, 0, 11, 42)
(148, 202, 0, 0, 132)
(273, 206, 21, 0, 172)
(148, 224, 8, 0, 157)
(86, 224, 4, 5, 176)
(104, 224, 171, 0, 188)
(190, 0, 30, 3, 222)
(163, 199, 4, 1, 155)
(149, 224, 150, 0, 62)
(226, 153, 0, 11, 218)
(57, 202, 128, 0, 193)
(248, 106, 0, 101, 115)
(77, 101, 0, 0, 25)
(176, 224, 84, 0, 21)
(210, 224, 25, 0, 42)
(125, 58, 4, 11, 124)
(161, 156, 2, 8, 83)
(37, 63, 20, 2, 212)
(76, 86, 2, 10, 179)
(267, 101, 2, 2, 170)
(5, 215, 0, 7, 216)
(242, 224, 43, 0, 92)
(269, 124, 8, 1, 226)
(270, 196, 0, 20, 220)
(113, 95, 7, 1, 105)
(299, 224, 0, 0, 171)
(224, 146, 0, 72, 31)
(226, 63, 2, 2, 114)
(249, 42, 1, 0, 140)
(236, 224, 23, 0, 25)
(221, 140, 4, 0, 118)
(125, 52, 3, 16, 143)
(98, 213, 111, 0, 75)
(69, 128, 4, 2, 141)
(146, 190, 2, 4, 229)
(264, 183, 0, 0, 193)
(119, 220, 0, 4, 244)
(144, 213, 6, 2, 255)
(240, 43, 0, 33, 26)
(43, 165, 17, 1, 96)
(283, 197, 8, 2, 217)
(163, 195, 1, 0, 236)
(275, 210, 5, 2, 144)
(68, 172, 3, 2, 192)
(22, 215, 121, 0, 6)
(297, 39, 0, 39, 114)
(12, 185, 200, 0, 71)
(126, 174, 3, 9, 238)
(221, 187, 0, 8, 231)
(240, 34, 0, 22, 213)
(276, 209, 0, 0, 62)
(264, 198, 0, 0, 161)
(151, 224, 139, 0, 184)
(266, 186, 0, 3, 236)
(178, 211, 53, 0, 33)
(294, 145, 5, 1, 144)
(299, 97, 0, 76, 0)
(299, 161, 0, 48, 1)
(245, 124, 0, 0, 51)
(273, 178, 0, 0, 70)
(123, 147, 39, 0, 3)
(201, 195, 29, 0, 146)
(194, 45, 2, 5, 162)
(103, 0, 10, 0, 77)
(262, 184, 4, 2, 185)
(87, 224, 29, 0, 56)
(62, 218, 45, 0, 89)
(195, 97, 0, 117, 28)
(288, 181, 0, 0, 20)
(281, 99, 2, 5, 169)
(269, 37, 0, 179, 120)
(268, 140, 0, 1, 57)
(49, 204, 92, 0, 195)
(299, 198, 0, 0, 55)
(69, 49, 0, 181, 122)
(246, 224, 0, 17, 7)
(48, 224, 35, 0, 204)
(248, 224, 42, 0, 73)
(186, 224, 21, 0, 52)
(38, 188, 1, 2, 229)
(28, 154, 1, 5, 82)
(178, 180, 21, 1, 214)
(217, 213, 37, 0, 243)
(141, 68, 8, 2, 154)
(280, 134, 0, 79, 112)
(8, 219, 7, 1, 217)
(299, 7, 0, 78, 172)
(299, 36, 0, 11, 10)
(299, 174, 0, 55, 88)
(288, 161, 0, 37, 251)
(299, 179, 0, 18, 71)
(299, 187, 0, 0, 210)
(74, 192, 65, 0, 72)
(120, 218, 0, 0, 133)
(192, 207, 6, 0, 0)
(121, 208, 99, 0, 113)
(298, 203, 0, 0, 110)
(16, 218, 4, 1, 123)
(299, 198, 0, 0, 203)
(159, 188, 19, 0, 97)
(245, 110, 3, 2, 191)
(261, 161, 2, 6, 217)
(109, 125, 9, 5, 213)
(216, 224, 50, 0, 79)
(225, 195, 15, 0, 193)
(298, 45, 0, 31, 76)
(170, 204, 0, 0, 217)
(165, 202, 0, 20, 94)
(299, 109, 1, 2, 195)
(10, 212, 42, 0, 109)
(260, 202, 6, 0, 102)
(19, 103, 28, 0, 235)
(286, 24, 1, 4, 240)
(184, 222, 29, 0, 224)
(299, 38, 0, 26, 0)
(221, 187, 38, 0, 76)
(0, 187, 264, 0, 42)
(282, 149, 17, 0, 109)
(166, 206, 1, 7, 218)
(204, 165, 13, 1, 200)
(153, 90, 2, 5, 92)
(0, 130, 254, 0, 175)
(299, 72, 0, 14, 140)
(251, 184, 0, 20, 144)
(253, 224, 0, 0, 131)
(270, 57, 21, 0, 185)
(226, 177, 0, 29, 12)
(209, 157, 52, 0, 255)
(238, 147, 1, 7, 163)
(290, 202, 2, 1, 181)
(121, 210, 3, 11, 207)
(68, 199, 144, 0, 170)
(156, 35, 44, 0, 94)
(158, 224, 115, 0, 1)
(239, 30, 1, 5, 178)
(274, 202, 0, 22, 173)
(167, 224, 33, 0, 230)
(86, 120, 9, 2, 201)
(233, 116, 11, 0, 0)
(88, 224, 68, 0, 99)
(286, 206, 13, 1, 182)
(55, 217, 5, 1, 205)
(272, 68, 0, 79, 174)
(278, 196, 0, 0, 70)
(179, 224, 15, 0, 115)
(289, 200, 1, 3, 217)
(194, 207, 45, 0, 92)
(274, 10, 0, 44, 210)
(299, 59, 0, 57, 47)
(171, 145, 3, 3, 164)
(208, 98, 0, 25, 214)
(288, 192, 1, 3, 163)
(234, 220, 0, 0, 171)
(146, 224, 107, 0, 159)
(266, 114, 1, 2, 169)
(230, 221, 1, 1, 173)
(284, 88, 0, 0, 12)
(245, 108, 0, 17, 252)
(20, 189, 70, 0, 225)
(242, 209, 11, 0, 213)
(50, 194, 0, 26, 237)
(97, 224, 76, 0, 106)
(217, 196, 72, 0, 15)
(52, 162, 5, 1, 149)
(33, 150, 0, 0, 90)
(148, 189, 151, 0, 58)
(64, 156, 34, 1, 141)
(299, 203, 0, 0, 199)
(116, 224, 99, 0, 25)
(217, 86, 10, 1, 204)
(299, 119, 0, 29, 182)
(110, 224, 0, 0, 107)
(112, 111, 2, 2, 250)
(237, 0, 0, 44, 95)
(165, 202, 1, 0, 111)
(257, 156, 25, 0, 167)
(232, 67, 2, 2, 225)
(26, 71, 4, 3, 109)
(231, 30, 2, 6, 123)
(164, 133, 0, 23, 161)
(261, 73, 0, 28, 83)
(47, 145, 41, 0, 219)
(297, 184, 2, 9, 156)
(212, 177, 0, 26, 210)
(0, 18, 16, 0, 220)
(208, 224, 91, 0, 227)
(90, 169, 9, 1, 162)
(299, 15, 0, 108, 126)
(299, 0, 0, 107, 145)
(135, 224, 38, 0, 166)
(279, 129, 0, 91, 201)
(292, 202, 7, 0, 79)
(299, 148, 0, 0, 0)
(197, 42, 0, 0, 192)
(289, 97, 2, 1, 219)
(114, 102, 2, 6, 224)
(114, 161, 115, 0, 0)
(2, 48, 5, 9, 191)
(260, 13, 0, 92, 51)
(205, 224, 0, 0, 233)
(290, 83, 0, 104, 255)
(13, 94, 45, 0, 34)
(271, 62, 0, 143, 73)
(298, 204, 0, 15, 55)
(201, 220, 6, 1, 187)
(0, 173, 27, 0, 168)
(269, 141, 6, 2, 126)
(152, 218, 4, 1, 197)
(61, 191, 11, 0, 89)
(285, 15, 0, 185, 187)
(190, 212, 9, 1, 232)
(291, 187, 0, 3, 76)
(299, 26, 0, 144, 159)
(296, 128, 3, 1, 220)
(253, 46, 0, 14, 128)
(0, 89, 71, 0, 50)
(288, 40, 0, 167, 114)
(230, 187, 0, 10, 229)
(290, 224, 0, 0, 206)
(90, 190, 10, 0, 22)
(291, 160, 2, 1, 226)
(87, 177, 57, 0, 228)
(45, 123, 17, 5, 205)
(38, 127, 18, 2, 161)
(236, 158, 2, 4, 228)
(181, 97, 118, 0, 66)
(299, 45, 0, 88, 231)
(299, 212, 0, 0, 118)
(294, 120, 0, 27, 19)
(275, 224, 24, 0, 32)
(274, 107, 0, 43, 171)
(71, 140, 2, 3, 174)
(199, 224, 28, 0, 247)
(244, 150, 0, 0, 115)
(296, 150, 3, 1, 124)
(214, 149, 1, 7, 181)
(207, 159, 0, 15, 27)
(284, 43, 0, 134, 71)
(234, 224, 64, 0, 55)
(161, 113, 33, 0, 247)
(299, 31, 0, 119, 155)
(217, 192, 17, 1, 213)
(198, 31, 0, 0, 35)
(43, 196, 152, 0, 91)
(204, 123, 0, 30, 46)
(284, 224, 0, 0, 233)
(13, 168, 6, 9, 53)
(67, 224, 117, 0, 72)
(94, 212, 35, 0, 70)
(124, 180, 1, 7, 221)
(271, 224, 54, 0, 157)
(269, 147, 0, 17, 160)
(187, 217, 0, 7, 162)
(241, 137, 1, 3, 181)
(208, 224, 0, 6, 220)
(278, 208, 11, 1, 166)
(247, 198, 9, 2, 225)
(209, 69, 0, 55, 125)
(265, 190, 0, 19, 163)
(210, 222, 6, 1, 160)
(243, 153, 3, 10, 202)
(299, 165, 0, 4, 91)
(217, 108, 0, 36, 0)
(299, 88, 0, 25, 124)
(207, 224, 56, 0, 56)
(216, 86, 0, 114, 10)
(299, 224, 0, 0, 0)
(275, 224, 0, 0, 238)
(79, 17, 1, 12, 148)
(278, 127, 3, 2, 221)
(58, 224, 130, 0, 243)
(131, 224, 46, 0, 122)
(199, 109, 0, 30, 29)
(291, 199, 2, 2, 223)
(273, 201, 2, 1, 146)
(207, 97, 10, 6, 131)
(123, 170, 4, 5, 89)
(299, 197, 0, 20, 0)
(243, 108, 2, 3, 116)
(237, 45, 3, 4, 226)
(205, 180, 7, 4, 230)
(270, 50, 2, 1, 156)
(147, 224, 98, 0, 114)
(244, 196, 0, 0, 112)
(299, 224, 0, 0, 158)
(204, 224, 52, 0, 75)
(244, 69, 19, 4, 166)
(267, 26, 2, 12, 224)
(274, 56, 0, 91, 131)
(85, 205, 0, 14, 150)
(98, 208, 35, 0, 7)
(299, 134, 0, 16, 107)
(247, 53, 0, 66, 186)
(33, 195, 147, 0, 137)
(80, 160, 73, 0, 186)
(19, 187, 15, 3, 116)
(286, 77, 0, 20, 37)
(257, 186, 3, 3, 177)
(264, 220, 20, 0, 255)
(299, 52, 0, 120, 76)
(110, 199, 43, 0, 59)
(284, 28, 0, 22, 168)
(255, 202, 0, 0, 121)
(280, 224, 0, 0, 37)
(299, 224, 0, 4, 157)
(299, 177, 0, 0, 233)
(166, 205, 0, 19, 6)
(276, 29, 0, 104, 166)
(95, 224, 64, 0, 174)
(240, 209, 0, 0, 74)
(112, 62, 0, 14, 121)
(0, 6, 2, 28, 188)
(145, 74, 75, 0, 0)
(85, 137, 3, 7, 240)
(61, 194, 162, 0, 237)
(299, 214, 3, 1, 175)
(169, 224, 35, 0, 167)
(287, 183, 2, 3, 182)
(0, 216, 126, 0, 253)
(285, 71, 0, 14, 255)
(211, 224, 18, 0, 141)
(99, 196, 120, 0, 211)
(72, 190, 203, 0, 244)
(296, 117, 2, 1, 148)
(26, 174, 24, 0, 136)
(236, 191, 19, 1, 183)
(297, 129, 0, 50, 168)
(42, 209, 151, 0, 187)
(203, 100, 4, 2, 215)
(272, 124, 1, 1, 122)
(242, 224, 2, 1, 154)
(255, 155, 14, 0, 231)
(281, 139, 0, 52, 93)
(93, 143, 91, 0, 80)
(54, 224, 0, 5, 175)
(299, 43, 0, 33, 41)
(294, 44, 5, 0, 202)
(254, 180, 0, 22, 136)
(98, 80, 15, 2, 191)
(42, 224, 100, 0, 240)
(136, 224, 14, 0, 40)
(290, 192, 0, 0, 40)
(105, 0, 8, 17, 219)
(258, 91, 2, 3, 143)
(299, 224, 10, 0, 175)
(16, 52, 11, 4, 140)
(217, 224, 50, 0, 63)
(272, 208, 0, 0, 107)
(245, 56, 0, 162, 77)
(153, 192, 59, 0, 113)
(209, 206, 0, 0, 18)
(61, 224, 149, 0, 167)
(298, 11, 0, 165, 151)
(116, 177, 7, 1, 73)
(294, 142, 0, 38, 213)
(269, 224, 30, 0, 40)
(292, 28, 0, 39, 37)
(82, 80, 1, 6, 210)
(230, 13, 0, 0, 200)
(299, 157, 0, 46, 116)
(111, 224, 53, 0, 199)
(263, 39, 4, 1, 215)
(140, 214, 1, 1, 163)
(126, 169, 4, 1, 94)
(278, 224, 3, 0, 115)
(299, 0, 0, 15, 235)
(233, 180, 0, 8, 175)
(236, 220, 1, 3, 137)
(193, 214, 6, 0, 52)
(11, 76, 2, 8, 153)
(49, 206, 0, 10, 159)
(22, 224, 16, 0, 113)
(62, 202, 14, 0, 49)
(241, 155, 0, 50, 175)
(262, 192, 19, 0, 173)
(0, 178, 5, 1, 127)
(283, 11, 0, 79, 95)
(279, 2, 0, 20, 126)
(299, 204, 0, 20, 41)
(292, 141, 7, 1, 215)
(282, 151, 0, 47, 0)
(297, 195, 0, 38, 255)
(195, 168, 33, 0, 22)
(137, 196, 3, 4, 141)
(281, 80, 4, 2, 228)
(283, 160, 23, 0, 183)
(234, 151, 0, 0, 181)
(200, 160, 2, 3, 163)
(248, 115, 1, 6, 166)
(177, 4, 0, 215, 157)
(261, 58, 6, 5, 215)
(67, 211, 161, 0, 55)
(299, 175, 0, 0, 129)
(68, 220, 213, 0, 125)
(236, 15, 0, 36, 108)
(272, 42, 0, 93, 242)
(30, 201, 48, 0, 125)
(237, 224, 10, 0, 119)
(7, 224, 190, 0, 80)
(209, 224, 75, 0, 0)
(291, 162, 0, 0, 189)
(134, 212, 53, 0, 129)
(299, 62, 0, 69, 10)
(202, 222, 49, 0, 67)
(136, 220, 0, 2, 32)
(233, 224, 8, 0, 194)
(18, 198, 22, 0, 119)
(255, 223, 5, 1, 103)
(218, 211, 30, 0, 247)
(173, 218, 0, 0, 208)
(299, 1, 0, 0, 170)
(281, 224, 0, 5, 3)
(299, 46, 0, 0, 17)
(66, 145, 0, 12, 84)
(299, 76, 1, 0, 107)
(247, 224, 26, 0, 94)
(69, 224, 73, 0, 226)
(296, 126, 0, 99, 237)
(299, 103, 0, 121, 87)
(299, 14, 0, 111, 34)
(3, 145, 62, 0, 33)
(299, 75, 33, 6, 183)
(15, 204, 0, 0, 119)
(299, 83, 0, 9, 84)
(273, 124, 2, 4, 231)
(298, 217, 1, 0, 137)
(88, 224, 0, 0, 223)
(202, 215, 0, 2, 80)
(299, 194, 0, 30, 118)
(166, 224, 55, 0, 156)
(299, 214, 0, 0, 246)
(108, 200, 28, 0, 0)
(10, 203, 232, 0, 156)
(298, 85, 4, 2, 182)
(249, 44, 0, 43, 0)
(35, 217, 229, 0, 105)
(2, 202, 153, 0, 199)
(299, 206, 0, 0, 21)
(232, 224, 40, 0, 2)
(30, 180, 43, 0, 158)
(149, 191, 7, 1, 72)
(101, 174, 76, 0, 70)
(241, 141, 0, 14, 0)
(299, 28, 0, 23, 61)
(205, 183, 1, 12, 240)
(54, 109, 2, 8, 229)
(5, 54, 1, 10, 88)
(17, 191, 31, 2, 219)
(278, 24, 0, 111, 81)
(147, 177, 2, 12, 85)
(238, 197, 0, 0, 195)
(208, 147, 1, 2, 216)
(125, 220, 5, 0, 74)
(268, 159, 4, 1, 215)
(188, 224, 53, 0, 192)
(10, 88, 31, 1, 116)
(235, 208, 18, 0, 98)
(159, 121, 66, 0, 223)
(184, 224, 0, 0, 215)
(226, 213, 77, 0, 0)
(299, 215, 0, 0, 242)
(0, 222, 54, 0, 20)
(241, 206, 0, 0, 155)
(299, 75, 0, 83, 249)
(290, 90, 9, 0, 101)
(157, 224, 90, 0, 211)
(238, 188, 0, 22, 30)
(266, 224, 33, 0, 53)
(230, 117, 34, 0, 10)
(112, 188, 3, 6, 69)
(53, 208, 175, 0, 57)
(225, 149, 0, 0, 177)
(247, 217, 9, 0, 249)
(299, 137, 0, 2, 121)
(272, 180, 0, 5, 74)
(184, 179, 0, 22, 92)
(299, 132, 0, 49, 236)
(273, 224, 3, 0, 153)
(74, 224, 0, 0, 3)
(299, 113, 0, 107, 0)
(78, 220, 172, 0, 49)
(34, 202, 230, 0, 77)
(289, 114, 1, 1, 225)
(282, 91, 3, 3, 164)
(299, 134, 0, 45, 52)
(236, 137, 2, 1, 130)
(268, 54, 0, 188, 210)
(203, 224, 7, 0, 57)
(149, 11, 11, 6, 188)
(299, 120, 0, 50, 182)
(282, 103, 1, 7, 193)
(145, 98, 68, 0, 97)
(254, 224, 3, 0, 33)
(296, 215, 2, 1, 139)
(253, 201, 2, 3, 176)
(0, 0, 0, 0, 0)
(0, 0, 0, 0, 0)
