Background: 197
(138, 63, 98, 68, 137)
(186, 130, 98, 59, 217)
(0, 38, 171, 153, 154)
(46, 114, 94, 17, 200)
(0, 152, 43, 27, 68)
(229, 205, 71, 20, 165)
(32, 204, 202, 12, 210)
(156, 0, 77, 31, 225)
(110, 153, 126, 12, 134)
(130, 35, 119, 28, 177)
(0, 57, 29, 59, 107)
(25, 189, 52, 22, 214)
(132, 137, 23, 30, 214)
(113, 0, 22, 41, 139)
(101, 102, 24, 19, 214)
(62, 92, 29, 24, 78)
(64, 181, 39, 9, 86)
(168, 128, 15, 17, 125)
(181, 166, 75, 16, 234)
(30, 62, 92, 26, 188)
(142, 83, 16, 42, 106)
(99, 190, 94, 16, 162)
(193, 121, 59, 8, 117)
(229, 86, 17, 23, 205)
(31, 138, 72, 18, 194)
(252, 0, 48, 17, 169)
(102, 34, 14, 38, 127)
(68, 170, 70, 11, 195)
(243, 185, 56, 11, 174)
(252, 107, 47, 55, 199)
(117, 168, 18, 53, 201)
(53, 219, 41, 9, 175)
(217, 220, 83, 5, 145)
(215, 27, 42, 58, 174)
(203, 140, 33, 7, 243)
(140, 162, 8, 39, 104)
(203, 182, 29, 23, 220)
(296, 183, 4, 36, 160)
(226, 206, 33, 9, 186)
(156, 0, 11, 46, 212)
(280, 72, 17, 34, 171)
(180, 42, 46, 17, 154)
(76, 158, 55, 9, 93)
(102, 152, 11, 11, 238)
(269, 162, 44, 15, 224)
(132, 76, 85, 24, 129)
(252, 181, 28, 11, 189)
(151, 161, 4, 27, 231)
(59, 146, 77, 10, 167)
(157, 162, 4, 22, 93)
(246, 160, 33, 2, 154)
(284, 217, 23, 7, 123)
(112, 142, 16, 11, 196)
(24, 105, 32, 36, 182)
(92, 50, 34, 5, 125)
(248, 83, 34, 11, 179)
(78, 196, 13, 5, 124)
(95, 210, 87, 9, 219)
(244, 172, 17, 2, 197)
(0, 211, 36, 17, 185)
(166, 154, 11, 19, 220)
(194, 162, 14, 26, 239)
(164, 136, 7, 28, 145)
(237, 15, 21, 54, 183)
(109, 191, 7, 13, 90)
(144, 188, 28, 9, 201)
(261, 41, 13, 8, 162)
(211, 175, 16, 13, 240)
(64, 18, 19, 39, 206)
(274, 202, 12, 23, 160)
(135, 182, 8, 14, 89)
(122, 165, 6, 35, 141)
(276, 222, 11, 3, 197)
(282, 155, 26, 6, 162)
(293, 193, 6, 16, 173)
(233, 110, 12, 13, 138)
(228, 47, 37, 13, 196)
(252, 202, 12, 17, 178)
(184, 203, 23, 10, 222)
(127, 129, 17, 11, 137)
(282, 29, 19, 6, 159)
(0, 181, 35, 9, 102)
(216, 126, 12, 22, 243)
(0, 138, 16, 14, 86)
(237, 18, 8, 25, 159)
(92, 206, 79, 1, 178)
(79, 21, 17, 19, 155)
(174, 172, 28, 3, 239)
(197, 114, 4, 42, 117)
(73, 126, 13, 8, 248)
(104, 176, 24, 13, 178)
(8, 116, 13, 19, 125)
(148, 186, 10, 7, 113)
(158, 74, 16, 20, 143)
(290, 97, 10, 42, 206)
(42, 166, 16, 10, 58)
(192, 18, 6, 36, 228)
(244, 199, 28, 2, 226)
(129, 144, 2, 25, 88)
(216, 78, 11, 13, 197)
(288, 144, 10, 13, 190)
(133, 0, 11, 74, 169)
(186, 59, 14, 27, 116)
(204, 153, 7, 4, 241)
(0, 151, 18, 26, 58)
(239, 144, 45, 6, 217)
(285, 205, 9, 7, 183)
(21, 34, 47, 15, 189)
(45, 177, 8, 12, 188)
(220, 217, 9, 4, 173)
(266, 104, 5, 26, 221)
(273, 15, 26, 14, 187)
(146, 134, 14, 9, 233)
(210, 194, 33, 2, 194)
(185, 108, 33, 15, 111)
(0, 31, 10, 18, 119)
(55, 192, 20, 20, 227)
(279, 185, 6, 4, 196)
(81, 0, 35, 22, 211)
(121, 200, 19, 20, 206)
(270, 98, 4, 41, 210)
(192, 223, 16, 2, 168)
(230, 150, 32, 6, 214)
(133, 153, 10, 11, 233)
(83, 77, 14, 15, 140)
(0, 69, 10, 9, 65)
(149, 215, 16, 11, 212)
(214, 70, 47, 8, 159)
(13, 73, 57, 4, 192)
(236, 134, 8, 11, 179)
(230, 222, 20, 2, 125)
(0, 0, 19, 14, 188)
(146, 198, 7, 8, 108)
(130, 98, 19, 11, 98)
(272, 201, 6, 21, 161)
(297, 222, 4, 3, 97)
(273, 20, 9, 10, 160)
(53, 175, 39, 4, 143)
(165, 189, 7, 12, 244)
(197, 108, 35, 5, 148)
(239, 192, 38, 5, 176)
(273, 52, 7, 24, 180)
(13, 177, 23, 8, 83)
(247, 124, 9, 5, 164)
(280, 197, 14, 4, 211)
(173, 77, 43, 8, 114)
(118, 175, 6, 11, 96)
(250, 10, 3, 11, 132)
(55, 168, 15, 4, 95)
(275, 215, 24, 2, 144)
(294, 219, 4, 6, 106)
(107, 65, 5, 40, 216)
(26, 197, 24, 14, 210)
(30, 80, 12, 20, 124)
(217, 198, 15, 9, 211)
(179, 151, 12, 14, 79)
(295, 38, 4, 5, 226)
(259, 204, 27, 5, 166)
(96, 196, 15, 5, 209)
(243, 155, 13, 5, 198)
(157, 191, 4, 5, 121)
(216, 178, 0, 0, 41)
(289, 31, 4, 6, 207)
(139, 171, 10, 15, 80)
(260, 26, 5, 15, 178)
(155, 195, 4, 10, 236)
(174, 102, 10, 16, 172)
(103, 133, 17, 8, 85)
(284, 142, 9, 3, 176)
(252, 141, 29, 2, 172)
(151, 207, 34, 6, 228)
(152, 185, 23, 4, 147)
(200, 210, 60, 0, 0)
(280, 161, 20, 4, 213)
(176, 192, 26, 9, 157)
(183, 196, 17, 2, 216)
(151, 127, 6, 16, 233)
(10, 222, 18, 2, 212)
(277, 49, 0, 0, 11)
(237, 219, 35, 3, 149)
(170, 189, 81, 0, 16)
(0, 185, 24, 2, 80)
(209, 148, 5, 6, 104)
(39, 142, 24, 15, 228)
(255, 54, 11, 11, 216)
(49, 206, 6, 13, 226)
(40, 50, 25, 7, 106)
(274, 109, 6, 7, 218)
(57, 176, 7, 12, 128)
(194, 98, 12, 7, 198)
(292, 2, 7, 17, 166)
(250, 223, 4, 7, 201)
(240, 24, 0, 43, 165)
(282, 95, 3, 48, 190)
(248, 188, 31, 4, 185)
(287, 157, 13, 3, 126)
(229, 174, 62, 2, 231)
(273, 102, 3, 5, 153)
(170, 149, 4, 8, 144)
(186, 176, 0, 48, 89)
(107, 149, 7, 4, 47)
(236, 180, 46, 0, 133)
(222, 160, 19, 6, 160)
(64, 115, 13, 2, 93)
(225, 0, 22, 12, 229)
(272, 132, 23, 6, 211)
(114, 213, 13, 8, 207)
(231, 158, 7, 3, 238)
(287, 212, 12, 2, 170)
(47, 32, 7, 21, 174)
(227, 73, 29, 8, 151)
(85, 191, 22, 1, 129)
(196, 104, 0, 116, 254)
(268, 139, 24, 2, 172)
(294, 220, 5, 2, 103)
(104, 88, 10, 13, 216)
(161, 140, 16, 10, 119)
(276, 59, 1, 30, 197)
(84, 142, 24, 5, 207)
(223, 58, 0, 0, 0)
(299, 19, 6, 5, 118)
(15, 213, 33, 0, 11)
(36, 111, 7, 17, 148)
(274, 86, 22, 6, 156)
(236, 118, 1, 12, 238)
(138, 39, 29, 10, 195)
(238, 147, 20, 2, 196)
(286, 220, 1, 4, 155)
(125, 175, 7, 14, 227)
(233, 110, 3, 26, 117)
(285, 224, 14, 0, 198)
(256, 193, 12, 5, 179)
(129, 174, 2, 25, 237)
(136, 204, 10, 2, 236)
(255, 215, 9, 2, 222)
(279, 224, 1, 14, 231)
(240, 174, 5, 14, 231)
(287, 125, 9, 8, 217)
(269, 121, 17, 8, 181)
(293, 31, 0, 37, 145)
(250, 143, 25, 2, 238)
(20, 70, 5, 15, 145)
(177, 191, 103, 0, 220)
(57, 19, 19, 12, 216)
(130, 72, 5, 11, 90)
(263, 224, 27, 0, 56)
(210, 52, 12, 24, 172)
(283, 46, 9, 22, 210)
(160, 193, 3, 8, 81)
(48, 197, 150, 0, 99)
(203, 220, 14, 3, 177)
(272, 183, 0, 0, 89)
(13, 143, 15, 7, 128)
(215, 34, 4, 18, 129)
(199, 94, 32, 4, 158)
(86, 165, 22, 4, 112)
(283, 60, 0, 8, 56)
(72, 153, 11, 12, 122)
(237, 114, 1, 8, 216)
(178, 180, 22, 3, 218)
(184, 44, 3, 34, 139)
(222, 209, 12, 7, 195)
(97, 201, 12, 5, 97)
(290, 75, 9, 12, 187)
(286, 0, 0, 89, 72)
(278, 0, 1, 5, 141)
(279, 108, 0, 41, 40)
(297, 135, 45, 3, 182)
(259, 222, 1, 2, 113)
(191, 181, 4, 10, 244)
(187, 105, 13, 2, 223)
(147, 222, 16, 0, 169)
(83, 131, 13, 6, 86)
(230, 30, 4, 7, 135)
(255, 223, 4, 1, 110)
(253, 172, 6, 11, 232)
(263, 202, 15, 0, 128)
(228, 96, 0, 69, 42)
(28, 7, 53, 14, 204)
(40, 21, 4, 15, 142)
(101, 206, 43, 1, 201)
(194, 202, 78, 0, 192)
(143, 224, 50, 0, 51)
(222, 115, 7, 12, 117)
(289, 207, 9, 2, 224)
(152, 81, 3, 13, 98)
(109, 34, 41, 5, 155)
(0, 223, 11, 4, 82)
(265, 134, 3, 4, 110)
(241, 129, 10, 8, 237)
(277, 79, 8, 5, 215)
(122, 131, 15, 3, 180)
(196, 222, 14, 1, 178)
(280, 121, 0, 31, 46)
(253, 62, 9, 3, 200)
(259, 117, 4, 5, 158)
(156, 59, 19, 13, 179)
(179, 140, 16, 10, 227)
(291, 119, 0, 105, 154)
(290, 102, 8, 7, 189)
(297, 95, 4, 22, 218)
(242, 173, 5, 0, 6)
(99, 212, 17, 2, 231)
(48, 80, 14, 6, 208)
(74, 0, 23, 13, 207)
(0, 133, 3, 6, 59)
(262, 169, 6, 2, 172)
(72, 59, 6, 8, 221)
(56, 221, 20, 3, 161)
(226, 41, 6, 4, 206)
(281, 201, 0, 14, 83)
(288, 83, 9, 3, 220)
(227, 102, 6, 13, 169)
(144, 125, 0, 91, 0)
(299, 215, 1, 3, 127)
(282, 82, 6, 5, 155)
(252, 86, 0, 0, 197)
(284, 126, 7, 9, 217)
(227, 59, 8, 28, 151)
(235, 224, 1, 4, 207)
(272, 219, 4, 4, 168)
(155, 88, 7, 10, 170)
(114, 8, 22, 18, 132)
(248, 100, 12, 8, 214)
(159, 203, 4, 21, 210)
(255, 0, 0, 181, 21)
(299, 221, 1, 6, 93)
(270, 168, 29, 4, 229)
(277, 136, 0, 0, 28)
(296, 47, 0, 76, 212)
(116, 95, 11, 6, 113)
(247, 168, 19, 1, 200)
(290, 188, 4, 4, 152)
(209, 32, 4, 8, 215)
(298, 32, 0, 44, 160)
(182, 55, 3, 6, 111)
(170, 52, 129, 0, 128)
(0, 206, 7, 11, 178)
(155, 170, 9, 5, 122)
(251, 182, 4, 8, 195)
(50, 106, 9, 22, 204)
(268, 180, 12, 5, 199)
(76, 169, 15, 4, 252)
(277, 166, 9, 2, 205)
(122, 59, 2, 7, 82)
(57, 101, 35, 6, 71)
(285, 183, 11, 2, 182)
(256, 35, 0, 188, 209)
(138, 162, 4, 3, 134)
(208, 123, 57, 0, 223)
(238, 91, 9, 7, 223)
(274, 71, 2, 1, 236)
(205, 63, 12, 3, 202)
(89, 28, 9, 25, 132)
(116, 11, 10, 8, 106)
(44, 221, 11, 3, 180)
(85, 111, 9, 9, 181)
(28, 17, 6, 22, 206)
(195, 202, 24, 4, 227)
(266, 141, 11, 3, 160)
(207, 159, 14, 5, 99)
(160, 120, 5, 9, 114)
(232, 187, 0, 0, 191)
(299, 224, 0, 0, 59)
(290, 211, 9, 1, 155)
(64, 114, 1, 53, 184)
(106, 0, 11, 8, 219)
(225, 198, 35, 1, 215)
(173, 203, 22, 1, 190)
(109, 202, 175, 0, 204)
(294, 77, 9, 3, 167)
(292, 21, 0, 106, 0)
(62, 86, 4, 28, 100)
(175, 151, 5, 5, 245)
(221, 48, 13, 4, 187)
(215, 41, 0, 38, 94)
(297, 125, 0, 41, 91)
(161, 155, 2, 12, 90)
(122, 74, 9, 7, 190)
(194, 116, 16, 8, 102)
(115, 121, 158, 0, 160)
(270, 144, 0, 61, 230)
(207, 134, 1, 18, 170)
(134, 212, 26, 3, 239)
(100, 224, 169, 0, 142)
(122, 126, 2, 14, 131)
(14, 158, 9, 7, 80)
(217, 76, 11, 6, 215)
(177, 214, 6, 10, 202)
(112, 67, 3, 23, 158)
(237, 149, 2, 6, 130)
(206, 206, 0, 8, 233)
(267, 0, 2, 14, 196)
(188, 124, 5, 25, 238)
(182, 122, 5, 4, 108)
(208, 133, 7, 7, 243)
(257, 214, 1, 4, 211)
(225, 63, 0, 29, 249)
(285, 119, 3, 7, 179)
(42, 188, 28, 3, 193)
(211, 40, 2, 33, 191)
(217, 123, 4, 3, 161)
(19, 63, 5, 29, 159)
(113, 19, 11, 17, 126)
(298, 8, 0, 179, 100)
(278, 13, 9, 6, 204)
(242, 78, 2, 38, 206)
(292, 165, 8, 1, 195)
(110, 88, 29, 5, 166)
(200, 130, 9, 12, 175)
(240, 133, 1, 3, 225)
(298, 48, 6, 9, 165)
(250, 140, 18, 1, 228)
(80, 190, 21, 1, 98)
(257, 130, 0, 60, 9)
(261, 224, 0, 0, 102)
(267, 208, 16, 4, 152)
(228, 129, 2, 9, 234)
(192, 146, 6, 7, 202)
(219, 191, 6, 10, 217)
(222, 55, 3, 11, 123)
(61, 148, 6, 4, 136)
(18, 192, 75, 3, 218)
(252, 221, 2, 2, 182)
(173, 204, 6, 1, 166)
(276, 72, 29, 3, 159)
(106, 153, 2, 5, 223)
(50, 140, 44, 2, 221)
(140, 208, 8, 5, 191)
(169, 119, 11, 8, 170)
(114, 155, 9, 9, 50)
(7, 212, 39, 1, 189)
(8, 42, 6, 13, 96)
(297, 197, 2, 13, 165)
(296, 30, 3, 3, 191)
(276, 39, 0, 29, 133)
(299, 172, 0, 0, 124)
(223, 151, 67, 0, 227)
(170, 189, 8, 4, 141)
(40, 80, 26, 3, 210)
(266, 32, 10, 4, 229)
(159, 128, 2, 30, 158)
(290, 55, 9, 8, 202)
(140, 207, 154, 0, 138)
(282, 212, 4, 10, 148)
(170, 223, 25, 1, 183)
(132, 192, 2, 5, 122)
(235, 167, 9, 20, 231)
(264, 212, 7, 2, 179)
(266, 42, 0, 49, 207)
(145, 146, 4, 10, 232)
(121, 206, 6, 5, 152)
(66, 116, 16, 5, 159)
(277, 154, 4, 3, 215)
(289, 218, 10, 3, 113)
(169, 12, 40, 17, 228)
(39, 153, 10, 7, 190)
(124, 30, 3, 11, 191)
(226, 224, 8, 0, 65)
(75, 33, 19, 3, 197)
(194, 176, 1, 22, 237)
(44, 196, 114, 0, 30)
(299, 222, 0, 16, 167)
(69, 224, 17, 1, 181)
(87, 202, 10, 9, 193)
(150, 90, 2, 11, 184)
(246, 198, 5, 5, 225)
(239, 152, 3, 4, 241)
(193, 181, 5, 1, 160)
(194, 157, 38, 4, 105)
(154, 149, 1, 23, 180)
(280, 149, 3, 3, 143)
(134, 185, 1, 6, 98)
(299, 102, 0, 0, 0)
(251, 93, 13, 3, 175)
(97, 221, 99, 2, 203)
(273, 103, 0, 21, 236)
(105, 177, 8, 12, 205)
(249, 92, 8, 2, 209)
(172, 201, 29, 1, 175)
(130, 210, 9, 4, 235)
(296, 117, 3, 6, 192)
(243, 24, 10, 7, 169)
(216, 165, 16, 1, 167)
(299, 191, 0, 33, 239)
(195, 186, 32, 2, 237)
(200, 172, 9, 2, 196)
(284, 179, 8, 1, 176)
(0, 216, 3, 8, 170)
(61, 213, 29, 5, 194)
(18, 195, 38, 5, 212)
(257, 106, 0, 81, 120)
(97, 219, 40, 0, 106)
(174, 187, 3, 11, 147)
(64, 224, 26, 0, 158)
(159, 177, 0, 0, 57)
(244, 214, 7, 5, 159)
(116, 182, 3, 6, 74)
(287, 70, 4, 5, 179)
(299, 48, 0, 17, 139)
(103, 47, 15, 7, 79)
(80, 182, 25, 3, 81)
(164, 133, 2, 9, 224)
(158, 199, 78, 0, 178)
(299, 207, 5, 2, 161)
(180, 183, 4, 4, 106)
(260, 224, 0, 0, 237)
(172, 158, 4, 13, 239)
(233, 205, 13, 1, 188)
(297, 32, 2, 6, 153)
(66, 91, 11, 7, 129)
(234, 14, 2, 8, 130)
(31, 194, 20, 16, 209)
(159, 213, 13, 2, 195)
(258, 224, 3, 0, 57)
(274, 153, 2, 7, 164)
(246, 19, 1, 12, 216)
(112, 186, 4, 18, 78)
(94, 72, 4, 5, 94)
(81, 201, 11, 4, 164)
(295, 87, 0, 158, 157)
(93, 113, 39, 9, 216)
(176, 224, 15, 1, 182)
(92, 201, 8, 1, 195)
(183, 167, 21, 6, 251)
(205, 157, 7, 2, 213)
(281, 139, 1, 6, 201)
(139, 163, 2, 17, 97)
(269, 1, 0, 149, 231)
(97, 131, 2, 8, 250)
(297, 21, 0, 4, 124)
(235, 137, 29, 2, 166)
(69, 62, 3, 10, 124)
(273, 14, 0, 161, 200)
(172, 198, 7, 5, 218)
(9, 100, 13, 4, 140)
(285, 216, 0, 0, 80)
(227, 35, 3, 13, 213)
(280, 88, 7, 4, 183)
(186, 217, 16, 3, 191)
(204, 224, 93, 0, 161)
(256, 7, 2, 14, 213)
(230, 65, 13, 5, 192)
(200, 59, 19, 6, 193)
(299, 198, 0, 0, 40)
(229, 193, 3, 1, 206)
(299, 123, 0, 0, 58)
(77, 19, 4, 7, 152)
(260, 207, 10, 3, 149)
(277, 112, 0, 0, 136)
(269, 124, 7, 4, 208)
(282, 153, 7, 5, 176)
(195, 207, 34, 2, 212)
(19, 132, 11, 9, 210)
(157, 144, 2, 12, 88)
(243, 146, 15, 6, 199)
(289, 223, 6, 2, 127)
(148, 111, 3, 10, 76)
(0, 52, 96, 0, 40)
(293, 110, 6, 1, 213)
(271, 113, 10, 1, 229)
(33, 187, 16, 3, 170)
(142, 219, 19, 5, 210)
(152, 184, 6, 5, 209)
(299, 80, 0, 45, 255)
(253, 206, 25, 0, 250)
(68, 219, 0, 0, 17)
(223, 160, 5, 4, 214)
(288, 28, 0, 30, 96)
(118, 169, 0, 6, 197)
(232, 221, 1, 3, 103)
(213, 168, 0, 3, 121)
(255, 202, 9, 3, 165)
(269, 68, 21, 2, 211)
(149, 81, 0, 0, 54)
(245, 57, 5, 18, 174)
(266, 224, 11, 1, 145)
(298, 0, 7, 4, 150)
(50, 164, 7, 13, 74)
(203, 193, 2, 5, 189)
(37, 172, 30, 1, 68)
(297, 221, 2, 3, 94)
(126, 190, 2, 7, 66)
(62, 130, 7, 3, 119)
(10, 223, 1, 1, 165)
(19, 195, 105, 0, 123)
(132, 215, 8, 15, 189)
(294, 7, 8, 3, 180)
(257, 5, 0, 199, 123)
(219, 119, 3, 4, 199)
(231, 96, 4, 13, 190)
(124, 125, 68, 0, 88)
(47, 56, 40, 2, 179)
(274, 97, 0, 47, 5)
(254, 219, 3, 1, 175)
(234, 143, 8, 4, 223)
(222, 224, 3, 6, 126)
(299, 209, 1, 1, 195)
(260, 69, 0, 97, 255)
(273, 97, 7, 3, 220)
(257, 134, 5, 6, 179)
(291, 201, 3, 2, 144)
(287, 208, 0, 3, 40)
(251, 30, 1, 3, 204)
(241, 162, 8, 2, 187)
(272, 78, 4, 4, 225)
(36, 216, 0, 0, 145)
(66, 224, 80, 0, 173)
(209, 162, 0, 0, 108)
(205, 37, 1, 17, 130)
(297, 224, 0, 0, 53)
(238, 101, 6, 5, 199)
(122, 186, 3, 5, 236)
(135, 196, 13, 4, 124)
(233, 188, 0, 0, 200)
(191, 46, 5, 4, 170)
(188, 27, 4, 10, 234)
(155, 219, 32, 1, 201)
(165, 83, 18, 8, 144)
(21, 145, 145, 0, 235)
(68, 218, 36, 1, 190)
(272, 76, 3, 2, 214)
(30, 224, 15, 0, 233)
(193, 108, 12, 2, 104)
(144, 65, 6, 29, 144)
(192, 170, 3, 1, 160)
(208, 176, 49, 1, 246)
(201, 35, 6, 17, 138)
(140, 224, 25, 1, 218)
(295, 185, 5, 7, 152)
(263, 69, 8, 11, 210)
(122, 84, 2, 12, 198)
(196, 62, 33, 0, 254)
(277, 39, 5, 4, 212)
(299, 69, 0, 100, 232)
(293, 209, 5, 2, 152)
(11, 224, 8, 1, 217)
(87, 178, 25, 3, 237)
(235, 171, 36, 1, 206)
(285, 92, 2, 6, 225)
(17, 219, 109, 0, 69)
(281, 165, 0, 58, 114)
(141, 166, 4, 18, 70)
(246, 106, 2, 2, 141)
(291, 98, 3, 4, 178)
(289, 148, 3, 3, 123)
(120, 224, 25, 0, 98)
(268, 130, 2, 5, 126)
(107, 83, 3, 27, 233)
(299, 167, 0, 32, 46)
(129, 164, 91, 0, 122)
(225, 219, 43, 0, 111)
(0, 149, 3, 1, 53)
(270, 111, 0, 81, 2)
(28, 90, 3, 19, 120)
(238, 213, 61, 0, 250)
(296, 199, 1, 7, 156)
(123, 191, 3, 5, 66)
(268, 152, 3, 3, 220)
(220, 73, 1, 12, 200)
(248, 5, 2, 4, 138)
(206, 182, 23, 2, 229)
(27, 69, 5, 6, 119)
(47, 215, 5, 5, 221)
(68, 140, 9, 7, 168)
(277, 210, 5, 1, 139)
(226, 224, 0, 0, 179)
(294, 224, 13, 0, 80)
(24, 223, 3, 4, 152)
(163, 78, 10, 0, 242)
(294, 196, 5, 7, 168)
(218, 145, 58, 0, 242)
(299, 192, 0, 1, 97)
(180, 220, 21, 0, 90)
(238, 126, 6, 4, 112)
(82, 174, 10, 3, 128)
(73, 41, 3, 17, 156)
(66, 177, 3, 5, 159)
(71, 61, 28, 5, 208)
(109, 224, 83, 0, 246)
(280, 20, 0, 156, 213)
(294, 204, 0, 4, 151)
(273, 222, 3, 1, 214)
(138, 181, 2, 9, 67)
(299, 92, 0, 102, 0)
(191, 168, 41, 2, 242)
(63, 183, 0, 24, 0)
(265, 189, 8, 1, 169)
(214, 5, 19, 18, 227)
(168, 224, 0, 0, 51)
(299, 193, 0, 11, 29)
(293, 220, 6, 0, 225)
(148, 70, 8, 2, 106)
(253, 137, 5, 4, 208)
(173, 209, 30, 5, 223)
(166, 162, 3, 6, 156)
(121, 213, 14, 6, 209)
(264, 133, 0, 0, 58)
(128, 122, 20, 0, 233)
(299, 188, 0, 16, 111)
(221, 216, 41, 0, 0)
(151, 150, 3, 10, 179)
(215, 102, 5, 5, 176)
(261, 51, 3, 18, 223)
(195, 178, 28, 1, 240)
(247, 211, 0, 0, 100)
(299, 211, 19, 2, 146)
(16, 18, 185, 0, 82)
(196, 124, 3, 12, 104)
(73, 203, 8, 2, 190)
(257, 185, 47, 0, 217)
(163, 37, 9, 21, 190)
(57, 212, 106, 0, 47)
(131, 145, 2, 12, 115)
(0, 176, 84, 0, 17)
(89, 147, 5, 8, 108)
(200, 69, 5, 24, 116)
(195, 224, 15, 0, 18)
(273, 143, 2, 8, 224)
(261, 91, 27, 0, 39)
(299, 61, 0, 66, 192)
(291, 157, 2, 4, 176)
(299, 189, 0, 0, 27)
(198, 185, 6, 5, 224)
(101, 148, 10, 3, 53)
(108, 168, 16, 4, 219)
(299, 19, 0, 0, 60)
(255, 198, 0, 0, 63)
(79, 221, 17, 3, 181)
(243, 185, 7, 2, 190)
(209, 191, 6, 6, 186)
(296, 10, 3, 2, 193)
(211, 90, 0, 82, 72)
(95, 122, 14, 9, 180)
(299, 163, 0, 38, 151)
(116, 188, 6, 14, 224)
(294, 134, 9, 1, 226)
(275, 143, 1, 9, 228)
(4, 149, 0, 75, 147)
(280, 71, 2, 6, 151)
(222, 53, 1, 17, 140)
(246, 113, 15, 4, 180)
(299, 138, 0, 8, 0)
(112, 58, 3, 5, 203)
(190, 135, 5, 7, 247)
(43, 205, 21, 0, 11)
(255, 224, 5, 0, 63)
(298, 215, 1, 2, 129)
(55, 135, 8, 6, 152)
(158, 136, 2, 8, 210)
(299, 84, 0, 66, 221)
(222, 193, 7, 2, 195)
(247, 206, 11, 1, 201)
(267, 88, 5, 13, 198)
(299, 39, 1, 8, 222)
(79, 142, 1, 17, 163)
(81, 224, 80, 0, 144)
(27, 181, 4, 3, 131)
(144, 187, 9, 2, 113)
(272, 208, 3, 10, 160)
(76, 218, 188, 0, 155)
(254, 224, 1, 0, 79)
(176, 166, 0, 28, 64)
(11, 127, 6, 16, 132)
(93, 135, 2, 9, 185)
(115, 199, 125, 0, 202)
(214, 147, 1, 9, 180)
(151, 122, 0, 0, 189)
(128, 62, 7, 6, 195)
(31, 183, 0, 0, 14)
(299, 143, 12, 5, 211)
(185, 152, 0, 23, 199)
(118, 192, 28, 0, 96)
(77, 178, 218, 0, 139)
(222, 89, 3, 5, 208)
(262, 87, 2, 6, 200)
(299, 10, 0, 214, 77)
(285, 216, 14, 2, 134)
(299, 30, 0, 111, 27)
(299, 67, 0, 69, 193)
(267, 175, 3, 13, 203)
(240, 12, 6, 4, 226)
(19, 152, 6, 7, 94)
(80, 27, 16, 5, 123)
(30, 154, 9, 2, 144)
(124, 224, 71, 0, 171)
(297, 207, 2, 1, 199)
(281, 98, 4, 1, 223)
(295, 171, 5, 2, 211)
(73, 139, 16, 1, 245)
(299, 199, 35, 10, 167)
(40, 5, 21, 0, 65)
(299, 80, 0, 68, 158)
(252, 188, 0, 36, 69)
(108, 194, 5, 7, 134)
(225, 147, 8, 3, 171)
(234, 43, 17, 6, 199)
(227, 224, 72, 0, 213)
(253, 95, 1, 27, 213)
(246, 171, 0, 5, 101)
(284, 156, 0, 33, 104)
(80, 224, 113, 0, 23)
(150, 193, 5, 3, 240)
(46, 155, 24, 0, 170)
(79, 51, 8, 3, 211)
(299, 145, 0, 69, 133)
(33, 126, 6, 12, 202)
(162, 0, 47, 8, 222)
(14, 219, 15, 2, 152)
(39, 214, 160, 0, 131)
(136, 0, 3, 12, 202)
(186, 205, 8, 3, 235)
(107, 49, 2, 24, 158)
(242, 143, 4, 3, 136)
(142, 21, 14, 13, 204)
(97, 224, 120, 0, 140)
(240, 133, 0, 77, 216)
(77, 187, 0, 0, 244)
(98, 157, 12, 2, 182)
(233, 224, 35, 0, 6)
(22, 224, 116, 0, 90)
(283, 180, 1, 6, 216)
(199, 123, 2, 13, 151)
(25, 110, 18, 10, 161)
(288, 11, 4, 4, 146)
(260, 0, 2, 3, 128)
(99, 129, 9, 5, 137)
(209, 224, 52, 0, 66)
(36, 171, 20, 5, 66)
(260, 136, 0, 62, 2)
(295, 96, 3, 1, 234)
(160, 181, 4, 5, 82)
(262, 186, 0, 0, 138)
(44, 83, 4, 26, 166)
(43, 203, 0, 16, 202)
(101, 154, 10, 2, 246)
(254, 121, 2, 16, 163)
(110, 108, 14, 5, 227)
(128, 140, 10, 3, 176)
(203, 224, 31, 0, 108)
(277, 168, 4, 9, 231)
(242, 204, 11, 1, 190)
(279, 146, 1, 6, 174)
(246, 224, 4, 2, 124)
(135, 208, 92, 0, 116)
(215, 0, 0, 224, 188)
(26, 224, 223, 0, 213)
(299, 109, 0, 36, 65)
(299, 7, 0, 140, 0)
(285, 119, 2, 7, 158)
(275, 139, 1, 2, 200)
(0, 52, 11, 8, 177)
(290, 35, 7, 3, 226)
(277, 162, 0, 16, 148)
(156, 173, 4, 1, 108)
(96, 142, 23, 1, 237)
(130, 50, 6, 15, 193)
(130, 201, 8, 3, 230)
(53, 189, 0, 35, 77)
(278, 194, 19, 1, 163)
(299, 40, 0, 48, 48)
(290, 97, 0, 32, 24)
(215, 177, 16, 3, 244)
(231, 186, 4, 6, 221)
(189, 186, 1, 1, 101)
(275, 96, 3, 5, 224)
(284, 160, 3, 1, 222)
(288, 108, 3, 11, 176)
(139, 224, 57, 0, 174)
(117, 203, 4, 4, 140)
(273, 192, 26, 0, 117)
(260, 25, 1, 22, 158)
(125, 224, 65, 0, 128)
(204, 103, 8, 5, 118)
(244, 37, 7, 3, 161)
(278, 201, 5, 6, 172)
(114, 130, 4, 6, 158)
(78, 154, 3, 4, 169)
(226, 208, 27, 2, 186)
(279, 194, 0, 0, 135)
(278, 221, 2, 0, 114)
(110, 30, 3, 4, 146)
(208, 199, 0, 0, 64)
(229, 182, 0, 67, 255)
(285, 182, 0, 25, 214)
(295, 66, 0, 86, 136)
(226, 95, 2, 2, 237)
(239, 44, 3, 28, 188)
(164, 197, 3, 8, 136)
(206, 224, 117, 0, 188)
(264, 224, 40, 0, 22)
(174, 214, 4, 0, 67)
(258, 207, 17, 0, 243)
(239, 191, 40, 1, 187)
(260, 20, 2, 4, 227)
(276, 167, 2, 4, 199)
(212, 111, 5, 14, 105)
(289, 85, 4, 1, 176)
(286, 144, 3, 4, 162)
(120, 20, 10, 5, 174)
(299, 98, 0, 105, 171)
(163, 142, 2, 14, 85)
(271, 60, 10, 2, 201)
(191, 224, 0, 0, 160)
(141, 94, 9, 17, 86)
(208, 132, 24, 11, 244)
(271, 160, 3, 2, 179)
(148, 54, 1, 20, 107)
(272, 119, 0, 58, 25)
(286, 191, 12, 2, 165)
(160, 188, 5, 4, 237)
(110, 224, 10, 0, 71)
(128, 224, 55, 0, 161)
(230, 162, 10, 3, 112)
(299, 5, 0, 2, 134)
(235, 198, 9, 1, 193)
(86, 203, 22, 0, 24)
(43, 190, 107, 0, 112)
(230, 158, 34, 1, 216)
(204, 57, 4, 2, 212)
(283, 30, 6, 1, 144)
(41, 182, 4, 5, 205)
(299, 0, 0, 192, 29)
(229, 86, 6, 7, 221)
(67, 107, 20, 4, 41)
(96, 201, 1, 9, 160)
(216, 224, 4, 1, 178)
(244, 213, 17, 0, 73)
(106, 223, 4, 2, 178)
(238, 27, 0, 88, 156)
(161, 119, 0, 45, 185)
(174, 198, 17, 2, 177)
(106, 209, 17, 3, 224)
(295, 151, 0, 24, 90)
(132, 167, 7, 13, 190)
(88, 48, 84, 0, 41)
(299, 195, 0, 29, 100)
(155, 164, 0, 39, 77)
(0, 91, 7, 7, 178)
(0, 150, 44, 0, 21)
(292, 179, 0, 3, 0)
(299, 180, 0, 44, 188)
(85, 157, 13, 8, 74)
(247, 108, 0, 100, 201)
(142, 109, 5, 27, 125)
(11, 224, 0, 0, 39)
(223, 202, 7, 1, 203)
(163, 107, 2, 23, 117)
(18, 205, 8, 7, 197)
(259, 224, 0, 0, 89)
(64, 137, 9, 5, 229)
(271, 209, 0, 2, 27)
(206, 133, 0, 72, 122)
(290, 117, 0, 4, 76)
(0, 224, 136, 0, 105)
(167, 134, 4, 15, 116)
(299, 211, 0, 0, 230)
(40, 213, 1, 6, 216)
(201, 202, 16, 0, 95)
(297, 107, 5, 4, 195)
(225, 89, 1, 8, 189)
(129, 181, 8, 2, 202)
(299, 58, 1, 7, 216)
(265, 47, 7, 5, 158)
(244, 147, 25, 0, 41)
(299, 19, 8, 1, 177)
(246, 224, 25, 0, 192)
(161, 204, 5, 4, 209)
(131, 208, 13, 1, 175)
(104, 219, 12, 3, 207)
(200, 198, 14, 0, 111)
(219, 152, 6, 6, 107)
(213, 202, 24, 0, 98)
(159, 186, 17, 1, 112)
(299, 181, 0, 21, 134)
(299, 202, 0, 0, 162)
(257, 51, 0, 58, 201)
(56, 126, 22, 2, 191)
(255, 36, 0, 188, 245)
(164, 224, 102, 0, 186)
(224, 199, 0, 16, 169)
(243, 82, 23, 3, 183)
(126, 17, 3, 4, 185)
(259, 207, 2, 1, 139)
(275, 3, 2, 32, 174)
(180, 178, 13, 3, 211)
(259, 216, 40, 0, 101)
(15, 146, 21, 3, 126)
(296, 203, 3, 0, 32)
(242, 144, 0, 22, 207)
(292, 206, 7, 1, 190)
(21, 84, 25, 0, 192)
(293, 8, 0, 36, 106)
(95, 213, 8, 4, 240)
(208, 70, 4, 3, 234)
(35, 153, 5, 7, 112)
(242, 218, 34, 0, 83)
(148, 171, 146, 0, 134)
(283, 156, 0, 9, 7)
(103, 207, 13, 4, 227)
(221, 224, 33, 0, 148)
(290, 197, 9, 0, 238)
(117, 224, 128, 0, 231)
(245, 66, 2, 2, 239)
(291, 179, 8, 0, 237)
(283, 218, 2, 3, 127)
(192, 95, 1, 9, 159)
(182, 204, 5, 6, 205)
(49, 171, 0, 0, 213)
(162, 208, 28, 0, 160)
(24, 26, 5, 9, 136)
(212, 76, 2, 2, 189)
(250, 210, 1, 0, 41)
(156, 168, 2, 12, 90)
(153, 153, 15, 0, 4)
(299, 0, 0, 168, 7)
(178, 193, 13, 3, 121)
(229, 223, 70, 0, 210)
(199, 93, 4, 12, 207)
(290, 0, 1, 2, 193)
(83, 200, 4, 2, 72)
(0, 47, 242, 0, 195)
(96, 202, 0, 0, 135)
(96, 54, 14, 5, 115)
(157, 218, 22, 1, 229)
(48, 58, 6, 10, 209)
(124, 150, 2, 0, 60)
(82, 224, 38, 0, 129)
(133, 205, 5, 3, 168)
(0, 220, 142, 0, 95)
(222, 70, 15, 4, 134)
(51, 89, 2, 8, 130)
(104, 187, 110, 0, 213)
(255, 195, 14, 0, 27)
(122, 184, 7, 3, 214)
(233, 216, 18, 0, 20)
(251, 81, 0, 26, 141)
(138, 180, 2, 12, 66)
(298, 118, 0, 41, 157)
(123, 170, 4, 7, 88)
(216, 112, 5, 7, 111)
(283, 26, 4, 3, 217)
(299, 47, 0, 52, 144)
(194, 157, 5, 5, 78)
(112, 149, 2, 2, 160)
(196, 95, 12, 1, 120)
(276, 27, 0, 161, 27)
(299, 164, 0, 0, 104)
(188, 149, 4, 3, 227)
(213, 60, 9, 2, 211)
(299, 140, 0, 91, 119)
(276, 218, 5, 4, 166)
(194, 81, 4, 1, 157)
(288, 186, 0, 0, 214)
(225, 128, 5, 13, 236)
(28, 39, 3, 18, 182)
(193, 182, 1, 15, 244)
(65, 224, 112, 0, 43)
(23, 150, 3, 5, 71)
(267, 184, 6, 1, 219)
(161, 67, 4, 13, 163)
(299, 166, 0, 66, 25)
(281, 152, 0, 0, 141)
(126, 141, 2, 4, 85)
(299, 63, 0, 64, 12)
(152, 107, 7, 6, 132)
(121, 197, 2, 7, 228)
(156, 188, 4, 1, 195)
(293, 12, 0, 175, 43)
(152, 129, 0, 26, 219)
(99, 17, 20, 2, 216)
(197, 222, 44, 0, 255)
(82, 177, 25, 1, 180)
(297, 57, 2, 8, 209)
(142, 92, 3, 3, 160)
(243, 108, 44, 0, 38)
(293, 9, 2, 12, 148)
(174, 0, 0, 209, 172)
(274, 201, 24, 0, 37)
(192, 147, 3, 10, 158)
(155, 155, 1, 5, 191)
(11, 224, 0, 0, 176)
(91, 89, 2, 9, 67)
(153, 130, 24, 3, 162)
(53, 159, 11, 3, 195)
(224, 205, 0, 18, 102)
(56, 197, 9, 6, 241)
(131, 29, 5, 9, 196)
(299, 224, 3, 0, 54)
(269, 120, 3, 4, 213)
(241, 116, 6, 5, 157)
(157, 205, 6, 2, 187)
(283, 79, 5, 2, 223)
(76, 224, 31, 0, 38)
(278, 50, 17, 4, 208)
(229, 85, 0, 10, 227)
(276, 125, 5, 1, 160)
(299, 206, 0, 0, 0)
(266, 134, 0, 21, 22)
(299, 194, 0, 9, 78)
(292, 212, 11, 0, 109)
(40, 178, 17, 1, 193)
(262, 76, 8, 8, 186)
(299, 52, 0, 1, 138)
(299, 18, 0, 132, 96)
(56, 87, 32, 1, 151)
(293, 53, 6, 2, 181)
(93, 18, 6, 8, 226)
(271, 54, 14, 2, 172)
(273, 109, 0, 35, 125)
(122, 220, 34, 0, 11)
(42, 175, 7, 2, 129)
(170, 222, 7, 2, 189)
(299, 102, 0, 51, 255)
(258, 224, 0, 10, 20)
(252, 130, 3, 2, 238)
(266, 99, 0, 112, 157)
(94, 43, 4, 8, 79)
(218, 149, 81, 0, 17)
(224, 81, 1, 9, 159)
(277, 205, 3, 2, 188)
(250, 147, 4, 1, 143)
(281, 13, 0, 3, 119)
(278, 112, 2, 7, 206)
(19, 60, 13, 5, 100)
(76, 83, 1, 11, 189)
(287, 217, 3, 2, 119)
(299, 178, 0, 34, 106)
(0, 194, 12, 5, 203)
(273, 80, 0, 144, 131)
(228, 87, 1, 10, 179)
(289, 224, 0, 0, 229)
(116, 224, 183, 0, 54)
(250, 24, 0, 13, 165)
(185, 224, 10, 0, 52)
(259, 43, 0, 37, 104)
(84, 224, 119, 0, 8)
(76, 87, 3, 6, 184)
(28, 43, 15, 6, 157)
(38, 170, 199, 0, 132)
(82, 184, 16, 0, 29)
(183, 131, 2, 7, 153)
(299, 83, 10, 7, 221)
(53, 162, 5, 3, 153)
(224, 142, 11, 3, 253)
(290, 91, 0, 80, 56)
(45, 215, 84, 0, 148)
(264, 211, 35, 0, 157)
(133, 13, 26, 2, 173)
(196, 210, 10, 3, 237)
(129, 224, 157, 0, 215)
(283, 105, 4, 2, 147)
(202, 205, 36, 0, 0)
(228, 224, 62, 0, 208)
(150, 215, 1, 8, 219)
(299, 213, 0, 0, 53)
(235, 219, 4, 5, 140)
(205, 114, 6, 13, 98)
(260, 160, 0, 3, 16)
(269, 17, 0, 185, 221)
(246, 1, 7, 4, 165)
(63, 158, 2, 8, 185)
(218, 123, 2, 8, 225)
(237, 143, 0, 23, 46)
(255, 206, 0, 18, 115)
(65, 181, 1, 2, 166)
(299, 86, 0, 19, 68)
(83, 156, 40, 0, 141)
(299, 96, 0, 38, 86)
(232, 102, 6, 3, 221)
(257, 224, 16, 0, 106)
(279, 124, 6, 1, 111)
(147, 224, 12, 0, 132)
(148, 0, 6, 4, 159)
(286, 95, 9, 0, 147)
(278, 199, 4, 1, 234)
(124, 211, 62, 0, 81)
(289, 41, 3, 4, 129)
(197, 156, 9, 3, 108)
(0, 123, 9, 6, 183)
(286, 0, 3, 12, 160)
(70, 93, 3, 16, 55)
(57, 76, 39, 1, 187)
(185, 198, 6, 2, 216)
(271, 204, 5, 5, 172)
(150, 184, 35, 0, 139)
(4, 224, 260, 0, 14)
(263, 183, 0, 0, 167)
(257, 55, 4, 7, 235)
(287, 105, 0, 60, 27)
(77, 172, 44, 2, 230)
(240, 14, 4, 4, 218)
(123, 224, 29, 0, 180)
(254, 193, 45, 1, 174)
(299, 114, 0, 48, 33)
(96, 188, 5, 4, 88)
(23, 224, 276, 0, 136)
(299, 205, 0, 4, 45)
(194, 218, 59, 0, 44)
(252, 6, 0, 73, 9)
(254, 224, 29, 0, 158)
(141, 82, 1, 16, 190)
(299, 48, 0, 35, 6)
(40, 134, 58, 0, 33)
(165, 0, 28, 3, 219)
(270, 173, 0, 19, 179)
(290, 176, 9, 1, 204)
(299, 116, 0, 47, 103)
(228, 215, 14, 2, 176)
(299, 43, 0, 128, 64)
(73, 204, 0, 0, 38)
(241, 212, 0, 0, 74)
(207, 224, 3, 12, 173)
(152, 9, 4, 42, 198)
(287, 107, 0, 80, 88)
(29, 164, 153, 0, 252)
(71, 224, 82, 0, 13)
(204, 224, 3, 0, 6)
(299, 206, 1, 3, 178)
(191, 130, 0, 25, 73)
(277, 114, 6, 4, 201)
(27, 224, 137, 0, 177)
(195, 5, 0, 64, 6)
(52, 224, 138, 0, 122)
(176, 175, 2, 6, 130)
(223, 156, 7, 4, 89)
(250, 50, 4, 4, 224)
(199, 200, 0, 11, 88)
(71, 212, 27, 2, 207)
(0, 99, 7, 0, 135)
(256, 181, 0, 14, 232)
(243, 223, 2, 1, 151)
(61, 204, 41, 0, 44)
(125, 224, 15, 1, 183)
(153, 29, 33, 2, 205)
(204, 117, 0, 0, 0)
(54, 172, 119, 0, 157)
(68, 161, 200, 0, 58)
(117, 116, 28, 1, 216)
(195, 151, 2, 8, 78)
(176, 93, 2, 13, 117)
(212, 141, 0, 21, 16)
(226, 206, 0, 13, 85)
(206, 215, 6, 2, 196)
(1, 169, 15, 6, 52)
(14, 187, 241, 0, 176)
(238, 224, 5, 0, 209)
(298, 22, 1, 10, 189)
(213, 15, 25, 0, 129)
(56, 39, 12, 4, 209)
(299, 224, 0, 0, 54)
(100, 216, 28, 0, 131)
(246, 149, 3, 3, 150)
(279, 183, 13, 0, 237)
(220, 37, 3, 5, 144)
(216, 0, 83, 0, 138)
(250, 174, 0, 18, 255)
(258, 4, 4, 8, 145)
(297, 25, 5, 8, 191)
(295, 149, 4, 2, 166)
(280, 139, 2, 3, 218)
(130, 0, 0, 68, 208)
(276, 187, 1, 16, 179)
(56, 187, 71, 0, 24)
(247, 196, 1, 7, 232)
(192, 94, 0, 63, 131)
(231, 209, 14, 0, 159)
(162, 118, 66, 0, 195)
(252, 103, 5, 3, 200)
(41, 224, 192, 0, 9)
(244, 224, 26, 0, 244)
(33, 138, 33, 1, 162)
(93, 202, 6, 1, 190)
(227, 78, 5, 2, 136)
(46, 119, 19, 7, 205)
(132, 105, 3, 9, 160)
(23, 101, 2, 14, 179)
(138, 209, 150, 0, 88)
(273, 44, 3, 5, 171)
(241, 146, 2, 3, 111)
(242, 165, 27, 3, 226)
(235, 152, 2, 5, 131)
(206, 46, 3, 15, 174)
(6, 101, 1, 0, 185)
(297, 175, 0, 22, 129)
(58, 214, 0, 0, 19)
(227, 206, 0, 18, 133)
(191, 209, 90, 0, 209)
(77, 156, 0, 0, 222)
(95, 206, 4, 1, 82)
(212, 168, 10, 0, 59)
(115, 163, 46, 0, 162)
(278, 104, 0, 60, 72)
(141, 160, 45, 0, 192)
(243, 159, 6, 0, 46)
(239, 201, 14, 2, 210)
(234, 83, 6, 8, 193)
(201, 222, 66, 0, 63)
(281, 224, 5, 4, 203)
(146, 224, 43, 0, 244)
(204, 223, 4, 1, 180)
(206, 219, 17, 1, 189)
(242, 65, 0, 16, 136)
(281, 183, 0, 16, 99)
(11, 109, 8, 5, 67)
(58, 193, 8, 2, 234)
(290, 110, 8, 5, 213)
(202, 173, 0, 8, 154)
(230, 32, 0, 150, 148)
(251, 75, 1, 20, 190)
(106, 38, 7, 9, 92)
(203, 224, 0, 0, 144)
(291, 130, 0, 54, 0)
(214, 203, 74, 0, 77)
(145, 192, 7, 1, 233)
(26, 224, 0, 0, 20)
(284, 116, 6, 1, 222)
(148, 164, 15, 0, 201)
(0, 181, 4, 2, 212)
(137, 224, 25, 0, 120)
(287, 148, 0, 18, 0)
(279, 212, 6, 0, 24)
(213, 190, 0, 17, 34)
(285, 166, 13, 4, 236)
(268, 55, 0, 35, 255)
(254, 214, 48, 0, 143)
(34, 203, 260, 0, 175)
(210, 23, 6, 11, 233)
(63, 180, 51, 1, 221)
(262, 196, 19, 0, 139)
(46, 183, 215, 0, 87)
(295, 169, 0, 40, 181)
(198, 205, 27, 0, 237)
(252, 120, 3, 4, 173)
(242, 224, 31, 0, 255)
(144, 224, 24, 0, 10)
(229, 221, 2, 1, 155)
(299, 210, 0, 7, 101)
(253, 85, 0, 138, 108)
(200, 69, 2, 16, 112)
(7, 224, 107, 0, 30)
(247, 9, 2, 5, 222)
(4, 204, 242, 0, 126)
(54, 209, 27, 0, 55)
(257, 224, 12, 0, 255)
(299, 95, 0, 1, 10)
(263, 107, 4, 16, 215)
(165, 210, 66, 0, 179)
(299, 0, 0, 132, 47)
(205, 186, 2, 11, 236)
(134, 33, 5, 18, 156)
(81, 190, 0, 57, 239)
(284, 224, 15, 0, 104)
(247, 208, 0, 0, 143)
(177, 160, 11, 4, 59)
(257, 119, 0, 76, 120)
(127, 199, 5, 10, 201)
(239, 157, 2, 8, 144)
(0, 224, 279, 0, 192)
(296, 221, 3, 2, 94)
(64, 209, 20, 1, 229)
(167, 204, 0, 6, 170)
(55, 181, 52, 1, 121)
(263, 214, 29, 1, 156)
(275, 209, 2, 4, 143)
(241, 222, 1, 1, 100)
(292, 91, 7, 4, 160)
(130, 88, 0, 78, 160)
(288, 210, 2, 4, 207)
(246, 198, 25, 0, 0)
(93, 209, 16, 0, 170)
(0, 190, 29, 1, 117)
(180, 207, 23, 0, 126)
(280, 215, 0, 9, 0)
(265, 150, 0, 58, 196)
(253, 157, 9, 1, 216)
(238, 20, 3, 8, 128)
(299, 102, 0, 92, 255)
(284, 123, 0, 26, 73)
(1, 224, 5, 4, 60)
(162, 200, 23, 0, 37)
(295, 147, 1, 7, 208)
(48, 222, 18, 0, 49)
(299, 84, 0, 52, 223)
(172, 49, 3, 14, 198)
(193, 220, 14, 1, 191)
(112, 224, 114, 0, 25)
(85, 224, 24, 0, 233)
(71, 130, 14, 3, 255)
(229, 160, 4, 2, 94)
(299, 53, 0, 0, 195)
(299, 166, 0, 55, 103)
(99, 205, 5, 1, 68)
(210, 180, 0, 26, 243)
(191, 40, 2, 25, 152)
(197, 177, 0, 31, 60)
(264, 224, 2, 7, 125)
(97, 196, 1, 1, 82)
(59, 151, 32, 2, 153)
(214, 131, 2, 6, 240)
(90, 108, 7, 3, 167)
(299, 137, 0, 70, 122)
(190, 130, 0, 0, 177)
(260, 20, 0, 42, 125)
(185, 126, 1, 20, 201)
(270, 166, 12, 2, 212)
(274, 224, 4, 0, 1)
(266, 210, 33, 0, 89)
(12, 72, 1, 15, 142)
(299, 197, 9, 5, 152)
(17, 134, 9, 5, 207)
(233, 14, 1, 38, 150)
(294, 21, 0, 98, 196)
(109, 171, 56, 0, 157)
(72, 199, 167, 0, 154)
(99, 201, 111, 0, 75)
(47, 71, 1, 17, 208)
(299, 195, 0, 13, 88)
(38, 26, 2, 9, 154)
(26, 168, 42, 0, 162)
(197, 220, 44, 0, 210)
(291, 123, 0, 19, 183)
(291, 14, 1, 20, 183)
(157, 211, 10, 1, 235)
(299, 224, 0, 2, 147)
(149, 168, 2, 14, 171)
(15, 149, 155, 0, 84)
(283, 46, 0, 110, 45)
(182, 148, 2, 10, 132)
(190, 214, 0, 0, 241)
(150, 174, 149, 0, 124)
(223, 73, 0, 134, 18)
(209, 112, 0, 77, 183)
(251, 21, 1, 7, 148)
(78, 224, 103, 0, 182)
(262, 94, 0, 70, 22)
(176, 163, 0, 0, 129)
(153, 223, 16, 0, 60)
(19, 0, 30, 10, 194)
(299, 59, 0, 0, 54)
(272, 77, 0, 0, 90)
(297, 98, 2, 3, 224)
(299, 173, 0, 0, 204)
(235, 125, 3, 8, 202)
(149, 224, 38, 0, 225)
(253, 24, 2, 17, 201)
(22, 151, 3, 1, 63)
(287, 216, 2, 8, 130)
(242, 109, 3, 3, 116)
(188, 157, 0, 16, 193)
(239, 224, 0, 0, 64)
(253, 127, 0, 22, 216)
(72, 206, 189, 0, 28)
(204, 157, 0, 34, 169)
(0, 182, 19, 0, 176)
(219, 213, 43, 0, 112)
(299, 92, 0, 12, 214)
(252, 215, 0, 0, 254)
(299, 103, 0, 38, 52)
(202, 198, 13, 7, 231)
(58, 197, 46, 0, 117)
(294, 214, 0, 0, 200)
(299, 215, 0, 0, 20)
(277, 202, 0, 0, 54)
(299, 77, 0, 11, 181)
(63, 191, 20, 1, 217)
(174, 171, 0, 0, 27)
(202, 70, 0, 9, 160)
(166, 207, 50, 0, 52)
(293, 44, 5, 2, 173)
(283, 74, 6, 3, 154)
(46, 90, 5, 7, 101)
(255, 65, 5, 15, 166)
(293, 158, 0, 18, 15)
(252, 106, 0, 36, 251)
(0, 203, 7, 8, 180)
(296, 181, 0, 26, 223)
(226, 119, 3, 1, 204)
(204, 224, 12, 0, 16)
(264, 0, 18, 0, 182)
(266, 209, 7, 0, 104)
(203, 78, 2, 4, 181)
(0, 209, 92, 0, 142)
(256, 174, 8, 6, 228)
(266, 64, 0, 0, 202)
(278, 205, 0, 0, 255)
(32, 184, 46, 0, 158)
(37, 113, 17, 6, 168)
(5, 224, 174, 0, 98)
(234, 224, 1, 1, 186)
(270, 224, 0, 0, 58)
(149, 200, 150, 0, 208)
(172, 141, 8, 5, 141)
(233, 38, 3, 3, 149)
(193, 224, 90, 0, 33)
(273, 195, 5, 1, 162)
(262, 132, 0, 0, 144)
(145, 172, 0, 0, 160)
(195, 165, 8, 4, 254)
(89, 87, 1, 26, 84)
(204, 210, 57, 0, 24)
(211, 162, 0, 12, 192)
(299, 124, 0, 55, 215)
(299, 176, 0, 10, 21)
(23, 17, 187, 0, 180)
(0, 7, 3, 26, 188)
(59, 224, 8, 4, 164)
(244, 99, 7, 3, 212)
(106, 171, 6, 3, 184)
(252, 207, 0, 9, 166)
(84, 140, 74, 0, 208)
(285, 224, 0, 0, 241)
(80, 219, 127, 0, 184)
(274, 182, 25, 0, 179)
(216, 210, 51, 0, 86)
(70, 160, 6, 6, 121)
(299, 108, 28, 1, 218)
(298, 191, 0, 0, 47)
(265, 159, 34, 0, 143)
(299, 171, 0, 38, 221)
(201, 210, 0, 0, 180)
(0, 224, 18, 0, 53)
(271, 217, 21, 0, 234)
(292, 66, 4, 2, 214)
(221, 98, 0, 64, 222)
(282, 23, 16, 3, 199)
(297, 224, 0, 0, 60)
(179, 224, 0, 0, 41)
(252, 189, 0, 17, 121)
(143, 200, 5, 3, 124)
(208, 156, 3, 4, 219)
(288, 213, 27, 1, 168)
(222, 181, 19, 2, 219)
(279, 119, 5, 4, 211)
(299, 151, 0, 24, 127)
(192, 40, 1, 9, 204)
(137, 88, 8, 4, 119)
(94, 169, 15, 0, 95)
(121, 209, 125, 0, 168)
(30, 130, 28, 1, 213)
(228, 224, 6, 18, 140)
(195, 162, 6, 1, 191)
(271, 29, 0, 0, 18)
(206, 73, 3, 4, 164)
(212, 174, 40, 1, 223)
(268, 200, 18, 1, 190)
(299, 91, 0, 37, 143)
(245, 157, 0, 1, 84)
(77, 118, 7, 2, 228)
(299, 42, 0, 143, 1)
(33, 221, 168, 0, 154)
(299, 26, 5, 0, 120)
(271, 161, 4, 1, 196)
(293, 137, 2, 3, 197)
(175, 194, 0, 5, 77)
(224, 221, 3, 3, 158)
(81, 224, 134, 0, 88)
(255, 96, 5, 4, 215)
(166, 133, 49, 0, 210)
(264, 209, 0, 0, 207)
(273, 182, 0, 6, 201)
(151, 202, 18, 0, 130)
(42, 154, 24, 2, 208)
(114, 216, 150, 0, 177)
(275, 223, 0, 1, 16)
(290, 153, 8, 2, 207)
(271, 129, 2, 4, 236)
(101, 211, 43, 0, 188)
(141, 215, 7, 3, 253)
(248, 224, 7, 0, 143)
(26, 181, 5, 2, 209)
(95, 137, 6, 2, 248)
(299, 121, 0, 20, 96)
(244, 107, 19, 0, 237)
(284, 18, 10, 2, 181)
(90, 224, 25, 0, 185)
(299, 146, 0, 34, 77)
(208, 202, 5, 6, 211)
(62, 123, 105, 0, 182)
(11, 177, 28, 3, 77)
(145, 119, 6, 6, 82)
(279, 114, 17, 1, 195)
(165, 189, 43, 0, 0)
(78, 224, 6, 6, 210)
(219, 142, 0, 0, 127)
(5, 10, 36, 4, 196)
(220, 213, 2, 2, 190)
(46, 218, 0, 6, 255)
(26, 186, 8, 4, 117)
(198, 53, 2, 5, 109)
(299, 72, 0, 54, 162)
(12, 224, 120, 0, 192)
(38, 204, 127, 0, 196)
(122, 192, 1, 5, 74)
(189, 144, 80, 0, 0)
(17, 202, 118, 0, 75)
(64, 85, 6, 1, 160)
(169, 187, 4, 3, 100)
(230, 224, 0, 0, 78)
(214, 202, 43, 0, 146)
(248, 153, 10, 2, 227)
(72, 73, 15, 4, 174)
(27, 92, 0, 0, 116)
(119, 210, 5, 9, 209)
(192, 205, 8, 7, 217)
(0, 199, 27, 0, 40)
(212, 194, 5, 3, 168)
(17, 166, 295, 0, 255)
(165, 194, 12, 0, 201)
(234, 142, 0, 16, 228)
(29, 146, 6, 8, 166)
(276, 6, 3, 12, 182)
(0, 98, 5, 3, 139)
(186, 188, 7, 2, 241)
(294, 199, 5, 1, 157)
(255, 0, 4, 1, 226)
(211, 84, 6, 8, 117)
(214, 179, 1, 13, 237)
(158, 111, 2, 23, 119)
(142, 196, 6, 0, 121)
(263, 194, 10, 1, 191)
(130, 189, 80, 0, 121)
(284, 206, 0, 3, 179)
(258, 67, 2, 3, 209)
(104, 152, 5, 5, 246)
(15, 224, 102, 0, 92)
(295, 102, 0, 14, 108)
(178, 198, 67, 0, 204)
(296, 216, 3, 1, 129)
(169, 181, 76, 0, 183)
(203, 43, 0, 36, 152)
(254, 212, 24, 0, 18)
(186, 224, 7, 1, 189)
(281, 223, 3, 0, 185)
(299, 150, 6, 2, 154)
(74, 30, 7, 12, 195)
(299, 57, 0, 75, 20)
(190, 200, 7, 2, 138)
(271, 224, 20, 0, 77)
(34, 189, 5, 1, 241)
(264, 10, 3, 10, 188)
(49, 204, 190, 0, 255)
(215, 14, 13, 0, 45)
(165, 96, 1, 19, 176)
(271, 221, 22, 0, 92)
(204, 224, 10, 0, 8)
(42, 95, 3, 18, 199)
(239, 148, 2, 2, 112)
(164, 168, 4, 5, 187)
(168, 206, 4, 1, 138)
(67, 189, 6, 1, 189)
(100, 199, 5, 2, 233)
(49, 196, 78, 0, 126)
(97, 170, 15, 3, 176)
(285, 1, 0, 182, 170)
(230, 220, 2, 1, 115)
(210, 59, 2, 7, 161)
(47, 224, 148, 0, 166)
(91, 224, 12, 8, 189)
(276, 222, 7, 2, 194)
(48, 224, 8, 1, 201)
(194, 157, 0, 0, 168)
(257, 169, 3, 5, 203)
(291, 138, 0, 50, 215)
(148, 182, 81, 0, 102)
(135, 216, 75, 0, 0)
(214, 153, 3, 2, 228)
(77, 212, 0, 12, 255)
(96, 224, 222, 0, 221)
(77, 94, 9, 8, 59)
(141, 55, 3, 4, 109)
(189, 224, 44, 0, 143)
(299, 224, 0, 0, 178)
(242, 55, 4, 5, 226)
(94, 168, 0, 17, 202)
(229, 135, 0, 0, 112)
(104, 121, 4, 2, 145)
(234, 171, 2, 2, 204)
(139, 131, 4, 8, 97)
(25, 206, 13, 1, 206)
(253, 20, 0, 46, 59)
(32, 180, 1, 1, 229)
(294, 60, 0, 99, 37)
(287, 206, 12, 0, 112)
(16, 158, 175, 0, 191)
(268, 56, 0, 0, 110)
(7, 218, 7, 3, 211)
(62, 115, 1, 4, 163)
(152, 224, 34, 0, 131)
(60, 216, 21, 0, 75)
(267, 102, 0, 37, 43)
(172, 211, 148, 0, 162)
(273, 224, 0, 0, 12)
(90, 204, 0, 1, 113)
(145, 214, 1, 2, 254)
(198, 185, 0, 0, 183)
(211, 128, 6, 2, 106)
(10, 206, 169, 0, 38)
(169, 19, 65, 5, 231)
(76, 224, 130, 0, 30)
(123, 201, 3, 5, 230)
(261, 149, 21, 0, 127)
(234, 224, 47, 0, 16)
(299, 109, 0, 0, 14)
(130, 6, 5, 2, 66)
(265, 199, 5, 0, 52)
(237, 127, 0, 47, 220)
(144, 142, 9, 2, 200)
(50, 132, 14, 4, 156)
(119, 195, 0, 9, 176)
(295, 224, 4, 0, 42)
(174, 208, 0, 0, 210)
(273, 167, 3, 1, 176)
(221, 213, 1, 7, 189)
(299, 101, 0, 32, 212)
(285, 106, 4, 1, 234)
(54, 224, 144, 0, 125)
(273, 131, 3, 4, 171)
(171, 64, 21, 1, 115)
(297, 46, 2, 3, 231)
(299, 114, 0, 115, 195)
(199, 206, 0, 18, 181)
(257, 162, 5, 6, 207)
(71, 200, 2, 5, 210)
(284, 196, 0, 0, 128)
(120, 9, 10, 2, 153)
(291, 29, 0, 104, 29)
(299, 32, 0, 13, 82)
(299, 150, 0, 24, 105)
(267, 219, 1, 3, 143)
(119, 196, 14, 0, 195)
(267, 224, 0, 0, 26)
(276, 43, 0, 149, 161)
(268, 208, 31, 0, 117)
(209, 189, 1, 4, 153)
(190, 191, 2, 7, 125)
(291, 181, 0, 18, 91)
(274, 218, 0, 0, 83)
(115, 122, 29, 0, 7)
(269, 112, 0, 103, 170)
(34, 84, 3, 12, 92)
(299, 155, 27, 0, 84)
(210, 205, 62, 0, 190)
(290, 190, 0, 0, 191)
(116, 224, 81, 0, 123)
(242, 224, 3, 1, 154)
(273, 224, 20, 0, 219)
(227, 162, 2, 3, 213)
(291, 131, 12, 2, 195)
(216, 36, 1, 7, 113)
(299, 177, 0, 20, 168)
(159, 130, 3, 11, 114)
(193, 131, 3, 13, 248)
(247, 85, 2, 15, 189)
(176, 148, 5, 5, 232)
(181, 98, 0, 118, 189)
(139, 198, 0, 16, 0)
(296, 197, 0, 26, 29)
(277, 224, 0, 0, 200)
(45, 86, 216, 0, 0)
(54, 124, 7, 4, 209)
(224, 219, 65, 0, 180)
(0, 197, 57, 0, 59)
(160, 146, 3, 7, 191)
(133, 38, 4, 6, 208)
(123, 49, 9, 3, 135)
(153, 148, 1, 15, 153)
(171, 199, 6, 2, 249)
(284, 224, 0, 0, 28)
(238, 170, 5, 0, 141)
(245, 145, 34, 1, 234)
(278, 221, 2, 1, 171)
(249, 29, 2, 8, 236)
(286, 16, 0, 182, 162)
(219, 195, 21, 0, 221)
(278, 208, 0, 3, 186)
(214, 167, 21, 2, 245)
(299, 165, 0, 0, 177)
(299, 156, 0, 0, 147)
(155, 177, 1, 8, 188)
(181, 75, 4, 24, 121)
(217, 130, 0, 27, 19)
(288, 206, 27, 0, 255)
(97, 221, 31, 0, 92)
(216, 224, 37, 0, 52)
(0, 156, 3, 4, 41)
(177, 212, 12, 0, 99)
(170, 193, 99, 0, 174)
(71, 121, 0, 17, 141)
(103, 191, 54, 0, 87)
(11, 224, 113, 0, 148)
(9, 224, 211, 0, 140)
(108, 182, 8, 2, 196)
(14, 203, 12, 6, 192)
(266, 85, 3, 5, 150)
(241, 4, 4, 11, 232)
(74, 220, 7, 2, 153)
(298, 74, 5, 1, 202)
(295, 145, 3, 1, 128)
(282, 74, 1, 8, 224)
(17, 191, 8, 1, 211)
(274, 86, 6, 1, 192)
(299, 13, 0, 102, 222)
(117, 198, 1, 5, 184)
(100, 196, 70, 0, 6)
(10, 221, 233, 0, 225)
(296, 102, 2, 2, 173)
(299, 164, 0, 44, 47)
(299, 100, 6, 3, 232)
(163, 179, 0, 43, 206)
(248, 224, 0, 1, 24)
(60, 218, 27, 1, 179)
(299, 22, 0, 44, 99)
(152, 194, 5, 4, 244)
(81, 58, 33, 0, 219)
(13, 116, 10, 4, 103)
(259, 113, 8, 1, 217)
(280, 66, 0, 130, 157)
(136, 155, 0, 1, 74)
(277, 99, 1, 5, 241)
(13, 85, 10, 1, 70)
(296, 183, 3, 1, 176)
(272, 189, 0, 0, 242)
(299, 202, 0, 22, 93)
(257, 204, 0, 0, 91)
(299, 224, 0, 0, 72)
(25, 223, 133, 0, 197)
(247, 216, 42, 0, 44)
(279, 101, 12, 3, 164)
(234, 55, 0, 48, 143)
(265, 3, 1, 7, 155)
(79, 110, 7, 5, 64)
(248, 208, 13, 0, 92)
(89, 98, 11, 4, 135)
(251, 117, 29, 0, 34)
(0, 205, 275, 0, 124)
(244, 40, 1, 15, 183)
(245, 207, 7, 2, 199)
(145, 196, 0, 0, 3)
(299, 66, 0, 119, 124)
(270, 224, 0, 0, 216)
(54, 197, 9, 2, 229)
(294, 117, 6, 3, 189)
(181, 30, 7, 11, 197)
(292, 38, 1, 6, 160)
(192, 224, 9, 8, 163)
(299, 198, 0, 0, 16)
(253, 134, 2, 4, 132)
(242, 148, 3, 4, 229)
(288, 193, 11, 0, 147)
(298, 19, 0, 205, 46)
(299, 170, 0, 10, 211)
(299, 164, 32, 0, 231)
(77, 178, 14, 1, 170)
(149, 216, 7, 4, 202)
(297, 155, 0, 37, 242)
(273, 170, 8, 7, 232)
(283, 191, 8, 3, 167)
(252, 61, 6, 1, 180)
(149, 99, 3, 4, 136)
(184, 224, 81, 0, 145)
(20, 92, 6, 8, 74)
(173, 205, 13, 0, 38)
(282, 140, 9, 1, 155)
(295, 155, 0, 0, 12)
(278, 117, 7, 3, 214)
(115, 224, 9, 0, 0)
(299, 93, 0, 131, 80)
(299, 189, 0, 0, 80)
(284, 44, 1, 8, 224)
(299, 204, 0, 15, 136)
(224, 175, 75, 0, 215)
(202, 201, 19, 1, 229)
(277, 49, 0, 1, 207)
(186, 218, 0, 6, 55)
(183, 112, 17, 5, 130)
(233, 205, 53, 0, 56)
(255, 40, 3, 11, 173)
(263, 221, 5, 3, 151)
(267, 84, 6, 3, 153)
(222, 224, 38, 0, 221)
(83, 224, 94, 0, 140)
(270, 159, 0, 0, 250)
(246, 162, 0, 1, 48)
(299, 176, 0, 48, 0)
(66, 161, 9, 1, 49)
(146, 203, 14, 0, 199)
(52, 211, 15, 0, 67)
(162, 175, 9, 7, 142)
(251, 107, 1, 11, 150)
(273, 192, 0, 29, 183)
(165, 69, 154, 0, 168)
(105, 224, 46, 0, 93)
(287, 175, 0, 42, 207)
(200, 184, 2, 3, 156)
(36, 219, 2, 4, 187)
(276, 211, 23, 0, 38)
(273, 20, 2, 1, 190)
(296, 82, 0, 77, 149)
(299, 198, 0, 0, 219)
(298, 47, 1, 11, 180)
(250, 141, 5, 2, 144)
(250, 224, 1, 1, 169)
(234, 166, 0, 39, 50)
(46, 224, 99, 0, 29)
(288, 0, 1, 4, 178)
(257, 121, 0, 64, 26)
(279, 205, 0, 0, 184)
(0, 216, 122, 0, 255)
(230, 219, 0, 4, 193)
(94, 208, 3, 3, 201)
(282, 180, 1, 8, 210)
(287, 103, 0, 77, 143)
(40, 90, 33, 0, 125)
(284, 111, 15, 0, 0)
(278, 192, 0, 21, 171)
(285, 46, 0, 178, 12)
(19, 220, 4, 4, 215)
(249, 30, 0, 136, 241)
(210, 195, 0, 0, 255)
(276, 141, 0, 101, 12)
(3, 126, 191, 0, 255)
(147, 0, 1, 17, 174)
(211, 222, 5, 1, 160)
(200, 224, 36, 0, 132)
(136, 16, 2, 7, 89)
(162, 222, 97, 0, 24)
(266, 160, 3, 3, 142)
(163, 224, 26, 0, 122)
(139, 127, 7, 2, 176)
(186, 197, 52, 0, 59)
(118, 96, 0, 9, 21)
(0, 45, 8, 3, 68)
(0, 123, 5, 7, 194)
(203, 160, 20, 1, 92)
(98, 224, 132, 0, 71)
(70, 178, 21, 0, 149)
(126, 192, 68, 0, 42)
(299, 95, 0, 81, 175)
(189, 210, 34, 0, 201)
(285, 19, 0, 34, 72)
(135, 223, 121, 0, 132)
(193, 78, 8, 3, 81)
(98, 186, 95, 0, 30)
(8, 140, 4, 5, 78)
(275, 21, 0, 114, 65)
(59, 164, 1, 3, 66)
(201, 194, 0, 22, 175)
(293, 213, 2, 4, 158)
(55, 82, 0, 54, 74)
(293, 188, 20, 0, 95)
(17, 184, 43, 0, 211)
(3, 110, 1, 19, 175)
(273, 153, 26, 0, 70)
(100, 195, 7, 2, 212)
(4, 224, 176, 0, 6)
(179, 128, 4, 9, 105)
(243, 202, 46, 0, 147)
(216, 77, 1, 3, 154)
(257, 14, 3, 18, 196)
(56, 154, 6, 1, 137)
(116, 19, 2, 6, 152)
(292, 175, 7, 0, 44)
(285, 209, 4, 1, 159)
(299, 205, 8, 0, 58)
(296, 152, 3, 0, 84)
(254, 179, 25, 0, 130)
(222, 93, 1, 26, 131)
(34, 224, 3, 1, 206)
(238, 51, 2, 6, 168)
(94, 182, 0, 0, 154)
(208, 65, 1, 7, 128)
(207, 196, 2, 1, 152)
(275, 223, 0, 0, 195)
(278, 32, 0, 113, 178)
(174, 118, 9, 3, 147)
(196, 212, 64, 0, 227)
(228, 187, 19, 1, 214)
(210, 117, 5, 7, 148)
(243, 158, 16, 0, 23)
(171, 219, 85, 0, 37)
(277, 136, 0, 0, 150)
(264, 224, 0, 0, 38)
(265, 27, 5, 6, 214)
(102, 23, 2, 4, 126)
(299, 176, 0, 10, 91)
(153, 208, 21, 0, 183)
(248, 159, 8, 1, 165)
(59, 181, 9, 2, 136)
(277, 189, 1, 3, 170)
(235, 90, 0, 3, 171)
(282, 75, 0, 105, 205)
(238, 138, 4, 4, 138)
(259, 79, 12, 1, 211)
(246, 141, 0, 53, 225)
(86, 173, 11, 1, 254)
(270, 211, 3, 1, 173)
(268, 146, 0, 59, 114)
(299, 8, 0, 141, 25)
(249, 224, 17, 0, 169)
(0, 224, 121, 0, 0)
(24, 46, 7, 6, 198)
(196, 84, 13, 4, 108)
(178, 162, 4, 4, 68)
(148, 159, 151, 0, 84)
(268, 204, 5, 1, 190)
(144, 46, 2, 18, 202)
(1, 207, 101, 0, 14)
(284, 166, 0, 0, 205)
(247, 84, 5, 0, 145)
(115, 160, 22, 0, 40)
(184, 145, 0, 0, 205)
(188, 197, 53, 0, 31)
(299, 184, 0, 0, 179)
(72, 69, 12, 2, 136)
(60, 205, 94, 0, 94)
(216, 222, 4, 2, 147)
(296, 112, 0, 54, 159)
(0, 224, 73, 0, 246)
(182, 183, 5, 1, 158)
(189, 224, 46, 0, 210)
(116, 188, 1, 8, 164)
(179, 108, 0, 95, 219)
(221, 95, 1, 24, 147)
(296, 98, 0, 5, 198)
(151, 211, 9, 1, 253)
(165, 134, 3, 3, 211)
(277, 194, 0, 13, 180)
(179, 105, 6, 6, 175)
(299, 4, 0, 0, 62)
(228, 79, 5, 4, 116)
(291, 224, 0, 0, 145)
(215, 218, 33, 0, 226)
(218, 184, 0, 13, 54)
(275, 126, 1, 6, 161)
(244, 152, 1, 1, 102)
(185, 96, 14, 3, 128)
(274, 185, 0, 33, 87)
(292, 205, 4, 1, 169)
(105, 224, 0, 0, 45)
(293, 19, 0, 57, 66)
(203, 141, 3, 1, 217)
(267, 101, 1, 4, 158)
(299, 140, 0, 39, 41)
(196, 108, 115, 0, 48)
(269, 182, 8, 1, 190)
(137, 22, 3, 5, 208)
(229, 197, 6, 1, 237)
(181, 209, 76, 0, 125)
(193, 63, 2, 7, 86)
(203, 183, 4, 3, 249)
(245, 211, 22, 0, 140)
(183, 200, 0, 0, 29)
(259, 167, 12, 1, 232)
(72, 141, 23, 1, 215)
(250, 21, 0, 53, 136)
(122, 137, 4, 6, 122)
(196, 221, 70, 0, 207)
(229, 211, 101, 0, 39)
(146, 60, 10, 3, 163)
(299, 60, 0, 22, 192)
(50, 202, 58, 0, 176)
(144, 224, 133, 0, 0)
(240, 198, 3, 3, 205)
(37, 58, 135, 0, 146)
(60, 185, 16, 2, 96)
(78, 169, 167, 0, 53)
(174, 204, 72, 0, 126)
(166, 111, 2, 7, 203)
(296, 51, 3, 2, 170)
(49, 44, 0, 6, 141)
(273, 164, 0, 11, 134)
(166, 54, 30, 0, 225)
(140, 0, 3, 23, 145)
(246, 221, 50, 0, 215)
(205, 186, 7, 3, 249)
(127, 210, 3, 3, 171)
(256, 75, 5, 2, 140)
(295, 215, 0, 0, 57)
(188, 224, 68, 0, 105)
(282, 155, 0, 67, 175)
(100, 180, 9, 1, 181)
(299, 186, 6, 0, 117)
(221, 200, 75, 0, 24)
(192, 208, 11, 0, 30)
(268, 88, 2, 6, 205)
(290, 220, 9, 0, 169)
(231, 128, 0, 26, 68)
(299, 142, 0, 9, 235)
(162, 125, 0, 0, 78)
(230, 103, 1, 4, 194)
(289, 151, 10, 0, 88)
(0, 219, 0, 0, 110)
(278, 121, 3, 1, 133)
(299, 220, 0, 0, 255)
(299, 207, 0, 0, 13)
(299, 142, 0, 37, 179)
(24, 146, 5, 3, 100)
(276, 211, 2, 6, 146)
(259, 181, 35, 1, 204)
(130, 216, 4, 2, 219)
(264, 101, 3, 4, 178)
(33, 195, 1, 0, 169)
(184, 224, 137, 0, 65)
(250, 111, 34, 0, 103)
(299, 88, 0, 36, 130)
(299, 222, 35, 0, 255)
(255, 213, 51, 0, 137)
(133, 140, 4, 2, 122)
(289, 220, 4, 2, 121)
(146, 18, 9, 13, 197)
(262, 155, 8, 1, 169)
(166, 193, 80, 0, 124)
(111, 19, 9, 2, 150)
(10, 218, 5, 1, 230)
(109, 224, 190, 0, 157)
(39, 98, 3, 8, 70)
(0, 211, 29, 0, 34)
(169, 119, 0, 0, 166)
(214, 184, 0, 2, 113)
(164, 175, 0, 0, 69)
(35, 217, 0, 0, 235)
(107, 205, 9, 1, 198)
(295, 214, 0, 0, 59)
(132, 224, 52, 0, 233)
(292, 185, 2, 7, 157)
(216, 198, 4, 1, 178)
(143, 224, 24, 0, 131)
(235, 163, 0, 0, 138)
(160, 50, 2, 4, 104)
(299, 206, 0, 0, 93)
(0, 113, 218, 0, 152)
(224, 81, 0, 101, 98)
(223, 203, 23, 1, 207)
(122, 183, 0, 13, 42)
(285, 84, 14, 0, 146)
(270, 140, 29, 0, 194)
(299, 179, 0, 44, 35)
(124, 140, 85, 0, 0)
(119, 200, 6, 0, 57)
(273, 129, 0, 45, 81)
(266, 109, 5, 9, 213)
(65, 119, 6, 11, 173)
(0, 76, 34, 0, 66)
(210, 129, 8, 2, 149)
(227, 215, 0, 0, 143)
(280, 114, 0, 57, 244)
(165, 80, 3, 5, 111)
(299, 13, 0, 167, 119)
(294, 76, 0, 59, 129)
(290, 172, 0, 0, 239)
(226, 45, 0, 16, 158)
(299, 27, 0, 62, 116)
(291, 201, 1, 2, 182)
(299, 68, 0, 134, 37)
(226, 222, 3, 2, 149)
(299, 24, 0, 115, 175)
(86, 189, 3, 2, 181)
(258, 40, 0, 21, 111)
(289, 224, 0, 0, 22)
(223, 83, 2, 1, 92)
(220, 141, 79, 0, 0)
(261, 208, 9, 0, 0)
(208, 188, 1, 5, 183)
(283, 108, 3, 3, 161)
(246, 143, 5, 1, 138)
(264, 139, 0, 0, 135)
(121, 82, 8, 2, 127)
(266, 115, 2, 16, 231)
(299, 47, 0, 159, 105)
(245, 21, 10, 1, 212)
(182, 193, 55, 0, 50)
(128, 153, 1, 18, 107)
(280, 195, 11, 1, 185)
(164, 224, 87, 0, 236)
(299, 219, 0, 0, 128)
(205, 189, 32, 0, 240)
(76, 176, 36, 0, 111)
(263, 173, 0, 18, 51)
(296, 211, 0, 13, 255)
(10, 175, 191, 0, 23)
(155, 202, 5, 1, 209)
(249, 137, 0, 17, 202)
(299, 103, 0, 78, 17)
(194, 53, 2, 10, 147)
(295, 218, 1, 5, 106)
(227, 200, 28, 0, 74)
(259, 224, 2, 0, 198)
(272, 119, 11, 1, 221)
(299, 101, 0, 65, 147)
(8, 70, 0, 101, 239)
(280, 97, 0, 0, 0)
(286, 38, 0, 10, 105)
(299, 191, 0, 21, 108)
(299, 132, 0, 21, 200)
(287, 20, 0, 0, 222)
(204, 125, 1, 10, 142)
(127, 202, 5, 2, 165)
(0, 212, 8, 8, 170)
(242, 171, 11, 1, 222)
(5, 160, 70, 0, 146)
(202, 220, 23, 0, 255)
(291, 124, 5, 5, 221)
(43, 209, 7, 2, 197)
(263, 224, 0, 0, 18)
(28, 204, 30, 0, 122)
(159, 20, 0, 107, 65)
(297, 87, 2, 4, 214)
(299, 127, 0, 34, 97)
(209, 213, 6, 0, 174)
(268, 36, 0, 45, 47)
(241, 221, 3, 1, 175)
(21, 36, 41, 2, 202)
(273, 124, 1, 5, 234)
(151, 206, 0, 0, 155)
(118, 223, 42, 0, 83)
(246, 178, 0, 21, 29)
(45, 191, 0, 0, 255)
(274, 66, 0, 63, 206)
(197, 65, 0, 5, 131)
(260, 15, 5, 4, 167)
(130, 224, 100, 0, 240)
(184, 204, 90, 0, 41)
(246, 116, 1, 3, 235)
(190, 224, 0, 0, 99)
(0, 60, 0, 13, 5)
(203, 119, 0, 69, 33)
(167, 195, 1, 8, 204)
(15, 150, 14, 0, 49)
(273, 0, 0, 17, 101)
(253, 214, 4, 1, 220)
(235, 34, 0, 0, 214)
(252, 145, 0, 33, 139)
(251, 69, 42, 0, 217)
(147, 155, 1, 10, 199)
(265, 219, 5, 2, 139)
(189, 197, 36, 0, 30)
(10, 169, 0, 0, 38)
(202, 221, 21, 0, 139)
(239, 184, 0, 16, 1)
(90, 19, 168, 0, 31)
(292, 29, 4, 5, 151)
(265, 224, 18, 0, 157)
(156, 106, 33, 2, 165)
(49, 159, 0, 25, 141)
(185, 178, 27, 0, 31)
(289, 32, 0, 94, 80)
(191, 84, 0, 127, 25)
(88, 212, 11, 0, 47)
(203, 28, 11, 2, 239)
(276, 35, 0, 26, 174)
(207, 224, 52, 0, 78)
(246, 196, 7, 1, 195)
(152, 168, 9, 0, 34)
(23, 5, 25, 6, 196)
(108, 79, 4, 3, 182)
(35, 99, 3, 7, 195)
(109, 197, 2, 1, 192)
(277, 123, 3, 1, 246)
(295, 33, 1, 5, 225)
(22, 224, 3, 1, 101)
(299, 186, 0, 6, 114)
(299, 189, 0, 0, 162)
(0, 215, 4, 5, 162)
(245, 121, 2, 1, 103)
(245, 224, 37, 0, 233)
(183, 218, 39, 0, 195)
(114, 124, 119, 0, 251)
(222, 70, 0, 90, 83)
(299, 149, 0, 46, 101)
(253, 209, 46, 0, 46)
(225, 163, 33, 0, 62)
(249, 152, 0, 68, 127)
(203, 96, 14, 2, 131)
(268, 213, 6, 1, 169)
(96, 158, 0, 8, 100)
(262, 137, 3, 2, 104)
(198, 223, 56, 0, 117)
(183, 128, 0, 50, 171)
(0, 78, 7, 11, 90)
(299, 151, 0, 31, 55)
(102, 215, 5, 3, 211)
(78, 43, 3, 16, 231)
(141, 214, 0, 0, 68)
(254, 224, 2, 15, 164)
(299, 211, 0, 24, 104)
(165, 211, 0, 0, 60)
(253, 72, 3, 2, 125)
(299, 80, 0, 133, 21)
(261, 93, 3, 0, 65)
(171, 217, 128, 0, 158)
(129, 180, 3, 1, 130)
(159, 181, 0, 0, 67)
(299, 142, 0, 0, 19)
(184, 181, 3, 2, 249)
(148, 146, 2, 4, 99)
(259, 186, 14, 0, 105)
(20, 23, 6, 7, 161)
(203, 35, 4, 4, 162)
(25, 97, 10, 1, 185)
(245, 218, 41, 0, 68)
(196, 211, 0, 17, 120)
(179, 155, 10, 1, 107)
(9, 50, 4, 4, 75)
(170, 188, 47, 0, 92)
(141, 224, 12, 0, 22)
(260, 224, 23, 0, 119)
(293, 107, 0, 7, 65)
(109, 191, 24, 0, 117)
(41, 66, 2, 8, 131)
(277, 124, 0, 0, 38)
(9, 224, 256, 0, 93)
(99, 118, 5, 7, 229)
(299, 201, 0, 26, 142)
(136, 52, 8, 3, 148)
(76, 50, 2, 10, 230)
(299, 34, 0, 26, 216)
(83, 168, 3, 1, 225)
(298, 215, 2, 0, 21)
(189, 224, 70, 0, 214)
(153, 146, 8, 0, 199)
(53, 224, 107, 0, 74)
(237, 33, 1, 4, 170)
(163, 194, 1, 9, 124)
(107, 192, 1, 1, 239)
(178, 145, 3, 4, 248)
(144, 151, 0, 0, 200)
(137, 209, 34, 0, 67)
(266, 223, 0, 1, 67)
(125, 224, 18, 0, 32)
(147, 164, 1, 15, 106)
(166, 211, 62, 0, 240)
(193, 214, 10, 1, 199)
(248, 220, 0, 4, 46)
(215, 224, 35, 0, 7)
(251, 36, 0, 38, 224)
(203, 66, 0, 45, 95)
(222, 224, 71, 0, 10)
(289, 200, 0, 0, 179)
(235, 196, 51, 0, 168)
(116, 147, 56, 0, 199)
(240, 0, 0, 121, 76)
(116, 193, 85, 0, 85)
(246, 100, 6, 1, 226)
(160, 224, 99, 0, 39)
(283, 224, 0, 0, 0)
(295, 110, 0, 79, 255)
(262, 147, 0, 4, 211)
(163, 220, 7, 5, 202)
(256, 122, 2, 1, 130)
(144, 207, 15, 0, 178)
(280, 172, 9, 0, 15)
(290, 132, 0, 52, 85)
(166, 154, 3, 5, 182)
(78, 90, 51, 0, 101)
(280, 119, 0, 13, 0)
(230, 166, 0, 6, 41)
(299, 105, 0, 0, 0)
(194, 211, 0, 0, 76)
(237, 67, 1, 10, 143)
(276, 195, 2, 0, 86)
(299, 95, 0, 44, 255)
(275, 224, 26, 0, 42)
(251, 206, 2, 5, 194)
(232, 188, 0, 20, 229)
(295, 70, 0, 2, 10)
(236, 170, 8, 2, 204)
(293, 198, 0, 0, 88)
(230, 84, 0, 128, 183)
(30, 224, 205, 0, 165)
(270, 80, 1, 7, 153)
(152, 132, 0, 79, 104)
(109, 224, 29, 0, 71)
(245, 184, 5, 2, 193)
(80, 197, 171, 0, 145)
(225, 200, 0, 2, 27)
(154, 160, 2, 6, 101)
(8, 76, 5, 3, 133)
(184, 185, 63, 0, 174)
(297, 161, 2, 4, 198)
(299, 19, 0, 155, 12)
(172, 8, 52, 6, 225)
(228, 124, 0, 89, 0)
(284, 136, 2, 8, 175)
(69, 26, 4, 14, 226)
(135, 153, 46, 0, 70)
(188, 224, 0, 0, 121)
(219, 163, 7, 1, 183)
(275, 195, 0, 0, 209)
(283, 224, 0, 0, 184)
(133, 214, 135, 0, 179)
(248, 94, 0, 16, 242)
(268, 170, 20, 0, 7)
(294, 98, 0, 53, 0)
(223, 217, 51, 0, 0)
(272, 214, 4, 0, 145)
(44, 64, 149, 0, 226)
(273, 201, 28, 0, 189)
(299, 144, 0, 14, 69)
(247, 184, 14, 0, 37)
(117, 224, 76, 0, 151)
(66, 210, 2, 10, 190)
(195, 199, 0, 9, 105)
(276, 158, 0, 13, 183)
(202, 128, 1, 16, 187)
(295, 106, 0, 0, 75)
(226, 109, 0, 46, 235)
(299, 121, 0, 15, 134)
(0, 148, 1, 3, 27)
(173, 194, 2, 3, 103)
(299, 110, 0, 17, 24)
(149, 31, 3, 5, 221)
(271, 202, 11, 2, 163)
(288, 93, 1, 1, 220)
(295, 27, 0, 98, 153)
(41, 184, 25, 0, 118)
(161, 40, 0, 54, 95)
(288, 98, 4, 2, 205)
(201, 218, 4, 4, 192)
(93, 58, 6, 2, 173)
(283, 109, 6, 2, 156)
(273, 211, 0, 13, 55)
(284, 194, 15, 0, 158)
(61, 217, 3, 3, 177)
(21, 84, 6, 8, 136)
(278, 207, 0, 0, 149)
(182, 82, 14, 0, 86)
(57, 185, 15, 2, 108)
(246, 19, 0, 57, 63)
(217, 188, 0, 31, 42)
(299, 98, 0, 67, 255)
(182, 188, 0, 36, 175)
(119, 177, 2, 10, 64)
(227, 175, 11, 0, 151)
(0, 224, 73, 0, 20)
(299, 158, 0, 0, 231)
(221, 224, 20, 0, 203)
(231, 57, 1, 6, 211)
(275, 193, 0, 21, 78)
(299, 200, 0, 10, 223)
(266, 150, 0, 42, 134)
(281, 184, 1, 4, 216)
(263, 217, 0, 7, 167)
(256, 184, 0, 15, 154)
(299, 156, 0, 25, 5)
(281, 165, 3, 2, 195)
(290, 168, 12, 1, 231)
(274, 54, 0, 51, 57)
(227, 101, 1, 7, 140)
(220, 187, 0, 0, 121)
(135, 72, 6, 8, 167)
(118, 208, 0, 0, 48)
(299, 15, 0, 174, 70)
(138, 224, 14, 0, 221)
(271, 110, 0, 0, 3)
(198, 180, 1, 5, 190)
(149, 224, 202, 0, 216)
(236, 213, 33, 0, 74)
(183, 224, 101, 0, 66)
(160, 209, 105, 0, 168)
(56, 167, 15, 1, 125)
(182, 73, 11, 2, 149)
(169, 211, 6, 3, 242)
(192, 124, 8, 3, 106)
(96, 224, 193, 0, 144)
(280, 218, 0, 0, 36)
(151, 36, 19, 10, 203)
(24, 178, 273, 0, 90)
(0, 67, 13, 4, 89)
(92, 224, 115, 0, 50)
(260, 221, 3, 1, 169)
(299, 209, 0, 0, 78)
(299, 139, 0, 11, 222)
(4, 208, 64, 0, 65)
(238, 68, 0, 146, 206)
(23, 194, 0, 0, 65)
(29, 197, 148, 0, 110)
(205, 211, 20, 2, 206)
(269, 129, 2, 1, 112)
(299, 205, 0, 0, 127)
(232, 197, 24, 0, 119)
(76, 127, 14, 3, 248)
(253, 0, 0, 164, 4)
(275, 68, 0, 44, 0)
(237, 26, 2, 5, 179)
(293, 89, 0, 47, 71)
(155, 221, 53, 0, 103)
(105, 202, 12, 2, 68)
(231, 66, 16, 0, 220)
(237, 50, 0, 57, 22)
(299, 174, 0, 0, 207)
(209, 198, 0, 0, 175)
(292, 214, 11, 1, 166)
(242, 77, 3, 3, 207)
(284, 220, 4, 1, 150)
(189, 126, 28, 0, 228)
(299, 119, 0, 16, 209)
(299, 38, 0, 46, 206)
(121, 224, 38, 0, 214)
(278, 78, 12, 1, 174)
(278, 210, 0, 8, 68)
(247, 198, 0, 7, 12)
(71, 173, 14, 1, 201)
(173, 17, 18, 0, 69)
(129, 196, 72, 0, 22)
(277, 165, 4, 2, 228)
(97, 65, 8, 3, 174)
(249, 49, 4, 1, 229)
(189, 206, 54, 0, 228)
(78, 61, 6, 1, 143)
(46, 224, 103, 0, 80)
(170, 221, 46, 0, 191)
(212, 167, 0, 47, 224)
(299, 175, 0, 10, 155)
(54, 73, 24, 0, 227)
(122, 4, 4, 11, 125)
(149, 65, 3, 2, 178)
(171, 224, 0, 0, 93)
(253, 224, 46, 0, 123)
(293, 27, 0, 174, 183)
(93, 101, 3, 12, 187)
(172, 166, 24, 0, 198)
(267, 132, 0, 25, 183)
(189, 224, 0, 0, 149)
(164, 54, 0, 14, 126)
(290, 185, 9, 0, 252)
(232, 66, 0, 20, 38)
(299, 114, 0, 52, 158)
(0, 210, 172, 0, 114)
(284, 215, 5, 2, 135)
(296, 64, 0, 79, 242)
(293, 90, 2, 10, 154)
(291, 168, 0, 16, 180)
(67, 115, 4, 1, 49)
(299, 182, 1, 2, 172)
(145, 110, 2, 8, 213)
(299, 147, 0, 0, 11)
(46, 70, 73, 0, 69)
(13, 220, 6, 1, 107)
(11, 206, 81, 0, 5)
(299, 65, 0, 76, 70)
(271, 149, 2, 5, 153)
(150, 149, 1, 4, 94)
(33, 69, 10, 2, 205)
(138, 145, 7, 7, 223)
(299, 68, 0, 73, 198)
(102, 130, 3, 11, 88)
(7, 215, 141, 0, 85)
(213, 224, 18, 0, 161)
(218, 224, 10, 0, 77)
(191, 215, 8, 0, 3)
(210, 97, 3, 1, 234)
(104, 208, 3, 0, 80)
(246, 19, 0, 158, 223)
(280, 87, 10, 1, 151)
(191, 224, 51, 0, 147)
(228, 157, 0, 52, 15)
(0, 178, 5, 1, 127)
(249, 94, 0, 40, 235)
(210, 91, 2, 2, 185)
(121, 111, 28, 0, 41)
(0, 146, 229, 0, 239)
(288, 0, 0, 22, 188)
(96, 65, 2, 7, 132)
(221, 224, 26, 0, 149)
(270, 180, 27, 0, 0)
(154, 162, 0, 5, 107)
(238, 121, 4, 7, 106)
(299, 206, 0, 0, 32)
(299, 220, 0, 0, 15)
(261, 177, 0, 1, 42)
(34, 145, 2, 12, 158)
(70, 148, 5, 2, 205)
(77, 217, 0, 0, 28)
(232, 185, 23, 0, 231)
(299, 188, 0, 14, 56)
(127, 142, 0, 18, 147)
(264, 188, 0, 0, 50)
(46, 170, 38, 0, 185)
(114, 221, 22, 1, 199)
(288, 190, 11, 0, 102)
(222, 27, 6, 10, 196)
(89, 182, 14, 5, 81)
(100, 155, 0, 69, 138)
(220, 21, 1, 9, 220)
(97, 192, 6, 1, 207)
(262, 53, 0, 107, 15)
(67, 89, 0, 102, 123)
(299, 75, 0, 106, 249)
(158, 196, 0, 0, 86)
(279, 128, 4, 4, 179)
(281, 180, 11, 1, 191)
(299, 126, 0, 25, 50)
(285, 164, 0, 27, 62)
(296, 114, 0, 38, 254)
(26, 160, 18, 1, 75)
(103, 159, 9, 3, 251)
(40, 202, 77, 0, 195)
(215, 189, 2, 4, 238)
(256, 198, 11, 0, 32)
(239, 68, 0, 50, 32)
(260, 62, 3, 1, 164)
(234, 161, 5, 1, 221)
(293, 74, 5, 5, 176)
(49, 224, 173, 0, 216)
(242, 179, 0, 7, 170)
(160, 149, 0, 75, 143)
(105, 46, 9, 4, 82)
(247, 203, 50, 0, 117)
(239, 221, 1, 3, 118)
(67, 211, 220, 0, 200)
(80, 188, 7, 3, 116)
(289, 115, 0, 105, 236)
(275, 138, 13, 0, 174)
(287, 224, 5, 6, 136)
(104, 192, 2, 2, 120)
(141, 212, 2, 2, 108)
(243, 130, 7, 3, 249)
(297, 193, 24, 0, 97)
(272, 108, 0, 75, 203)
(139, 207, 20, 1, 204)
(299, 123, 0, 46, 68)
(260, 45, 9, 1, 123)
(99, 72, 0, 47, 0)
(261, 209, 6, 0, 224)
(94, 83, 7, 3, 170)
(60, 123, 0, 0, 4)
(271, 146, 0, 21, 174)
(53, 224, 58, 0, 58)
(152, 5, 2, 8, 171)
(286, 0, 2, 5, 150)
(120, 205, 0, 19, 3)
(159, 119, 2, 5, 170)
(56, 220, 101, 0, 111)
(299, 198, 0, 0, 89)
(239, 37, 3, 14, 174)
(122, 66, 91, 0, 137)
(278, 211, 12, 0, 117)
(269, 145, 1, 8, 228)
(299, 135, 0, 81, 39)
(106, 224, 128, 0, 87)
(123, 131, 0, 54, 187)
(194, 212, 9, 1, 237)
(285, 190, 14, 0, 188)
(297, 21, 0, 151, 78)
(299, 187, 0, 13, 247)
(30, 224, 19, 0, 117)
(294, 66, 0, 0, 211)
(273, 185, 0, 15, 240)
(53, 176, 14, 1, 104)
(129, 198, 47, 0, 208)
(299, 190, 0, 18, 28)
(286, 188, 0, 1, 10)
(117, 184, 80, 0, 91)
(134, 224, 0, 0, 110)
(70, 221, 98, 0, 195)
(256, 196, 0, 19, 235)
(229, 121, 0, 62, 227)
(0, 187, 19, 1, 137)
(299, 28, 0, 60, 52)
(220, 199, 11, 2, 220)
(54, 203, 177, 0, 89)
(259, 200, 5, 2, 221)
(68, 221, 208, 0, 110)
(295, 130, 2, 4, 202)
(248, 152, 0, 21, 135)
(277, 6, 0, 32, 151)
(282, 68, 5, 3, 225)
(78, 121, 3, 2, 103)
(29, 224, 67, 0, 77)
(178, 208, 62, 0, 255)
(161, 176, 3, 5, 186)
(1, 218, 62, 0, 68)
(256, 177, 0, 17, 9)
(127, 224, 157, 0, 44)
(109, 208, 93, 0, 239)
(13, 190, 213, 0, 233)
(240, 189, 0, 19, 51)
(204, 163, 4, 6, 229)
(188, 154, 20, 0, 0)
(250, 224, 7, 0, 3)
(6, 190, 195, 0, 181)
(284, 117, 3, 1, 242)
(81, 224, 229, 0, 37)
(34, 32, 2, 30, 161)
(60, 210, 52, 0, 50)
(27, 168, 23, 7, 65)
(152, 101, 3, 4, 82)
(58, 177, 86, 0, 75)
(215, 224, 0, 0, 14)
(299, 185, 0, 36, 181)
(280, 90, 0, 4, 241)
(299, 26, 0, 0, 159)
(45, 224, 224, 0, 66)
(139, 10, 4, 11, 153)
(208, 63, 10, 0, 103)
(0, 224, 186, 0, 198)
(81, 140, 149, 0, 56)
(33, 172, 30, 2, 66)
(182, 186, 3, 7, 160)
(76, 175, 15, 1, 113)
(293, 44, 0, 128, 219)
(299, 114, 0, 0, 39)
(263, 34, 0, 40, 140)
(290, 33, 0, 51, 136)
(69, 179, 15, 1, 218)
(67, 223, 9, 1, 169)
(290, 96, 1, 4, 225)
(253, 191, 26, 0, 163)
(22, 224, 126, 0, 70)
(149, 224, 26, 0, 71)
(299, 118, 0, 30, 214)
(299, 175, 0, 0, 223)
(285, 224, 0, 0, 159)
(5, 183, 0, 50, 202)
(133, 98, 3, 2, 152)
(81, 105, 117, 0, 83)
(263, 70, 4, 4, 232)
(289, 209, 3, 1, 233)
(205, 136, 2, 5, 125)
(280, 190, 18, 0, 81)
(270, 224, 29, 0, 41)
(199, 224, 67, 0, 170)
(204, 209, 6, 0, 40)
(232, 107, 0, 0, 151)
(258, 224, 0, 0, 45)
(272, 159, 7, 1, 166)
(137, 210, 52, 0, 81)
(244, 200, 39, 0, 83)
(299, 217, 0, 5, 97)
(51, 224, 52, 0, 0)
(107, 161, 0, 45, 103)
(80, 199, 90, 0, 180)
(299, 0, 0, 20, 253)
(164, 185, 4, 1, 88)
(299, 166, 0, 24, 1)
(280, 170, 0, 0, 12)
(290, 126, 0, 0, 241)
(112, 159, 1, 6, 103)
(71, 214, 0, 0, 86)
(60, 51, 3, 12, 80)
(84, 224, 172, 0, 248)
(299, 150, 0, 0, 51)
(0, 212, 202, 0, 158)
(126, 203, 2, 5, 223)
(213, 19, 0, 34, 43)
(290, 0, 0, 148, 192)
(288, 134, 0, 36, 218)
(299, 210, 0, 0, 178)
(268, 36, 3, 1, 238)
(299, 75, 0, 20, 6)
(213, 72, 2, 5, 239)
(240, 162, 0, 8, 71)
(286, 86, 0, 121, 3)
(219, 84, 6, 2, 173)
(299, 186, 0, 29, 0)
(299, 99, 0, 18, 167)
(58, 219, 0, 0, 149)
(127, 159, 1, 13, 71)
(113, 224, 63, 0, 110)
(299, 127, 0, 20, 71)
(126, 175, 1, 13, 234)
(177, 224, 21, 0, 166)
(51, 224, 141, 0, 230)
(243, 135, 32, 0, 178)
(31, 224, 36, 0, 197)
(298, 153, 0, 25, 4)
(226, 217, 0, 0, 206)
(120, 174, 4, 10, 79)
(31, 224, 5, 0, 59)
(188, 169, 3, 2, 216)
(27, 131, 137, 0, 165)
(47, 103, 7, 2, 183)
(106, 197, 198, 0, 4)
(257, 32, 1, 22, 165)
(285, 71, 0, 125, 123)
(155, 182, 114, 0, 164)
(299, 45, 0, 85, 126)
(145, 157, 5, 0, 172)
(299, 171, 0, 20, 54)
(58, 172, 10, 1, 97)
(229, 224, 55, 0, 28)
(243, 217, 7, 0, 244)
(136, 143, 9, 6, 221)
(101, 211, 8, 0, 179)
(271, 177, 19, 0, 12)
(9, 0, 0, 12, 44)
(241, 44, 22, 0, 159)
(116, 110, 107, 0, 220)
(143, 44, 3, 3, 230)
(150, 205, 27, 0, 149)
(164, 224, 37, 0, 17)
(272, 81, 0, 82, 0)
(260, 213, 39, 0, 137)
(222, 224, 1, 10, 114)
(295, 15, 3, 4, 150)
(111, 192, 178, 0, 122)
(99, 120, 0, 8, 194)
(289, 223, 2, 1, 141)
(297, 40, 0, 178, 12)
(115, 224, 9, 1, 192)
(266, 42, 0, 56, 5)
(297, 187, 0, 0, 107)
(270, 154, 3, 3, 220)
(33, 171, 243, 0, 180)
(217, 204, 13, 0, 91)
(274, 53, 0, 115, 184)
(99, 224, 2, 0, 145)
(112, 224, 10, 0, 48)
(96, 28, 9, 2, 178)
(123, 222, 0, 0, 41)
(197, 158, 0, 54, 0)
(205, 88, 11, 1, 106)
(299, 0, 0, 87, 180)
(292, 211, 1, 3, 176)
(174, 34, 0, 65, 214)
(40, 224, 107, 0, 207)
(269, 177, 5, 1, 191)
(182, 220, 33, 0, 61)
(102, 160, 1, 10, 108)
(120, 66, 10, 3, 144)
(158, 27, 0, 38, 143)
(175, 213, 0, 9, 165)
(160, 68, 0, 89, 147)
(204, 224, 0, 0, 117)
(91, 121, 8, 6, 211)
(112, 224, 178, 0, 116)
(167, 203, 6, 3, 136)
(246, 124, 2, 1, 236)
(176, 202, 105, 0, 82)
(286, 6, 0, 97, 246)
(264, 185, 0, 27, 230)
(273, 0, 0, 102, 29)
(207, 155, 0, 0, 0)
(269, 224, 0, 0, 155)
(299, 0, 0, 122, 48)
(42, 22, 187, 0, 194)
(172, 93, 1, 2, 194)
(222, 89, 2, 7, 185)
(276, 133, 0, 10, 51)
(229, 224, 0, 6, 161)
(277, 162, 5, 2, 208)
(178, 190, 3, 8, 117)
(58, 224, 112, 0, 28)
(292, 39, 0, 69, 179)
(155, 213, 67, 0, 143)
(299, 159, 0, 47, 82)
(241, 114, 1, 3, 201)
(274, 207, 0, 17, 171)
(20, 203, 104, 0, 205)
(117, 208, 147, 0, 151)
(172, 224, 59, 0, 81)
(185, 224, 32, 0, 141)
(0, 112, 1, 7, 143)
(56, 182, 4, 1, 84)
(280, 181, 1, 9, 207)
(273, 62, 0, 17, 83)
(198, 221, 0, 0, 208)
(260, 215, 3, 3, 233)
(299, 168, 0, 3, 158)
(257, 43, 0, 0, 168)
(257, 203, 29, 0, 154)
(216, 220, 64, 0, 117)
(17, 224, 43, 0, 183)
(37, 209, 6, 10, 212)
(294, 209, 1, 1, 133)
(137, 209, 7, 1, 171)
(260, 224, 0, 0, 199)
(276, 158, 21, 0, 24)
(159, 35, 0, 35, 255)
(275, 53, 0, 66, 255)
(30, 205, 23, 2, 204)
(142, 220, 8, 4, 208)
(272, 224, 16, 0, 0)
(86, 190, 132, 0, 178)
(244, 15, 2, 6, 141)
(294, 85, 0, 25, 59)
(235, 223, 2, 1, 164)
(0, 199, 82, 0, 36)
(81, 200, 0, 0, 241)
(286, 224, 18, 0, 135)
(135, 64, 28, 0, 190)
(50, 100, 8, 3, 101)
(175, 213, 24, 0, 10)
(147, 186, 4, 5, 94)
(249, 224, 42, 0, 48)
(296, 189, 0, 10, 162)
(299, 134, 0, 0, 18)
(299, 159, 0, 0, 142)
(272, 34, 3, 6, 211)
(74, 120, 3, 1, 205)
(272, 44, 12, 0, 81)
(222, 224, 0, 0, 204)
(221, 15, 0, 5, 58)
(0, 220, 4, 3, 204)
(93, 207, 14, 0, 50)
(128, 224, 5, 5, 188)
(80, 140, 7, 5, 234)
(66, 220, 188, 0, 180)
(299, 224, 7, 9, 88)
(26, 224, 46, 0, 112)
(266, 109, 2, 2, 163)
(275, 211, 0, 13, 102)
(268, 209, 31, 0, 54)
(49, 223, 0, 2, 48)
(74, 211, 146, 0, 111)
(248, 184, 0, 0, 89)
(299, 73, 0, 92, 124)
(102, 143, 23, 0, 0)
(148, 38, 0, 0, 214)
(53, 224, 125, 0, 151)
(299, 206, 0, 8, 10)
(292, 64, 0, 108, 63)
(299, 27, 0, 27, 25)
(242, 224, 37, 0, 85)
(294, 6, 7, 3, 184)
(299, 224, 0, 0, 56)
(181, 184, 0, 38, 123)
(149, 224, 63, 0, 36)
(33, 224, 13, 0, 166)
(266, 147, 3, 5, 221)
(203, 142, 80, 0, 129)
(282, 195, 17, 0, 29)
(0, 206, 146, 0, 138)
(130, 121, 9, 5, 211)
(194, 202, 20, 0, 0)
(70, 64, 1, 14, 123)
(266, 224, 0, 0, 108)
(173, 104, 2, 5, 198)
(288, 124, 2, 1, 120)
(289, 224, 0, 11, 255)
(238, 193, 0, 15, 160)
(280, 218, 0, 0, 168)
(87, 180, 3, 0, 8)
(154, 198, 34, 0, 94)
(232, 69, 5, 1, 141)
(255, 178, 0, 43, 83)
(220, 126, 0, 0, 27)
(270, 92, 1, 5, 171)
(98, 199, 111, 0, 220)
(209, 153, 1, 1, 205)
(285, 51, 2, 3, 144)
(299, 91, 12, 1, 160)
(178, 188, 3, 1, 241)
(256, 143, 10, 0, 255)
(278, 218, 0, 1, 51)
(289, 123, 2, 1, 166)
(128, 223, 3, 1, 193)
(103, 3, 8, 20, 218)
(285, 149, 5, 4, 209)
(299, 224, 0, 0, 153)
(296, 198, 0, 11, 53)
(57, 170, 65, 0, 131)
(265, 224, 1, 0, 51)
(233, 131, 0, 106, 251)
(265, 208, 34, 0, 64)
(278, 218, 0, 0, 0)
(267, 164, 0, 45, 93)
(255, 224, 2, 0, 77)
(102, 224, 12, 0, 168)
(138, 214, 46, 0, 218)
(126, 187, 6, 0, 60)
(123, 130, 14, 2, 165)
(160, 114, 2, 3, 211)
(95, 222, 0, 6, 184)
(39, 105, 11, 3, 168)
(299, 167, 17, 3, 232)
(180, 203, 36, 0, 86)
(235, 15, 1, 5, 157)
(285, 163, 4, 1, 234)
(4, 212, 158, 0, 194)
(299, 17, 0, 3, 206)
(152, 55, 1, 11, 208)
(17, 76, 5, 7, 173)
(74, 172, 53, 0, 147)
(294, 42, 3, 2, 214)
(273, 144, 0, 12, 184)
(86, 224, 130, 0, 100)
(299, 171, 0, 0, 182)
(298, 189, 1, 0, 117)
(54, 156, 0, 0, 187)
(249, 212, 50, 0, 63)
(237, 224, 0, 0, 72)
(299, 35, 0, 31, 123)
(260, 199, 32, 0, 168)
(114, 197, 146, 0, 22)
(271, 196, 0, 0, 1)
(198, 183, 2, 1, 148)
(228, 136, 4, 4, 222)
(148, 206, 17, 1, 167)
(259, 131, 6, 6, 182)
(272, 145, 0, 21, 207)
(148, 224, 0, 0, 200)
(294, 224, 5, 0, 255)
(243, 55, 0, 55, 172)
(6, 220, 134, 0, 2)
(299, 118, 0, 86, 255)
(161, 194, 58, 0, 220)
(282, 153, 0, 44, 0)
(154, 143, 2, 10, 195)
(211, 197, 0, 5, 178)
(151, 115, 7, 7, 87)
(242, 205, 0, 0, 47)
(299, 138, 0, 35, 95)
(262, 134, 24, 0, 0)
(216, 154, 0, 45, 90)
(267, 24, 0, 81, 132)
(189, 43, 50, 0, 84)
(145, 26, 59, 0, 94)
(62, 218, 75, 0, 128)
(231, 69, 9, 0, 25)
(125, 190, 2, 5, 62)
(269, 175, 0, 22, 221)
(298, 97, 0, 104, 174)
(146, 165, 48, 0, 67)
(299, 27, 0, 94, 240)
(186, 174, 4, 5, 242)
(247, 180, 29, 0, 229)
(112, 215, 66, 0, 83)
(265, 180, 1, 0, 194)
(7, 181, 11, 1, 115)
(221, 214, 18, 0, 239)
(185, 183, 0, 0, 180)
(38, 119, 4, 9, 118)
(138, 222, 15, 1, 204)
(280, 28, 0, 121, 105)
(126, 77, 4, 3, 222)
(201, 53, 3, 2, 208)
(65, 46, 7, 3, 240)
(278, 165, 0, 59, 226)
(72, 39, 1, 21, 169)
(194, 224, 19, 0, 243)
(230, 172, 6, 2, 218)
(203, 139, 3, 16, 234)
(17, 103, 3, 6, 74)
(299, 94, 0, 21, 230)
(166, 177, 0, 1, 236)
(297, 154, 1, 3, 193)
(247, 73, 3, 1, 239)
(105, 85, 1, 5, 239)
(233, 115, 0, 46, 141)
(297, 43, 0, 179, 160)
(296, 107, 0, 43, 204)
(0, 103, 10, 9, 94)
(220, 205, 54, 0, 11)
(0, 170, 0, 8, 189)
(223, 168, 0, 15, 113)
(145, 116, 2, 8, 102)
(161, 213, 6, 1, 120)
(0, 185, 224, 0, 154)
(262, 14, 27, 0, 90)
(260, 109, 2, 2, 163)
(296, 214, 0, 13, 19)
(235, 179, 0, 0, 73)
(275, 223, 0, 3, 0)
(138, 224, 93, 0, 127)
(299, 16, 0, 0, 90)
(298, 222, 0, 0, 126)
(101, 217, 132, 0, 68)
(272, 201, 7, 0, 99)
(273, 61, 0, 19, 29)
(121, 115, 25, 2, 199)
(183, 5, 0, 28, 5)
(281, 60, 0, 49, 79)
(299, 91, 0, 84, 206)
(66, 218, 69, 0, 175)
(201, 198, 0, 0, 246)
(279, 159, 0, 10, 54)
(279, 83, 2, 3, 211)
(207, 154, 0, 12, 223)
(299, 24, 0, 147, 76)
(248, 160, 16, 1, 140)
(97, 106, 2, 1, 22)
(0, 207, 160, 0, 194)
(291, 190, 0, 17, 39)
(79, 216, 110, 0, 188)
(18, 187, 14, 3, 116)
(25, 183, 14, 0, 16)
(218, 158, 7, 2, 88)
(47, 191, 6, 1, 204)
(251, 1, 3, 4, 186)
(294, 65, 0, 105, 19)
(140, 187, 4, 9, 104)
(255, 220, 0, 17, 233)
(276, 224, 1, 1, 162)
(240, 224, 6, 0, 140)
(282, 173, 9, 2, 223)
(217, 197, 0, 0, 18)
(13, 223, 78, 0, 104)
(266, 99, 0, 0, 184)
(271, 224, 0, 0, 104)
(49, 224, 185, 0, 50)
(71, 196, 148, 0, 127)
(282, 158, 10, 2, 117)
(255, 218, 6, 1, 194)
(230, 207, 0, 7, 2)
(13, 224, 230, 0, 146)
(44, 126, 5, 8, 161)
(288, 94, 11, 0, 173)
(289, 116, 17, 0, 95)
(279, 92, 4, 4, 165)
(194, 125, 0, 91, 0)
(200, 89, 0, 85, 11)
(299, 169, 0, 0, 32)
(256, 120, 1, 13, 181)
(287, 11, 0, 0, 220)
(299, 224, 0, 0, 252)
(187, 145, 4, 1, 191)
(273, 89, 1, 5, 138)
(68, 205, 1, 5, 243)
(91, 213, 95, 0, 2)
(20, 63, 1, 8, 170)
(192, 222, 36, 0, 135)
(299, 18, 0, 90, 100)
(299, 204, 0, 0, 239)
(231, 193, 0, 0, 89)
(131, 204, 4, 1, 136)
(269, 130, 0, 43, 179)
(271, 111, 3, 3, 227)
(181, 154, 3, 2, 150)
(299, 105, 0, 52, 72)
(266, 126, 0, 98, 89)
(299, 93, 0, 16, 228)
(221, 223, 1, 3, 129)
(252, 193, 0, 26, 129)
(208, 203, 14, 2, 215)
(159, 159, 2, 6, 75)
(175, 207, 23, 0, 193)
(252, 185, 4, 1, 219)
(299, 178, 0, 10, 88)
(299, 183, 0, 12, 69)
(139, 152, 90, 0, 22)
(295, 145, 4, 0, 180)
(275, 62, 0, 90, 218)
(251, 222, 0, 0, 1)
(91, 133, 1, 8, 97)
(283, 102, 0, 64, 196)
(227, 66, 0, 151, 209)
(0, 0, 10, 5, 178)
(218, 63, 0, 73, 174)
(98, 174, 10, 1, 233)
(288, 224, 0, 0, 36)
(292, 204, 1, 1, 173)
(213, 142, 4, 6, 238)
(299, 169, 0, 6, 245)
(128, 56, 1, 12, 111)
(99, 193, 107, 0, 193)
(229, 224, 70, 0, 0)
(263, 123, 0, 10, 108)
(265, 201, 0, 35, 237)
(299, 154, 0, 26, 199)
(218, 15, 0, 133, 247)
(159, 167, 0, 0, 186)
(113, 123, 10, 3, 183)
(279, 69, 3, 8, 151)
(63, 185, 25, 0, 4)
(152, 146, 92, 0, 138)
(299, 0, 0, 151, 77)
(123, 206, 0, 0, 198)
(162, 218, 22, 0, 131)
(299, 85, 0, 108, 83)
(265, 74, 19, 0, 141)
(1, 224, 269, 0, 184)
(297, 153, 0, 14, 117)
(291, 49, 0, 146, 58)
(256, 174, 0, 0, 22)
(0, 201, 0, 4, 143)
(145, 205, 33, 0, 195)
(89, 211, 3, 0, 21)
(299, 187, 0, 0, 185)
(182, 217, 3, 2, 190)
(291, 95, 0, 60, 185)
(117, 4, 3, 3, 206)
(109, 191, 112, 0, 157)
(299, 224, 0, 0, 113)
(240, 213, 15, 1, 187)
(288, 72, 2, 2, 217)
(299, 125, 0, 64, 171)
(157, 32, 28, 2, 191)
(292, 10, 2, 4, 145)
(246, 168, 0, 36, 190)
(76, 213, 51, 0, 207)
(226, 204, 15, 0, 54)
(221, 116, 1, 5, 208)
(186, 198, 0, 0, 245)
(146, 102, 0, 2, 68)
(286, 32, 0, 32, 62)
(271, 129, 0, 76, 43)
(255, 120, 0, 90, 49)
(215, 154, 0, 0, 86)
(299, 87, 0, 0, 176)
(277, 129, 2, 1, 239)
(263, 165, 0, 59, 245)
(270, 212, 0, 0, 169)
(214, 217, 51, 0, 180)
(252, 106, 1, 10, 195)
(70, 222, 235, 0, 215)
(198, 150, 1, 4, 200)
(260, 86, 14, 0, 128)
(116, 224, 67, 0, 2)
(119, 132, 6, 8, 136)
(299, 98, 0, 0, 226)
(62, 224, 73, 0, 41)
(275, 156, 0, 9, 152)
(266, 211, 1, 1, 193)
(204, 111, 5, 1, 192)
(299, 131, 0, 0, 121)
(266, 181, 10, 2, 185)
(8, 82, 170, 0, 173)
(213, 62, 3, 3, 244)
(121, 223, 148, 0, 122)
(124, 219, 5, 1, 190)
(263, 74, 0, 33, 208)
(151, 88, 3, 1, 93)
(299, 91, 0, 133, 128)
(285, 224, 0, 0, 192)
(214, 210, 6, 6, 206)
(54, 172, 0, 0, 157)
(81, 26, 8, 3, 116)
(179, 84, 9, 4, 154)
(103, 224, 53, 0, 82)
(135, 223, 95, 0, 56)
(263, 224, 0, 0, 234)
(214, 224, 0, 0, 229)
(257, 212, 2, 0, 217)
(259, 224, 5, 0, 243)
(273, 160, 0, 31, 80)
(299, 129, 0, 47, 31)
(243, 224, 6, 0, 226)
(271, 203, 28, 0, 65)
(256, 185, 3, 3, 171)
(114, 195, 0, 0, 41)
(268, 24, 1, 3, 235)
(286, 140, 1, 5, 207)
(279, 0, 0, 81, 98)
(266, 150, 0, 0, 44)
(222, 187, 0, 0, 234)
(25, 190, 9, 1, 194)
(66, 206, 232, 0, 16)
(292, 169, 0, 3, 255)
(290, 155, 0, 57, 228)
(276, 100, 0, 115, 209)
(8, 20, 10, 12, 203)
(5, 41, 0, 72, 176)
(259, 54, 1, 1, 155)
(138, 203, 0, 21, 77)
(299, 208, 0, 0, 139)
(135, 220, 78, 0, 15)
(255, 107, 0, 112, 180)
(112, 216, 100, 0, 48)
(206, 224, 18, 0, 190)
(218, 129, 7, 1, 178)
(8, 224, 122, 0, 51)
(295, 187, 1, 7, 169)
(188, 139, 0, 30, 134)
(278, 224, 16, 0, 166)
(299, 202, 0, 0, 169)
(186, 201, 38, 0, 111)
(299, 43, 0, 7, 96)
(248, 203, 4, 2, 179)
(105, 147, 3, 2, 208)
(103, 224, 51, 0, 127)
(288, 88, 7, 4, 143)
(270, 132, 11, 0, 145)
(133, 224, 46, 0, 38)
(296, 0, 0, 159, 80)
(275, 224, 0, 6, 30)
(279, 223, 1, 1, 195)
(299, 89, 0, 70, 214)
(228, 210, 0, 0, 0)
(249, 184, 6, 0, 197)
(299, 223, 0, 0, 0)
(177, 224, 6, 0, 152)
(143, 35, 6, 3, 116)
(218, 87, 6, 2, 161)
(207, 171, 4, 1, 190)
(165, 178, 55, 0, 121)
(257, 31, 0, 0, 183)
(299, 95, 0, 18, 1)
(289, 224, 10, 0, 29)
(299, 206, 0, 0, 92)
(0, 194, 200, 0, 119)
(234, 202, 12, 0, 0)
(122, 208, 107, 0, 168)
(299, 199, 0, 0, 182)
(299, 72, 0, 25, 62)
(88, 148, 2, 9, 146)
(274, 161, 0, 20, 0)
(236, 224, 0, 0, 157)
(91, 224, 0, 0, 63)
(50, 224, 0, 0, 117)
(299, 85, 0, 110, 181)
(267, 199, 0, 0, 11)
(299, 217, 0, 0, 193)
(188, 101, 5, 5, 162)
(299, 59, 0, 79, 97)
(299, 116, 0, 84, 89)
(108, 188, 3, 3, 239)
(276, 99, 0, 72, 98)
(278, 67, 0, 120, 145)
(274, 118, 0, 12, 159)
(263, 223, 1, 1, 123)
(223, 112, 12, 4, 151)
(273, 224, 8, 0, 218)
(25, 224, 188, 0, 45)
(46, 214, 1, 8, 207)
(299, 172, 0, 10, 116)
(273, 208, 13, 0, 0)
(281, 24, 7, 1, 218)
(299, 182, 0, 26, 145)
(201, 84, 65, 0, 255)
(299, 167, 0, 0, 97)
(212, 224, 35, 0, 56)
(88, 128, 0, 50, 58)
(241, 202, 0, 8, 111)
(32, 207, 12, 5, 206)
(54, 209, 124, 0, 226)
(243, 24, 10, 0, 198)
(280, 37, 13, 3, 197)
(119, 85, 35, 0, 201)
(291, 192, 0, 0, 107)
(179, 123, 14, 0, 72)
(151, 206, 0, 0, 151)
(236, 224, 8, 0, 157)
(37, 224, 98, 0, 164)
(260, 222, 39, 0, 108)
(265, 55, 5, 10, 205)
(249, 224, 24, 0, 160)
(178, 202, 0, 14, 215)
(252, 224, 0, 0, 94)
(168, 174, 1, 6, 174)
(137, 224, 79, 0, 194)
(107, 149, 33, 0, 220)
(299, 7, 0, 128, 213)
(134, 199, 2, 3, 236)
(280, 35, 0, 144, 95)
(298, 146, 20, 2, 223)
(299, 218, 0, 0, 136)
(283, 5, 8, 7, 157)
(61, 204, 8, 3, 237)
(258, 224, 0, 1, 118)
(238, 121, 0, 7, 229)
(249, 102, 28, 0, 52)
(151, 221, 72, 0, 194)
(299, 207, 0, 0, 21)
(275, 204, 0, 0, 88)
(206, 176, 0, 7, 144)
(273, 217, 0, 0, 136)
(215, 62, 8, 0, 18)
(185, 141, 3, 1, 157)
(207, 37, 3, 16, 172)
(159, 192, 1, 5, 72)
(0, 140, 5, 2, 130)
(48, 224, 70, 0, 255)
(262, 180, 0, 0, 222)
(101, 204, 30, 0, 255)
(291, 75, 8, 1, 199)
(286, 206, 1, 4, 177)
(254, 170, 2, 2, 185)
(108, 183, 2, 2, 101)
(218, 74, 7, 2, 212)
(114, 224, 141, 0, 88)
(66, 224, 205, 0, 4)
(171, 174, 1, 8, 229)
(299, 183, 0, 0, 146)
(294, 91, 5, 4, 156)
(103, 128, 8, 6, 167)
(106, 97, 2, 8, 219)
(269, 160, 0, 0, 17)
(250, 214, 0, 9, 252)
(299, 169, 0, 12, 128)
(270, 85, 0, 11, 0)
(257, 224, 11, 0, 136)
(299, 156, 0, 17, 224)
(265, 53, 0, 171, 154)
(0, 224, 46, 0, 187)
(142, 224, 2, 3, 197)
(272, 0, 0, 143, 41)
(209, 46, 0, 53, 58)
(215, 177, 3, 10, 241)
(208, 224, 32, 0, 204)
(24, 224, 116, 0, 35)
(299, 44, 0, 147, 172)
(74, 188, 88, 0, 97)
(235, 66, 1, 17, 135)
(250, 224, 10, 0, 156)
(299, 109, 0, 115, 198)
(163, 98, 0, 14, 133)
(277, 224, 22, 0, 102)
(299, 187, 0, 22, 145)
(299, 22, 0, 18, 45)
(262, 153, 3, 2, 172)
(299, 137, 0, 8, 209)
(99, 53, 50, 0, 45)
(235, 200, 0, 12, 41)
(299, 207, 0, 0, 88)
(299, 224, 0, 0, 83)
(285, 179, 0, 0, 132)
(299, 19, 0, 118, 39)
(257, 0, 0, 211, 191)
(179, 175, 78, 1, 238)
(92, 204, 83, 0, 48)
(114, 224, 83, 0, 208)
(299, 207, 0, 0, 72)
(219, 191, 3, 2, 210)
(270, 224, 29, 0, 149)
(201, 171, 70, 0, 235)
(144, 218, 8, 2, 222)
(288, 56, 7, 8, 206)
(11, 203, 246, 0, 147)
(105, 67, 30, 0, 172)
(191, 224, 0, 0, 139)
(57, 224, 184, 0, 48)
(238, 175, 11, 3, 238)
(170, 224, 57, 0, 13)
(299, 69, 0, 83, 255)
(254, 192, 0, 30, 0)
(258, 215, 9, 0, 191)
(154, 75, 26, 2, 147)
(299, 200, 3, 1, 162)
(299, 109, 0, 0, 242)
(283, 210, 13, 0, 46)
(110, 167, 107, 0, 156)
(61, 183, 9, 1, 78)
(271, 145, 0, 83, 76)
(32, 59, 7, 10, 193)
(112, 208, 64, 0, 48)
(102, 124, 141, 0, 69)
(258, 137, 0, 28, 95)
(176, 214, 20, 2, 204)
(299, 186, 0, 38, 201)
(275, 137, 0, 14, 227)
(121, 192, 0, 13, 111)
(281, 215, 16, 0, 127)
(298, 63, 0, 88, 117)
(235, 216, 51, 0, 143)
(299, 103, 0, 52, 127)
(182, 191, 1, 3, 199)
(275, 131, 0, 77, 64)
(228, 79, 1, 3, 184)
(42, 209, 100, 0, 224)
(30, 161, 119, 0, 58)
(225, 139, 12, 2, 233)
(115, 165, 35, 0, 233)
(3, 179, 7, 2, 202)
(54, 26, 7, 12, 202)
(37, 192, 23, 1, 223)
(90, 164, 176, 0, 169)
(85, 158, 79, 0, 180)
(299, 38, 0, 0, 85)
(243, 182, 0, 12, 182)
(270, 0, 0, 121, 82)
(73, 157, 222, 0, 172)
(266, 199, 0, 19, 165)
(168, 216, 6, 1, 200)
(42, 83, 2, 11, 149)
(299, 36, 0, 59, 81)
(74, 157, 4, 1, 234)
(169, 222, 0, 2, 182)
(299, 219, 3, 2, 116)
(195, 67, 0, 15, 242)
(254, 38, 0, 28, 113)
(157, 183, 100, 0, 255)
(191, 210, 44, 0, 77)
(45, 222, 254, 0, 151)
(287, 93, 1, 3, 216)
(242, 86, 0, 9, 169)
(287, 224, 27, 0, 186)
(299, 151, 0, 10, 91)
(61, 190, 19, 1, 216)
(207, 112, 6, 6, 102)
(108, 130, 2, 5, 178)
(269, 23, 0, 187, 141)
(0, 91, 13, 2, 178)
(299, 103, 0, 78, 173)
(100, 74, 119, 0, 161)
(67, 168, 66, 0, 173)
(290, 96, 0, 128, 1)
(203, 224, 37, 0, 229)
(57, 215, 15, 0, 137)
(46, 93, 1, 10, 146)
(38, 48, 1, 10, 114)
(102, 92, 1, 4, 39)
(89, 224, 126, 0, 43)
(153, 124, 14, 1, 124)
(288, 177, 0, 0, 105)
(297, 115, 0, 31, 208)
(117, 224, 76, 0, 185)
(299, 104, 0, 68, 160)
(61, 207, 6, 2, 210)
(299, 176, 0, 0, 122)
(282, 2, 0, 165, 70)
(105, 169, 20, 1, 226)
(142, 185, 84, 0, 4)
(235, 214, 0, 10, 124)
(164, 137, 24, 0, 88)
(60, 224, 141, 0, 255)
(115, 76, 1, 14, 124)
(149, 167, 1, 4, 218)
(180, 213, 16, 1, 216)
(281, 154, 0, 0, 27)
(12, 127, 186, 0, 14)
(245, 190, 47, 0, 136)
(291, 202, 0, 0, 231)
(299, 61, 0, 71, 85)
(291, 197, 1, 1, 177)
(138, 187, 1, 0, 175)
(44, 118, 12, 3, 182)
(199, 127, 0, 36, 44)
(221, 60, 0, 90, 34)
(42, 200, 47, 0, 99)
(273, 17, 0, 25, 105)
(242, 174, 0, 0, 18)
(285, 118, 0, 31, 120)
(190, 182, 89, 0, 196)
(217, 136, 15, 1, 230)
(250, 126, 1, 2, 213)
(157, 188, 17, 0, 104)
(258, 139, 0, 0, 255)
(295, 214, 2, 2, 156)
(272, 219, 0, 0, 20)
(295, 192, 0, 20, 177)
(180, 190, 4, 1, 211)
(278, 30, 0, 151, 164)
(264, 201, 1, 0, 212)
(299, 188, 0, 21, 103)
(138, 112, 3, 13, 188)
(222, 172, 4, 0, 13)
(299, 16, 0, 139, 129)
(127, 22, 2, 8, 110)
(166, 4, 12, 8, 221)
(82, 224, 107, 0, 255)
(285, 64, 0, 118, 100)
(45, 80, 93, 0, 136)
(294, 91, 0, 0, 151)
(135, 169, 2, 9, 212)
(299, 0, 0, 92, 130)
(299, 211, 0, 13, 29)
(267, 174, 0, 16, 141)
(299, 97, 0, 20, 157)
(274, 200, 25, 0, 207)
(299, 204, 0, 0, 152)
(241, 0, 0, 28, 70)
(77, 180, 0, 0, 112)
(101, 194, 0, 0, 59)
(243, 122, 2, 1, 180)
(27, 112, 0, 54, 212)
(232, 165, 0, 0, 187)
(299, 212, 0, 0, 54)
(136, 224, 0, 0, 0)
(243, 144, 0, 6, 21)
(158, 142, 0, 9, 106)
(230, 70, 1, 9, 193)
(112, 106, 0, 0, 42)
(277, 117, 0, 3, 66)
(171, 171, 122, 0, 173)
(34, 223, 69, 0, 181)
(15, 180, 4, 2, 170)
(280, 196, 0, 25, 88)
(297, 0, 0, 146, 35)
(197, 224, 0, 0, 137)
(75, 55, 2, 3, 104)
(236, 192, 30, 1, 174)
(54, 88, 170, 0, 90)
(81, 34, 0, 11, 227)
(208, 93, 0, 113, 124)
(282, 193, 0, 21, 151)
(190, 224, 0, 0, 214)
(137, 93, 3, 6, 180)
(244, 114, 21, 0, 178)
(187, 154, 60, 0, 145)
(141, 150, 39, 0, 121)
(218, 28, 2, 4, 218)
(186, 172, 74, 0, 160)
(78, 224, 54, 0, 55)
(221, 42, 2, 16, 173)
(299, 201, 0, 0, 46)
(274, 47, 0, 110, 200)
(299, 80, 0, 27, 255)
(67, 126, 2, 3, 243)
(288, 220, 37, 0, 21)
(230, 224, 49, 0, 128)
(280, 95, 0, 27, 236)
(81, 65, 0, 20, 131)
(144, 147, 137, 0, 138)
(299, 69, 0, 86, 75)
(299, 26, 0, 198, 103)
(112, 152, 4, 4, 54)
(299, 84, 0, 108, 13)
(267, 224, 0, 0, 31)
(299, 130, 0, 45, 92)
(4, 215, 24, 0, 40)
(73, 224, 96, 0, 87)
(299, 219, 0, 0, 18)
(283, 36, 0, 83, 255)
(179, 215, 0, 0, 26)
(231, 205, 2, 2, 195)
(285, 183, 0, 7, 79)
(299, 224, 0, 0, 70)
(114, 65, 105, 0, 142)
(108, 195, 10, 0, 237)
(257, 50, 0, 99, 255)
(131, 224, 64, 0, 51)
(257, 69, 1, 6, 197)
(291, 148, 0, 45, 95)
(94, 151, 0, 0, 38)
(295, 204, 0, 6, 225)
(187, 88, 9, 6, 134)
(294, 201, 1, 3, 190)
(279, 193, 10, 0, 222)
(231, 56, 0, 15, 115)
(299, 56, 0, 121, 202)
(120, 224, 0, 0, 24)
(294, 175, 0, 7, 204)
(133, 95, 9, 3, 167)
(115, 197, 0, 16, 230)
(299, 168, 0, 10, 46)
(162, 191, 18, 0, 214)
(279, 215, 0, 0, 226)
(46, 173, 8, 2, 59)
(299, 167, 0, 42, 151)
(281, 151, 5, 1, 188)
(283, 222, 3, 1, 218)
(200, 81, 4, 1, 148)
(133, 147, 2, 4, 107)
(299, 121, 0, 37, 88)
(231, 182, 5, 3, 209)
(244, 198, 75, 0, 8)
(263, 125, 3, 3, 211)
(268, 15, 2, 1, 134)
(265, 135, 0, 3, 182)
(265, 159, 1, 0, 183)
(94, 165, 179, 0, 0)
(299, 178, 0, 46, 80)
(0, 224, 7, 0, 173)
(83, 195, 9, 1, 225)
(0, 82, 0, 92, 67)
(184, 42, 0, 50, 133)
(299, 128, 0, 26, 255)
(148, 209, 2, 1, 125)
(291, 179, 4, 0, 121)
(299, 71, 0, 71, 166)
(147, 219, 26, 1, 206)
(263, 200, 2, 3, 198)
(191, 204, 21, 0, 120)
(175, 222, 112, 0, 124)
(294, 40, 0, 75, 75)
(211, 169, 9, 2, 222)
(265, 28, 0, 55, 22)
(285, 123, 0, 79, 228)
(241, 194, 6, 3, 173)
(255, 208, 2, 2, 163)
(84, 219, 6, 3, 182)
(255, 200, 1, 3, 185)
(276, 206, 2, 2, 185)
(225, 194, 6, 2, 189)
(99, 216, 56, 0, 159)
(281, 206, 6, 0, 124)
(144, 224, 127, 0, 247)
(294, 208, 0, 0, 166)
(0, 170, 290, 0, 70)
(228, 196, 0, 0, 189)
(74, 14, 0, 0, 255)
(236, 130, 0, 14, 0)
(83, 206, 6, 1, 212)
(154, 202, 139, 0, 255)
(135, 192, 87, 0, 4)
(130, 12, 2, 9, 82)
(299, 178, 0, 0, 74)
(190, 208, 17, 0, 36)
(43, 178, 3, 5, 208)
(53, 215, 5, 2, 226)
(299, 61, 0, 35, 87)
(138, 202, 3, 3, 227)
(245, 205, 2, 3, 182)
(175, 213, 92, 0, 235)
(3, 224, 164, 0, 53)
(163, 197, 0, 0, 33)
(172, 202, 2, 2, 175)
(294, 224, 0, 0, 216)
(30, 211, 0, 25, 84)
(64, 116, 20, 1, 118)
(299, 116, 0, 100, 53)
(222, 224, 0, 0, 213)
(247, 200, 23, 0, 238)
(233, 94, 0, 49, 205)
(251, 224, 0, 0, 98)
(133, 181, 0, 0, 234)
(278, 223, 2, 1, 211)
(261, 202, 2, 1, 204)
(299, 24, 0, 92, 138)
(60, 224, 118, 0, 127)
(75, 207, 4, 2, 226)
(188, 167, 72, 0, 146)
(236, 21, 12, 1, 158)
(206, 100, 7, 4, 119)
(95, 200, 3, 3, 222)
(286, 144, 20, 0, 120)
(80, 112, 0, 33, 75)
(47, 208, 185, 0, 173)
(293, 20, 0, 89, 107)
(40, 224, 26, 0, 75)
(0, 75, 0, 110, 64)
(165, 211, 130, 0, 180)
(238, 192, 22, 4, 173)
(55, 217, 92, 0, 226)
(190, 124, 0, 89, 215)
(98, 43, 5, 9, 155)
(89, 202, 206, 0, 154)
(165, 26, 1, 49, 196)
(299, 172, 0, 8, 164)
(139, 223, 24, 1, 211)
(299, 184, 0, 18, 222)
(215, 224, 57, 0, 6)
(299, 138, 0, 2, 40)
(284, 160, 0, 38, 158)
(223, 69, 0, 122, 22)
(169, 84, 3, 14, 117)
(249, 66, 7, 1, 196)
(213, 224, 0, 0, 235)
(218, 160, 0, 66, 47)
(102, 188, 1, 5, 203)
(273, 172, 0, 10, 226)
(209, 52, 0, 172, 19)
(155, 198, 1, 2, 225)
(246, 186, 0, 38, 189)
(282, 113, 0, 54, 104)
(1, 63, 4, 2, 86)
(211, 47, 0, 61, 91)
(193, 214, 0, 10, 165)
(298, 133, 0, 19, 26)
(178, 222, 105, 0, 108)
(273, 72, 0, 50, 57)
(90, 171, 187, 0, 64)
(224, 63, 7, 3, 161)
(248, 208, 32, 0, 209)
(299, 219, 0, 1, 43)
(184, 22, 0, 102, 164)
(299, 145, 0, 33, 133)
(299, 8, 0, 148, 37)
(70, 151, 2, 8, 132)
(220, 151, 0, 28, 53)
(280, 123, 0, 28, 113)
(137, 204, 1, 2, 205)
(242, 36, 3, 4, 131)
(293, 204, 1, 1, 160)
(117, 118, 65, 0, 142)
(75, 224, 143, 0, 234)
(291, 172, 0, 13, 0)
(276, 22, 0, 19, 0)
(298, 44, 0, 72, 213)
(255, 131, 44, 0, 0)
(274, 209, 0, 0, 22)
(169, 224, 0, 0, 255)
(250, 192, 36, 0, 109)
(299, 169, 0, 33, 77)
(95, 224, 88, 0, 255)
(189, 48, 0, 0, 121)
(112, 186, 1, 2, 194)
(77, 224, 141, 0, 14)
(231, 156, 59, 0, 84)
(299, 137, 0, 2, 174)
(23, 220, 245, 0, 107)
(239, 108, 1, 19, 116)
(299, 189, 0, 1, 255)
(196, 179, 63, 0, 247)
(299, 224, 6, 0, 48)
(247, 204, 3, 1, 168)
(18, 224, 14, 0, 26)
(198, 169, 17, 0, 180)
(163, 221, 161, 0, 73)
(83, 21, 1, 14, 114)
(202, 44, 31, 0, 149)
(299, 190, 0, 0, 87)
(122, 183, 1, 3, 101)
(22, 188, 0, 31, 119)
(274, 216, 0, 0, 0)
(229, 198, 20, 0, 139)
(299, 102, 0, 99, 239)
(282, 219, 33, 0, 65)
(54, 184, 221, 0, 73)
(299, 156, 0, 26, 0)
(60, 103, 1, 4, 99)
(299, 173, 0, 6, 28)
(289, 147, 4, 4, 137)
(241, 142, 33, 0, 224)
(255, 173, 5, 1, 162)
(262, 197, 11, 1, 176)
(299, 64, 0, 103, 139)
(4, 224, 205, 0, 76)
(144, 206, 0, 0, 198)
(292, 194, 1, 4, 179)
(205, 204, 95, 0, 0)
(270, 131, 0, 18, 18)
(281, 61, 0, 121, 15)
(0, 213, 75, 0, 255)
(40, 224, 221, 0, 15)
(100, 224, 4, 0, 166)
(299, 133, 0, 12, 144)
(283, 163, 0, 24, 161)
(288, 201, 1, 8, 181)
(127, 201, 32, 0, 253)
(0, 191, 14, 1, 169)
(107, 197, 180, 0, 136)
(295, 97, 0, 71, 162)
(251, 180, 0, 34, 177)
(259, 224, 11, 0, 119)
(299, 77, 0, 19, 95)
(171, 224, 2, 0, 255)
(262, 223, 0, 0, 99)
(32, 55, 3, 12, 184)
(236, 162, 2, 1, 170)
(285, 31, 0, 9, 181)
(281, 52, 0, 97, 46)
(281, 174, 0, 10, 112)
(245, 150, 2, 2, 143)
(185, 224, 0, 0, 26)
(93, 210, 0, 0, 153)
(64, 161, 3, 2, 207)
(295, 109, 0, 97, 107)
(223, 98, 7, 4, 127)
(231, 158, 62, 0, 112)
(207, 222, 27, 0, 122)
(190, 224, 88, 0, 181)
(269, 9, 2, 4, 201)
(175, 204, 94, 0, 180)
(124, 142, 3, 2, 55)
(275, 112, 4, 1, 231)
(189, 224, 5, 0, 35)
(299, 50, 0, 0, 22)
(137, 209, 3, 0, 204)
(205, 55, 39, 0, 232)
(299, 187, 0, 10, 116)
(55, 123, 0, 75, 155)
(93, 91, 2, 4, 194)
(271, 218, 0, 0, 43)
(0, 224, 61, 0, 159)
(131, 211, 126, 0, 165)
(290, 220, 3, 3, 120)
(204, 211, 0, 11, 150)
(137, 224, 157, 0, 70)
(188, 175, 0, 19, 157)
(299, 198, 2, 1, 143)
(60, 217, 120, 0, 230)
(244, 60, 4, 6, 160)
(109, 43, 82, 0, 163)
(77, 212, 25, 0, 90)
(299, 32, 0, 3, 161)
(215, 0, 32, 3, 230)
(244, 195, 0, 0, 34)
(148, 183, 100, 0, 52)
(145, 207, 1, 5, 167)
(211, 207, 81, 0, 245)
(285, 108, 2, 4, 187)
(81, 159, 7, 2, 48)
(238, 217, 0, 7, 56)
(136, 218, 0, 0, 150)
(248, 224, 0, 0, 164)
(275, 157, 0, 35, 0)
(0, 165, 14, 0, 69)
(174, 204, 5, 2, 183)
(215, 191, 27, 0, 47)
(264, 224, 0, 3, 68)
(227, 156, 3, 4, 84)
(62, 159, 2, 5, 211)
(299, 119, 0, 46, 247)
(291, 181, 0, 12, 5)
(194, 132, 19, 0, 181)
(252, 221, 0, 0, 136)
(289, 144, 2, 2, 209)
(18, 224, 10, 0, 142)
(296, 129, 3, 2, 190)
(234, 220, 2, 3, 152)
(79, 46, 0, 93, 131)
(222, 213, 4, 4, 188)
(22, 64, 1, 10, 173)
(282, 127, 0, 34, 76)
(237, 212, 15, 0, 255)
(111, 102, 14, 5, 188)
(204, 161, 1, 3, 253)
(30, 215, 7, 3, 191)
(220, 115, 0, 53, 45)
(194, 224, 75, 0, 64)
(278, 224, 0, 0, 254)
(229, 224, 31, 0, 71)
(220, 93, 1, 3, 117)
(159, 78, 0, 119, 233)
(266, 193, 0, 8, 32)
(292, 46, 0, 0, 88)
(294, 214, 0, 10, 111)
(279, 153, 1, 0, 0)
(109, 209, 41, 0, 38)
(181, 107, 10, 1, 213)
(286, 210, 4, 2, 208)
(267, 7, 10, 2, 169)
(176, 185, 3, 2, 248)
(277, 209, 8, 1, 147)
(74, 165, 173, 0, 115)
(224, 35, 3, 2, 159)
(210, 164, 89, 0, 120)
(150, 197, 3, 6, 103)
(26, 224, 189, 0, 200)
(64, 74, 2, 6, 212)
(223, 26, 0, 6, 25)
(298, 173, 11, 4, 220)
(31, 200, 111, 0, 181)
(90, 59, 8, 7, 207)
(272, 161, 1, 0, 94)
(209, 149, 3, 3, 128)
(132, 22, 4, 3, 74)
(292, 135, 4, 1, 221)
(238, 170, 34, 0, 51)
(0, 224, 118, 0, 0)
(212, 131, 11, 3, 253)
(265, 219, 29, 0, 119)
(38, 204, 201, 0, 77)
(265, 156, 0, 36, 229)
(249, 224, 0, 0, 0)
(174, 190, 33, 0, 151)
(68, 67, 0, 95, 59)
(258, 203, 0, 4, 92)
(299, 153, 0, 18, 235)
(99, 210, 75, 0, 228)
(288, 224, 0, 0, 72)
(198, 200, 80, 0, 134)
(290, 82, 4, 2, 225)
(233, 224, 0, 0, 204)
(49, 164, 250, 0, 231)
(162, 11, 88, 0, 98)
(172, 69, 1, 14, 129)
(297, 66, 0, 0, 52)
(274, 153, 5, 1, 184)
(167, 195, 2, 3, 255)
(111, 224, 0, 0, 69)
(281, 187, 0, 0, 83)
(49, 191, 13, 1, 194)
(277, 173, 0, 68, 31)
(269, 224, 0, 0, 68)
(199, 216, 6, 2, 203)
(299, 99, 0, 51, 152)
(292, 128, 0, 12, 255)
(268, 201, 0, 1, 97)
(55, 192, 150, 0, 236)
(231, 121, 2, 8, 93)
(78, 37, 17, 2, 164)
(135, 29, 0, 37, 165)
(178, 159, 0, 52, 93)
(299, 12, 0, 201, 8)
(171, 0, 0, 21, 98)
(226, 194, 44, 0, 211)
(295, 189, 4, 0, 183)
(141, 112, 2, 4, 96)
(82, 190, 77, 0, 63)
(274, 156, 2, 3, 126)
(238, 171, 40, 0, 214)
(223, 181, 2, 0, 36)
(12, 164, 26, 2, 66)
(251, 119, 33, 0, 0)
(290, 170, 0, 0, 220)
(284, 188, 5, 2, 172)
(129, 222, 2, 1, 219)
(194, 197, 14, 1, 179)
(259, 224, 24, 0, 151)
(184, 115, 7, 8, 123)
(4, 222, 6, 1, 161)
(109, 35, 4, 4, 182)
(299, 20, 0, 183, 58)
(194, 224, 57, 0, 98)
(16, 166, 0, 37, 34)
(239, 61, 1, 8, 195)
(292, 135, 0, 21, 24)
(99, 178, 0, 13, 193)
(158, 101, 2, 2, 199)
(203, 19, 0, 36, 87)
(299, 170, 0, 9, 64)
(267, 137, 3, 2, 194)
(277, 128, 3, 1, 218)
(120, 199, 1, 5, 219)
(19, 76, 3, 2, 98)
(189, 118, 0, 21, 209)
(266, 174, 1, 0, 223)
(140, 213, 0, 0, 243)
(24, 199, 13, 0, 103)
(256, 160, 0, 14, 219)
(284, 89, 0, 58, 204)
(257, 0, 0, 70, 166)
(239, 90, 3, 9, 231)
(246, 169, 46, 0, 81)
(276, 202, 2, 0, 67)
(59, 47, 0, 52, 23)
(246, 135, 60, 0, 149)
(261, 223, 2, 1, 160)
(27, 224, 79, 0, 178)
(256, 223, 4, 1, 99)
(181, 184, 16, 0, 72)
(50, 182, 4, 7, 205)
(281, 224, 0, 0, 137)
(79, 96, 5, 2, 78)
(159, 206, 87, 0, 86)
(250, 58, 1, 10, 198)
