Background: 193
(0, 43, 225, 148, 154)
(173, 165, 84, 26, 230)
(24, 117, 201, 35, 181)
(0, 153, 42, 34, 70)
(159, 0, 74, 31, 226)
(231, 212, 72, 13, 155)
(180, 106, 65, 24, 125)
(135, 164, 14, 37, 104)
(35, 203, 186, 15, 211)
(142, 67, 70, 65, 133)
(130, 36, 47, 33, 182)
(164, 100, 19, 66, 152)
(81, 25, 51, 32, 141)
(0, 59, 29, 57, 108)
(251, 163, 50, 14, 223)
(62, 93, 26, 22, 74)
(91, 107, 47, 21, 206)
(186, 131, 49, 17, 237)
(20, 190, 59, 16, 213)
(32, 60, 89, 26, 186)
(214, 62, 46, 23, 167)
(101, 128, 15, 78, 163)
(66, 182, 37, 8, 85)
(248, 186, 53, 28, 176)
(204, 198, 89, 3, 215)
(241, 17, 3, 100, 186)
(68, 161, 63, 6, 100)
(216, 222, 59, 3, 141)
(179, 199, 23, 3, 156)
(266, 109, 33, 29, 206)
(80, 157, 51, 7, 84)
(132, 93, 18, 19, 101)
(223, 96, 10, 20, 161)
(77, 169, 62, 12, 195)
(98, 152, 57, 7, 194)
(32, 141, 124, 6, 207)
(247, 143, 31, 12, 216)
(249, 0, 53, 18, 170)
(196, 118, 5, 44, 113)
(117, 0, 27, 26, 137)
(291, 218, 9, 23, 106)
(198, 38, 68, 6, 165)
(250, 82, 47, 13, 179)
(101, 135, 43, 7, 111)
(62, 41, 26, 17, 191)
(49, 106, 10, 53, 204)
(22, 80, 19, 17, 119)
(145, 103, 10, 22, 94)
(241, 129, 11, 8, 238)
(229, 206, 35, 12, 183)
(73, 0, 40, 20, 210)
(0, 142, 29, 11, 97)
(132, 210, 74, 4, 226)
(293, 184, 7, 31, 166)
(261, 207, 23, 8, 157)
(192, 116, 19, 12, 102)
(0, 180, 42, 9, 111)
(103, 83, 11, 37, 208)
(177, 156, 57, 6, 101)
(145, 189, 46, 17, 160)
(37, 179, 17, 11, 183)
(201, 57, 21, 8, 191)
(156, 67, 9, 31, 152)
(149, 184, 37, 5, 151)
(215, 217, 16, 5, 174)
(158, 159, 5, 42, 104)
(56, 215, 38, 10, 180)
(230, 91, 28, 18, 204)
(247, 160, 31, 2, 156)
(151, 159, 4, 28, 232)
(114, 156, 13, 8, 56)
(202, 190, 27, 19, 216)
(286, 155, 14, 6, 152)
(231, 19, 25, 27, 181)
(139, 221, 24, 4, 211)
(177, 215, 42, 5, 198)
(208, 163, 33, 3, 152)
(298, 95, 2, 22, 219)
(220, 27, 25, 20, 171)
(0, 165, 57, 11, 64)
(278, 70, 22, 9, 168)
(243, 185, 38, 7, 188)
(96, 202, 23, 3, 98)
(198, 96, 6, 9, 214)
(287, 217, 8, 7, 121)
(84, 131, 12, 6, 91)
(172, 224, 47, 1, 175)
(73, 125, 14, 8, 247)
(128, 139, 3, 17, 134)
(121, 165, 7, 34, 140)
(39, 146, 12, 12, 223)
(221, 0, 26, 12, 229)
(13, 115, 9, 36, 129)
(148, 189, 15, 3, 111)
(217, 127, 11, 22, 244)
(137, 0, 2, 13, 206)
(165, 190, 7, 10, 246)
(171, 156, 6, 19, 234)
(204, 131, 4, 26, 214)
(273, 13, 24, 21, 181)
(143, 218, 38, 3, 205)
(23, 105, 22, 20, 168)
(132, 139, 19, 24, 218)
(78, 196, 13, 9, 129)
(272, 222, 14, 3, 197)
(125, 175, 8, 14, 233)
(71, 172, 50, 2, 228)
(154, 195, 5, 13, 211)
(184, 202, 22, 8, 217)
(251, 222, 3, 11, 195)
(0, 211, 36, 10, 184)
(106, 170, 7, 19, 194)
(157, 144, 2, 38, 98)
(257, 175, 10, 6, 225)
(156, 106, 39, 2, 168)
(290, 185, 10, 8, 158)
(95, 40, 23, 16, 107)
(178, 141, 20, 11, 222)
(178, 157, 10, 8, 64)
(285, 79, 5, 47, 175)
(180, 76, 36, 17, 119)
(239, 192, 58, 5, 175)
(124, 33, 25, 24, 171)
(174, 175, 7, 13, 200)
(174, 223, 34, 1, 179)
(288, 86, 8, 11, 156)
(147, 134, 12, 6, 246)
(55, 194, 20, 17, 227)
(185, 125, 8, 7, 223)
(144, 197, 9, 7, 106)
(76, 175, 18, 2, 121)
(281, 155, 18, 2, 188)
(282, 100, 3, 51, 188)
(274, 161, 25, 4, 214)
(136, 23, 31, 10, 206)
(282, 158, 17, 2, 115)
(245, 120, 8, 9, 146)
(117, 206, 8, 2, 153)
(277, 196, 17, 5, 208)
(277, 91, 22, 3, 165)
(196, 193, 6, 3, 149)
(282, 51, 17, 21, 205)
(0, 131, 13, 11, 112)
(127, 94, 7, 18, 139)
(195, 99, 12, 3, 207)
(175, 62, 25, 5, 123)
(109, 167, 16, 4, 214)
(44, 131, 25, 9, 163)
(264, 108, 17, 13, 215)
(111, 187, 5, 16, 73)
(279, 80, 3, 6, 215)
(162, 141, 10, 8, 106)
(55, 221, 23, 3, 161)
(196, 222, 20, 1, 175)
(225, 147, 31, 5, 197)
(251, 9, 2, 11, 127)
(199, 175, 36, 6, 242)
(167, 167, 65, 6, 239)
(257, 224, 18, 0, 3)
(60, 50, 5, 10, 79)
(47, 28, 4, 60, 199)
(255, 216, 10, 3, 194)
(87, 79, 10, 18, 137)
(299, 26, 0, 48, 61)
(266, 105, 7, 3, 236)
(243, 214, 0, 0, 181)
(271, 223, 5, 2, 120)
(117, 187, 6, 14, 230)
(180, 193, 13, 3, 122)
(0, 31, 12, 20, 121)
(259, 210, 8, 5, 177)
(101, 60, 17, 13, 150)
(200, 124, 6, 19, 163)
(289, 83, 7, 2, 223)
(289, 74, 16, 8, 176)
(117, 176, 6, 11, 80)
(45, 122, 87, 5, 200)
(12, 69, 14, 14, 155)
(274, 172, 7, 7, 232)
(183, 196, 7, 3, 227)
(64, 142, 16, 10, 160)
(181, 150, 8, 6, 109)
(291, 142, 2, 19, 180)
(176, 148, 2, 9, 249)
(53, 160, 15, 2, 199)
(259, 203, 5, 7, 160)
(231, 105, 0, 28, 112)
(66, 179, 47, 2, 223)
(70, 68, 28, 11, 172)
(0, 223, 11, 2, 83)
(131, 75, 30, 12, 133)
(160, 186, 3, 6, 224)
(57, 100, 11, 7, 93)
(97, 132, 3, 8, 247)
(230, 217, 8, 3, 166)
(255, 29, 11, 20, 176)
(287, 224, 8, 1, 132)
(89, 186, 12, 6, 89)
(244, 138, 9, 4, 215)
(266, 42, 7, 10, 155)
(114, 184, 5, 4, 72)
(160, 207, 36, 5, 223)
(252, 143, 18, 3, 236)
(45, 9, 31, 21, 204)
(215, 33, 4, 18, 129)
(210, 91, 18, 20, 142)
(236, 114, 2, 21, 207)
(241, 215, 11, 3, 160)
(173, 200, 6, 4, 213)
(218, 54, 4, 33, 192)
(251, 182, 6, 4, 200)
(218, 221, 22, 1, 144)
(299, 22, 0, 193, 128)
(255, 168, 16, 5, 198)
(263, 50, 1, 78, 204)
(279, 181, 5, 8, 210)
(135, 145, 4, 24, 232)
(135, 76, 7, 23, 145)
(102, 193, 6, 8, 209)
(200, 163, 7, 0, 47)
(295, 38, 4, 5, 225)
(56, 213, 34, 5, 195)
(194, 34, 4, 19, 224)
(160, 49, 2, 97, 155)
(135, 182, 14, 4, 72)
(99, 218, 34, 5, 203)
(110, 224, 106, 0, 0)
(149, 193, 8, 4, 239)
(99, 54, 12, 8, 117)
(233, 14, 2, 71, 156)
(131, 147, 5, 6, 115)
(274, 195, 3, 13, 173)
(227, 43, 24, 15, 192)
(135, 208, 16, 2, 178)
(298, 107, 1, 47, 204)
(109, 133, 40, 3, 131)
(0, 182, 25, 9, 101)
(205, 113, 16, 5, 103)
(0, 183, 22, 4, 82)
(161, 150, 4, 14, 101)
(130, 169, 1, 34, 234)
(282, 30, 7, 5, 148)
(49, 204, 10, 15, 224)
(285, 183, 14, 2, 181)
(145, 63, 11, 16, 142)
(257, 114, 4, 8, 163)
(292, 165, 7, 1, 194)
(276, 71, 1, 5, 163)
(203, 152, 7, 5, 244)
(223, 201, 41, 1, 207)
(27, 202, 26, 8, 208)
(66, 167, 2, 7, 129)
(233, 187, 13, 4, 211)
(239, 75, 22, 3, 153)
(115, 95, 12, 6, 111)
(227, 35, 4, 15, 220)
(206, 65, 16, 10, 171)
(57, 167, 12, 7, 102)
(208, 219, 8, 3, 180)
(118, 164, 160, 0, 27)
(283, 0, 0, 119, 0)
(98, 28, 11, 5, 166)
(104, 154, 8, 8, 229)
(256, 54, 9, 10, 221)
(208, 162, 11, 2, 96)
(274, 121, 8, 11, 176)
(261, 223, 15, 1, 149)
(202, 140, 4, 14, 234)
(88, 86, 4, 23, 86)
(130, 51, 5, 16, 206)
(202, 199, 13, 6, 223)
(65, 166, 42, 3, 120)
(299, 216, 0, 0, 10)
(256, 222, 25, 0, 3)
(263, 224, 14, 1, 144)
(140, 213, 9, 5, 252)
(145, 206, 0, 0, 153)
(78, 201, 6, 7, 185)
(285, 216, 15, 2, 132)
(158, 203, 7, 7, 210)
(275, 55, 5, 4, 159)
(264, 133, 6, 10, 172)
(278, 206, 0, 18, 0)
(187, 59, 12, 27, 114)
(276, 114, 16, 4, 200)
(251, 141, 27, 2, 160)
(75, 44, 3, 52, 185)
(163, 50, 16, 2, 203)
(195, 162, 12, 11, 244)
(280, 86, 7, 2, 131)
(289, 206, 8, 3, 211)
(275, 209, 10, 8, 147)
(177, 166, 6, 2, 197)
(238, 0, 0, 0, 184)
(180, 42, 8, 25, 140)
(132, 199, 6, 5, 234)
(111, 154, 7, 2, 74)
(286, 218, 16, 2, 113)
(81, 24, 13, 7, 116)
(38, 121, 3, 7, 116)
(256, 0, 2, 21, 204)
(288, 10, 6, 6, 147)
(194, 163, 14, 2, 231)
(13, 219, 17, 2, 152)
(148, 158, 2, 11, 206)
(10, 14, 36, 11, 203)
(299, 179, 0, 0, 232)
(245, 140, 23, 1, 230)
(231, 154, 16, 6, 206)
(50, 33, 4, 5, 128)
(264, 219, 8, 5, 146)
(43, 102, 10, 12, 192)
(105, 207, 11, 7, 227)
(209, 191, 7, 6, 184)
(250, 124, 6, 6, 160)
(76, 49, 6, 7, 230)
(283, 47, 6, 20, 211)
(76, 224, 8, 1, 208)
(299, 207, 8, 0, 213)
(282, 16, 7, 12, 202)
(186, 23, 13, 14, 231)
(22, 204, 23, 7, 202)
(294, 224, 0, 0, 117)
(281, 144, 3, 5, 224)
(229, 181, 6, 18, 215)
(292, 76, 0, 100, 155)
(94, 205, 29, 1, 148)
(129, 171, 2, 28, 238)
(231, 90, 16, 7, 220)
(243, 43, 0, 66, 101)
(243, 200, 9, 3, 221)
(150, 127, 7, 5, 218)
(166, 221, 28, 2, 201)
(246, 160, 4, 0, 220)
(203, 167, 4, 28, 235)
(161, 174, 10, 7, 145)
(193, 0, 1, 54, 226)
(269, 215, 3, 3, 166)
(299, 177, 0, 33, 33)
(299, 218, 0, 0, 125)
(151, 30, 19, 19, 202)
(261, 120, 8, 0, 130)
(217, 76, 9, 5, 214)
(170, 186, 0, 0, 51)
(282, 139, 10, 6, 177)
(255, 54, 0, 1, 76)
(154, 183, 5, 6, 206)
(133, 211, 4, 2, 236)
(137, 129, 11, 7, 118)
(241, 125, 6, 5, 113)
(129, 141, 31, 2, 213)
(283, 189, 7, 6, 167)
(160, 213, 10, 1, 144)
(69, 160, 16, 5, 119)
(187, 77, 15, 3, 98)
(248, 84, 14, 13, 178)
(179, 122, 6, 16, 110)
(123, 207, 5, 5, 149)
(299, 49, 1, 8, 162)
(179, 27, 6, 8, 190)
(299, 116, 0, 56, 186)
(69, 171, 24, 1, 236)
(89, 206, 10, 2, 173)
(276, 4, 1, 0, 38)
(222, 52, 6, 21, 142)
(268, 178, 15, 2, 218)
(154, 130, 22, 2, 163)
(115, 199, 0, 0, 67)
(0, 138, 94, 0, 122)
(49, 189, 25, 2, 198)
(265, 200, 6, 4, 204)
(222, 193, 17, 3, 194)
(101, 149, 12, 2, 58)
(295, 209, 4, 3, 149)
(297, 63, 1, 7, 208)
(184, 183, 6, 7, 193)
(240, 222, 10, 2, 120)
(229, 220, 5, 4, 126)
(177, 196, 133, 0, 0)
(165, 65, 10, 7, 170)
(200, 39, 6, 12, 130)
(225, 161, 5, 3, 201)
(16, 39, 20, 11, 177)
(251, 174, 16, 2, 234)
(299, 6, 0, 30, 247)
(0, 61, 8, 28, 81)
(260, 42, 11, 5, 149)
(175, 104, 10, 15, 169)
(148, 218, 0, 0, 60)
(138, 40, 9, 9, 200)
(279, 101, 12, 3, 159)
(0, 149, 15, 29, 58)
(0, 178, 41, 2, 83)
(271, 151, 56, 4, 195)
(295, 68, 0, 69, 10)
(167, 134, 14, 9, 123)
(177, 71, 18, 0, 52)
(156, 0, 55, 10, 222)
(299, 0, 0, 151, 245)
(241, 224, 0, 0, 108)
(269, 211, 19, 0, 154)
(199, 93, 5, 1, 230)
(299, 61, 0, 57, 77)
(281, 202, 5, 7, 164)
(273, 219, 8, 3, 166)
(230, 44, 3, 2, 123)
(112, 68, 19, 24, 168)
(86, 137, 3, 6, 248)
(73, 192, 24, 4, 215)
(93, 89, 1, 6, 198)
(152, 156, 7, 7, 150)
(247, 176, 12, 6, 233)
(236, 134, 2, 5, 130)
(225, 221, 63, 0, 0)
(261, 208, 0, 3, 162)
(286, 201, 5, 4, 203)
(203, 213, 3, 1, 212)
(290, 15, 4, 1, 186)
(184, 145, 12, 2, 204)
(234, 63, 9, 7, 195)
(188, 102, 10, 5, 171)
(167, 213, 0, 11, 0)
(107, 103, 18, 5, 196)
(242, 137, 23, 2, 161)
(239, 210, 19, 0, 57)
(72, 168, 201, 0, 0)
(164, 136, 2, 7, 208)
(225, 210, 10, 4, 193)
(208, 51, 15, 7, 167)
(90, 200, 3, 3, 159)
(132, 163, 2, 34, 193)
(104, 180, 59, 0, 226)
(268, 87, 4, 18, 201)
(211, 37, 2, 36, 190)
(299, 184, 0, 26, 20)
(235, 18, 10, 7, 156)
(105, 46, 1, 14, 75)
(265, 87, 0, 120, 149)
(122, 82, 46, 2, 124)
(0, 199, 55, 0, 150)
(69, 181, 38, 1, 106)
(68, 133, 7, 4, 119)
(128, 151, 3, 19, 99)
(299, 89, 0, 114, 90)
(122, 191, 6, 6, 70)
(21, 92, 5, 9, 73)
(94, 65, 18, 4, 178)
(113, 8, 11, 39, 130)
(299, 186, 0, 20, 137)
(296, 75, 2, 5, 164)
(299, 125, 0, 5, 5)
(299, 224, 14, 0, 141)
(299, 9, 0, 169, 162)
(142, 169, 33, 0, 115)
(71, 202, 7, 2, 201)
(273, 46, 3, 22, 177)
(184, 195, 115, 0, 48)
(221, 202, 11, 5, 208)
(54, 36, 0, 67, 136)
(268, 79, 20, 2, 218)
(68, 216, 45, 0, 112)
(38, 22, 8, 13, 150)
(218, 122, 3, 8, 210)
(90, 148, 4, 6, 88)
(284, 168, 23, 3, 232)
(260, 0, 2, 15, 149)
(79, 215, 49, 0, 21)
(182, 20, 55, 6, 225)
(186, 202, 8, 2, 180)
(215, 144, 4, 10, 235)
(53, 143, 8, 11, 232)
(98, 25, 5, 27, 178)
(273, 89, 8, 3, 157)
(270, 80, 2, 7, 156)
(262, 114, 0, 0, 174)
(288, 117, 11, 7, 198)
(142, 211, 3, 2, 141)
(219, 154, 18, 4, 112)
(2, 179, 10, 2, 199)
(0, 159, 77, 0, 255)
(235, 219, 31, 2, 149)
(235, 125, 1, 13, 183)
(0, 91, 7, 6, 183)
(246, 187, 44, 0, 188)
(126, 92, 40, 2, 165)
(72, 149, 155, 0, 165)
(198, 196, 11, 2, 177)
(174, 151, 5, 5, 238)
(255, 214, 8, 3, 217)
(37, 185, 7, 3, 172)
(299, 154, 0, 31, 97)
(299, 4, 3, 32, 180)
(290, 176, 26, 1, 207)
(278, 3, 17, 8, 164)
(294, 200, 2, 7, 186)
(98, 213, 9, 3, 226)
(11, 203, 15, 11, 193)
(26, 224, 70, 0, 27)
(195, 151, 2, 10, 80)
(66, 173, 18, 2, 197)
(186, 219, 0, 0, 0)
(177, 188, 14, 1, 222)
(132, 212, 113, 0, 120)
(275, 25, 0, 182, 152)
(93, 224, 10, 4, 193)
(234, 198, 5, 4, 195)
(185, 27, 50, 0, 215)
(252, 214, 6, 0, 94)
(270, 127, 1, 3, 114)
(149, 142, 24, 0, 228)
(266, 28, 8, 10, 216)
(299, 97, 0, 37, 73)
(269, 137, 21, 0, 167)
(141, 167, 5, 18, 69)
(9, 100, 13, 4, 143)
(299, 112, 0, 7, 102)
(266, 9, 5, 5, 196)
(253, 134, 8, 5, 185)
(96, 163, 10, 7, 119)
(214, 189, 4, 4, 236)
(217, 173, 8, 0, 253)
(154, 115, 5, 5, 84)
(73, 167, 11, 4, 203)
(299, 197, 0, 7, 4)
(110, 184, 5, 2, 229)
(5, 138, 6, 13, 77)
(293, 43, 6, 12, 186)
(41, 179, 6, 3, 188)
(213, 222, 17, 1, 149)
(109, 14, 5, 17, 196)
(154, 175, 36, 0, 104)
(262, 210, 0, 0, 195)
(202, 124, 6, 4, 107)
(256, 222, 4, 2, 113)
(171, 199, 5, 1, 216)
(110, 126, 136, 0, 241)
(141, 109, 6, 12, 128)
(293, 17, 5, 2, 149)
(238, 171, 77, 0, 166)
(18, 131, 4, 10, 171)
(277, 199, 12, 0, 87)
(113, 42, 3, 13, 79)
(271, 95, 8, 6, 213)
(121, 121, 3, 15, 181)
(223, 90, 3, 5, 198)
(222, 205, 7, 3, 216)
(235, 197, 21, 1, 204)
(204, 196, 3, 1, 225)
(274, 201, 2, 3, 154)
(10, 190, 289, 0, 171)
(174, 40, 4, 4, 122)
(227, 161, 0, 67, 32)
(270, 200, 0, 0, 207)
(293, 171, 41, 2, 214)
(166, 197, 1, 9, 153)
(264, 57, 6, 19, 208)
(107, 83, 3, 27, 233)
(210, 224, 2, 0, 140)
(22, 224, 4, 4, 113)
(248, 0, 0, 136, 197)
(299, 105, 0, 53, 255)
(65, 33, 29, 3, 201)
(246, 224, 9, 0, 138)
(289, 213, 0, 0, 33)
(285, 93, 3, 5, 218)
(299, 24, 0, 4, 20)
(299, 168, 0, 0, 178)
(42, 207, 6, 6, 198)
(119, 224, 21, 1, 182)
(299, 20, 1, 4, 98)
(280, 132, 10, 4, 214)
(28, 224, 171, 0, 45)
(206, 176, 50, 1, 246)
(62, 90, 14, 8, 117)
(97, 21, 44, 0, 57)
(288, 203, 6, 1, 199)
(208, 158, 4, 2, 222)
(270, 224, 0, 0, 85)
(0, 224, 282, 0, 179)
(290, 207, 4, 1, 239)
(11, 148, 56, 0, 77)
(230, 27, 3, 10, 144)
(196, 181, 4, 2, 169)
(207, 18, 8, 16, 229)
(267, 143, 7, 1, 184)
(297, 84, 11, 7, 205)
(299, 123, 0, 79, 187)
(299, 163, 0, 0, 159)
(252, 97, 3, 3, 165)
(163, 132, 5, 7, 229)
(59, 198, 106, 0, 166)
(246, 50, 3, 15, 164)
(98, 118, 34, 3, 225)
(175, 43, 5, 11, 182)
(299, 11, 0, 86, 9)
(18, 132, 13, 9, 211)
(49, 223, 207, 0, 236)
(134, 0, 3, 15, 181)
(293, 219, 5, 3, 105)
(290, 45, 2, 4, 221)
(243, 205, 34, 1, 172)
(193, 178, 2, 21, 245)
(289, 147, 3, 4, 125)
(265, 117, 4, 12, 226)
(224, 129, 8, 12, 236)
(264, 224, 24, 0, 226)
(234, 224, 2, 6, 197)
(258, 7, 3, 6, 141)
(289, 210, 1, 1, 208)
(295, 0, 4, 12, 179)
(291, 123, 4, 8, 220)
(201, 134, 2, 12, 192)
(148, 111, 0, 103, 178)
(226, 49, 6, 0, 115)
(6, 194, 89, 0, 32)
(263, 111, 4, 2, 212)
(249, 88, 6, 10, 190)
(254, 214, 15, 0, 80)
(123, 172, 3, 5, 84)
(289, 130, 0, 37, 255)
(289, 41, 4, 4, 130)
(198, 66, 12, 5, 127)
(238, 218, 0, 15, 0)
(0, 151, 17, 4, 65)
(288, 223, 3, 1, 138)
(299, 110, 0, 59, 162)
(227, 149, 0, 51, 88)
(62, 56, 9, 14, 162)
(189, 154, 3, 11, 123)
(299, 149, 17, 3, 152)
(216, 123, 4, 6, 226)
(9, 159, 20, 0, 26)
(264, 147, 1, 13, 180)
(122, 219, 177, 0, 24)
(253, 61, 5, 4, 200)
(246, 156, 9, 1, 168)
(99, 203, 8, 3, 82)
(258, 145, 4, 14, 212)
(180, 173, 0, 29, 105)
(175, 170, 65, 0, 0)
(242, 188, 31, 2, 180)
(125, 155, 7, 4, 117)
(217, 221, 14, 3, 147)
(160, 123, 2, 22, 117)
(276, 123, 4, 1, 232)
(258, 68, 22, 2, 209)
(297, 0, 3, 4, 159)
(31, 155, 36, 1, 202)
(51, 112, 13, 18, 204)
(61, 153, 3, 1, 158)
(130, 151, 34, 0, 167)
(257, 171, 33, 0, 49)
(129, 206, 43, 1, 181)
(208, 206, 12, 9, 208)
(286, 203, 1, 2, 177)
(222, 26, 3, 26, 182)
(299, 224, 0, 0, 4)
(0, 204, 8, 16, 178)
(208, 224, 0, 0, 186)
(272, 144, 6, 6, 223)
(8, 144, 132, 0, 78)
(297, 215, 7, 2, 128)
(242, 30, 3, 11, 152)
(289, 206, 9, 1, 189)
(142, 12, 0, 10, 107)
(101, 193, 5, 2, 124)
(228, 154, 7, 2, 186)
(256, 202, 4, 3, 158)
(208, 47, 3, 13, 161)
(274, 153, 14, 5, 184)
(285, 106, 5, 2, 218)
(46, 218, 3, 4, 213)
(167, 128, 4, 6, 133)
(162, 107, 3, 23, 116)
(156, 86, 31, 4, 146)
(194, 172, 0, 7, 0)
(100, 131, 5, 1, 105)
(143, 159, 3, 5, 123)
(287, 209, 4, 4, 207)
(291, 224, 0, 0, 159)
(244, 219, 2, 5, 145)
(297, 32, 2, 6, 152)
(62, 219, 21, 2, 171)
(136, 64, 9, 12, 166)
(125, 132, 1, 15, 176)
(30, 122, 5, 34, 181)
(37, 224, 196, 0, 0)
(240, 201, 18, 0, 253)
(291, 146, 8, 1, 206)
(7, 143, 59, 0, 28)
(255, 100, 6, 8, 213)
(299, 203, 0, 0, 0)
(162, 188, 4, 5, 241)
(55, 198, 10, 5, 241)
(122, 213, 13, 6, 208)
(230, 162, 10, 3, 108)
(271, 81, 3, 2, 207)
(249, 224, 1, 9, 81)
(162, 224, 103, 0, 1)
(40, 88, 2, 18, 109)
(296, 221, 9, 3, 94)
(116, 210, 0, 7, 124)
(299, 186, 4, 14, 153)
(112, 115, 54, 0, 0)
(296, 192, 0, 3, 117)
(229, 71, 14, 11, 145)
(117, 224, 37, 0, 48)
(23, 212, 44, 0, 42)
(162, 221, 40, 1, 201)
(240, 0, 0, 192, 158)
(133, 160, 0, 27, 174)
(256, 202, 0, 0, 8)
(299, 55, 0, 0, 255)
(144, 188, 3, 8, 184)
(249, 29, 7, 10, 195)
(23, 189, 129, 0, 175)
(247, 67, 0, 96, 120)
(201, 206, 36, 0, 96)
(299, 48, 0, 70, 7)
(222, 160, 5, 3, 214)
(211, 148, 2, 6, 101)
(213, 122, 4, 4, 99)
(190, 124, 13, 0, 113)
(210, 224, 6, 1, 192)
(20, 141, 10, 5, 141)
(160, 10, 7, 23, 214)
(221, 224, 0, 0, 175)
(245, 171, 16, 3, 215)
(222, 222, 7, 2, 150)
(53, 224, 100, 0, 255)
(258, 214, 0, 10, 233)
(264, 214, 19, 1, 156)
(89, 37, 64, 1, 167)
(299, 204, 0, 0, 0)
(295, 98, 4, 3, 225)
(129, 12, 3, 8, 95)
(33, 206, 167, 0, 46)
(299, 111, 0, 115, 47)
(279, 152, 11, 0, 174)
(274, 167, 3, 2, 186)
(276, 158, 3, 4, 162)
(227, 79, 3, 7, 127)
(299, 18, 0, 170, 183)
(272, 67, 0, 105, 96)
(299, 124, 0, 0, 129)
(292, 81, 2, 2, 218)
(298, 159, 0, 12, 176)
(36, 52, 15, 5, 101)
(299, 145, 0, 48, 187)
(236, 109, 1, 9, 161)
(0, 215, 7, 5, 168)
(241, 150, 1, 11, 238)
(202, 221, 0, 3, 30)
(42, 73, 25, 12, 198)
(47, 89, 4, 8, 106)
(56, 185, 14, 2, 109)
(238, 221, 54, 0, 97)
(90, 224, 33, 0, 112)
(122, 185, 7, 4, 216)
(0, 186, 151, 0, 54)
(40, 142, 20, 10, 237)
(234, 14, 2, 9, 129)
(118, 216, 163, 0, 184)
(41, 25, 13, 3, 194)
(264, 153, 0, 31, 0)
(122, 147, 7, 10, 193)
(245, 199, 18, 1, 229)
(299, 95, 0, 78, 255)
(170, 91, 4, 14, 122)
(299, 24, 0, 125, 13)
(95, 211, 19, 7, 226)
(276, 152, 6, 5, 206)
(187, 135, 1, 4, 197)
(149, 81, 6, 9, 97)
(199, 52, 1, 26, 120)
(56, 206, 16, 6, 226)
(275, 103, 0, 52, 200)
(230, 97, 3, 12, 189)
(130, 224, 131, 0, 196)
(299, 88, 0, 106, 94)
(136, 164, 0, 18, 180)
(213, 139, 23, 4, 242)
(248, 52, 5, 3, 225)
(298, 39, 14, 8, 217)
(187, 63, 8, 9, 103)
(289, 201, 0, 6, 93)
(290, 211, 2, 2, 165)
(199, 217, 52, 0, 72)
(51, 158, 2, 19, 80)
(165, 101, 3, 17, 181)
(299, 54, 0, 135, 125)
(245, 184, 36, 1, 197)
(110, 224, 112, 0, 77)
(192, 214, 29, 2, 205)
(267, 0, 2, 7, 195)
(36, 73, 0, 151, 33)
(55, 176, 11, 9, 129)
(157, 186, 19, 1, 118)
(139, 205, 7, 1, 238)
(231, 167, 0, 15, 30)
(270, 224, 29, 0, 148)
(234, 224, 0, 0, 90)
(299, 120, 4, 15, 212)
(292, 35, 5, 4, 228)
(170, 187, 2, 5, 118)
(299, 205, 0, 8, 65)
(276, 29, 0, 157, 77)
(289, 145, 0, 5, 17)
(283, 211, 14, 0, 101)
(218, 136, 13, 2, 227)
(14, 106, 9, 9, 77)
(187, 210, 3, 0, 220)
(69, 223, 16, 1, 172)
(231, 86, 5, 11, 224)
(124, 31, 3, 3, 202)
(299, 12, 0, 29, 0)
(268, 184, 4, 2, 216)
(145, 189, 143, 0, 242)
(192, 186, 33, 2, 235)
(299, 176, 0, 3, 176)
(282, 224, 11, 0, 37)
(219, 224, 3, 0, 136)
(299, 197, 0, 22, 121)
(196, 203, 12, 3, 232)
(216, 24, 7, 6, 196)
(258, 47, 0, 165, 25)
(83, 204, 4, 11, 202)
(251, 11, 1, 17, 143)
(256, 212, 16, 2, 174)
(86, 209, 0, 15, 0)
(153, 26, 0, 0, 102)
(231, 51, 2, 1, 85)
(144, 50, 16, 7, 171)
(85, 74, 2, 11, 124)
(115, 106, 8, 16, 220)
(80, 213, 46, 0, 104)
(93, 9, 17, 17, 217)
(235, 111, 1, 10, 98)
(10, 123, 11, 10, 123)
(264, 224, 2, 1, 123)
(293, 133, 6, 2, 213)
(182, 213, 0, 0, 66)
(248, 196, 22, 1, 182)
(267, 130, 3, 5, 130)
(281, 106, 0, 51, 246)
(158, 187, 0, 0, 29)
(101, 224, 100, 0, 225)
(15, 224, 95, 0, 23)
(172, 12, 61, 14, 229)
(253, 181, 0, 18, 59)
(118, 158, 0, 32, 87)
(8, 217, 128, 0, 123)
(111, 16, 6, 7, 168)
(194, 83, 15, 4, 105)
(187, 70, 4, 8, 127)
(108, 126, 13, 5, 204)
(94, 180, 76, 0, 61)
(225, 28, 0, 0, 11)
(227, 134, 30, 0, 24)
(76, 169, 15, 2, 247)
(108, 224, 28, 0, 71)
(243, 55, 2, 6, 230)
(233, 130, 3, 5, 128)
(131, 101, 24, 4, 87)
(234, 145, 4, 6, 223)
(86, 111, 7, 9, 175)
(66, 219, 5, 1, 190)
(299, 100, 0, 28, 215)
(167, 118, 7, 10, 182)
(98, 91, 0, 0, 242)
(280, 148, 0, 39, 98)
(154, 209, 31, 0, 77)
(126, 139, 11, 3, 156)
(198, 223, 5, 1, 166)
(168, 200, 10, 1, 247)
(211, 93, 6, 3, 170)
(272, 124, 5, 1, 244)
(33, 204, 142, 0, 88)
(219, 223, 4, 1, 146)
(290, 214, 7, 3, 154)
(213, 121, 40, 0, 166)
(177, 190, 4, 3, 117)
(71, 224, 126, 0, 152)
(75, 152, 109, 0, 217)
(237, 154, 0, 33, 122)
(1, 120, 7, 10, 182)
(259, 224, 24, 0, 211)
(297, 138, 0, 37, 61)
(272, 121, 2, 4, 167)
(293, 194, 5, 3, 170)
(192, 145, 0, 13, 92)
(0, 210, 203, 0, 100)
(287, 222, 0, 0, 110)
(205, 202, 71, 0, 55)
(91, 178, 21, 2, 235)
(19, 221, 9, 3, 216)
(272, 76, 3, 6, 236)
(293, 39, 2, 33, 196)
(276, 205, 0, 14, 131)
(299, 165, 1, 1, 190)
(1, 44, 13, 5, 84)
(61, 94, 0, 115, 72)
(274, 145, 0, 67, 173)
(287, 220, 1, 4, 136)
(202, 165, 14, 1, 212)
(237, 30, 9, 6, 160)
(296, 152, 0, 13, 84)
(101, 177, 17, 0, 0)
(155, 200, 1, 15, 234)
(97, 66, 1, 11, 108)
(217, 188, 17, 3, 222)
(296, 113, 0, 0, 107)
(272, 198, 2, 1, 186)
(73, 38, 3, 21, 160)
(43, 114, 145, 0, 56)
(266, 150, 0, 0, 181)
(265, 168, 8, 1, 240)
(299, 135, 0, 15, 21)
(274, 157, 3, 3, 148)
(158, 224, 42, 0, 188)
(18, 224, 69, 0, 109)
(141, 79, 9, 8, 162)
(62, 210, 186, 0, 216)
(289, 224, 4, 0, 0)
(247, 26, 1, 7, 125)
(139, 15, 12, 1, 168)
(274, 160, 0, 26, 233)
(273, 21, 9, 9, 159)
(269, 212, 3, 0, 8)
(216, 223, 1, 1, 173)
(293, 83, 4, 3, 217)
(159, 146, 4, 8, 178)
(299, 181, 4, 3, 170)
(268, 11, 0, 30, 17)
(251, 224, 8, 0, 205)
(81, 208, 16, 3, 201)
(268, 93, 9, 0, 20)
(102, 188, 10, 2, 199)
(20, 63, 4, 28, 159)
(299, 218, 0, 6, 201)
(39, 127, 15, 2, 146)
(278, 128, 1, 28, 212)
(259, 35, 1, 22, 202)
(128, 157, 68, 0, 138)
(104, 224, 147, 0, 0)
(221, 116, 14, 11, 117)
(230, 224, 37, 0, 99)
(267, 158, 21, 0, 153)
(77, 212, 34, 0, 253)
(163, 146, 3, 7, 81)
(145, 224, 21, 4, 220)
(225, 58, 5, 4, 169)
(299, 224, 0, 0, 2)
(298, 16, 1, 17, 186)
(283, 94, 2, 6, 217)
(76, 202, 14, 0, 70)
(299, 69, 0, 122, 42)
(44, 178, 10, 9, 192)
(116, 198, 3, 3, 221)
(52, 178, 17, 2, 152)
(246, 18, 1, 13, 218)
(158, 224, 1, 0, 166)
(14, 144, 10, 6, 132)
(291, 130, 0, 16, 183)
(234, 170, 10, 2, 207)
(109, 67, 3, 13, 215)
(264, 71, 0, 79, 154)
(249, 100, 4, 7, 225)
(275, 208, 0, 12, 50)
(224, 95, 5, 2, 215)
(299, 163, 0, 37, 166)
(64, 138, 25, 4, 235)
(241, 110, 11, 6, 185)
(4, 192, 268, 0, 222)
(269, 112, 14, 2, 229)
(205, 133, 40, 0, 169)
(247, 206, 4, 7, 198)
(299, 223, 0, 0, 65)
(112, 147, 17, 3, 202)
(132, 191, 1, 7, 127)
(224, 213, 25, 0, 236)
(261, 64, 4, 5, 238)
(268, 109, 0, 25, 157)
(290, 224, 0, 0, 83)
(273, 103, 3, 4, 154)
(185, 125, 2, 2, 154)
(81, 159, 7, 2, 47)
(288, 214, 1, 7, 131)
(250, 180, 0, 5, 59)
(271, 58, 0, 58, 114)
(91, 188, 115, 0, 235)
(13, 77, 4, 12, 74)
(294, 23, 5, 6, 201)
(289, 217, 0, 12, 129)
(186, 108, 11, 6, 105)
(245, 219, 21, 0, 122)
(199, 107, 48, 0, 255)
(79, 223, 6, 1, 192)
(198, 162, 3, 1, 163)
(223, 42, 2, 4, 128)
(221, 214, 20, 0, 201)
(109, 32, 83, 0, 86)
(283, 4, 5, 6, 154)
(266, 208, 4, 3, 146)
(6, 129, 11, 9, 132)
(286, 153, 0, 39, 43)
(248, 220, 0, 0, 84)
(286, 126, 0, 0, 62)
(180, 161, 9, 2, 62)
(155, 168, 3, 8, 92)
(250, 224, 0, 0, 59)
(78, 193, 109, 0, 31)
(124, 224, 0, 0, 227)
(297, 68, 0, 127, 147)
(264, 145, 0, 1, 238)
(260, 213, 4, 2, 174)
(235, 83, 4, 12, 194)
(290, 136, 0, 58, 48)
(296, 14, 0, 0, 9)
(128, 224, 78, 0, 24)
(224, 187, 0, 31, 192)
(155, 195, 62, 0, 105)
(248, 206, 12, 0, 17)
(150, 28, 17, 10, 207)
(170, 217, 11, 2, 221)
(240, 213, 25, 0, 175)
(299, 176, 0, 0, 7)
(285, 212, 1, 9, 140)
(251, 224, 23, 0, 142)
(96, 200, 2, 3, 226)
(163, 200, 4, 4, 114)
(258, 23, 1, 21, 212)
(277, 6, 2, 15, 182)
(56, 189, 83, 0, 16)
(299, 160, 0, 23, 171)
(280, 149, 4, 2, 141)
(284, 52, 3, 1, 139)
(299, 121, 0, 74, 70)
(299, 19, 0, 176, 46)
(279, 90, 3, 16, 172)
(28, 98, 3, 10, 105)
(125, 193, 0, 18, 137)
(43, 100, 217, 0, 72)
(135, 166, 2, 17, 208)
(285, 111, 2, 9, 201)
(41, 186, 178, 0, 207)
(251, 224, 2, 0, 131)
(248, 37, 3, 3, 124)
(260, 198, 17, 1, 188)
(228, 29, 0, 63, 131)
(189, 205, 55, 0, 215)
(273, 161, 0, 50, 22)
(289, 96, 2, 4, 222)
(271, 224, 21, 0, 21)
(32, 181, 4, 4, 86)
(55, 165, 17, 3, 146)
(79, 191, 4, 1, 229)
(23, 223, 5, 1, 190)
(239, 60, 3, 12, 206)
(248, 2, 2, 7, 143)
(72, 116, 4, 3, 120)
(250, 87, 0, 52, 106)
(296, 210, 0, 0, 246)
(299, 213, 0, 20, 254)
(278, 174, 0, 0, 45)
(62, 208, 5, 1, 207)
(149, 213, 3, 9, 223)
(31, 103, 7, 8, 200)
(219, 211, 26, 0, 255)
(235, 44, 5, 5, 219)
(273, 223, 115, 0, 244)
(292, 1, 7, 5, 158)
(251, 105, 1, 12, 157)
(108, 151, 6, 2, 44)
(179, 171, 19, 6, 241)
(165, 222, 91, 0, 249)
(261, 218, 0, 0, 51)
(219, 62, 3, 5, 144)
(61, 23, 16, 8, 220)
(104, 136, 15, 3, 71)
(299, 157, 0, 19, 159)
(296, 171, 3, 2, 210)
(192, 224, 12, 2, 164)
(103, 120, 7, 8, 173)
(278, 192, 0, 0, 149)
(89, 217, 7, 2, 202)
(29, 224, 195, 0, 135)
(288, 136, 4, 2, 238)
(213, 59, 2, 6, 245)
(290, 77, 0, 133, 123)
(151, 224, 33, 0, 79)
(151, 215, 0, 0, 0)
(0, 224, 148, 0, 1)
(117, 78, 14, 3, 208)
(254, 136, 3, 5, 208)
(297, 207, 2, 1, 200)
(270, 224, 0, 0, 143)
(43, 187, 15, 4, 193)
(95, 224, 182, 0, 141)
(194, 147, 1, 7, 94)
(299, 153, 0, 43, 24)
(299, 171, 0, 30, 255)
(107, 180, 1, 21, 182)
(207, 171, 5, 2, 196)
(299, 130, 0, 86, 230)
(125, 151, 0, 0, 255)
(171, 179, 24, 3, 213)
(101, 138, 1, 6, 183)
(71, 63, 25, 4, 213)
(255, 21, 2, 30, 172)
(271, 0, 28, 0, 30)
(238, 204, 0, 2, 19)
(182, 139, 15, 5, 236)
(24, 27, 5, 8, 133)
(270, 54, 15, 1, 179)
(290, 75, 0, 119, 245)
(251, 216, 0, 0, 193)
(240, 202, 0, 0, 219)
(222, 98, 7, 3, 113)
(299, 118, 0, 36, 5)
(122, 59, 2, 20, 122)
(154, 224, 56, 0, 75)
(267, 94, 12, 2, 203)
(279, 224, 1, 4, 231)
(0, 224, 109, 0, 118)
(9, 40, 1, 92, 105)
(299, 204, 0, 2, 159)
(13, 224, 99, 0, 168)
(287, 70, 2, 19, 163)
(161, 135, 0, 0, 140)
(180, 182, 1, 5, 142)
(102, 224, 104, 0, 18)
(242, 143, 1, 5, 115)
(220, 145, 23, 0, 211)
(299, 206, 22, 4, 181)
(299, 198, 0, 26, 85)
(180, 211, 12, 3, 223)
(220, 203, 79, 0, 25)
(208, 209, 14, 0, 237)
(185, 223, 8, 9, 185)
(287, 141, 1, 7, 129)
(287, 148, 5, 0, 28)
(299, 33, 0, 63, 154)
(234, 192, 12, 2, 177)
(261, 128, 18, 0, 130)
(199, 156, 2, 4, 165)
(169, 28, 9, 4, 216)
(57, 208, 103, 0, 22)
(232, 203, 8, 2, 204)
(0, 214, 66, 0, 137)
(266, 84, 3, 4, 151)
(242, 77, 3, 6, 202)
(299, 59, 1, 6, 216)
(0, 0, 7, 5, 171)
(263, 121, 2, 2, 238)
(47, 142, 72, 0, 51)
(3, 220, 8, 1, 211)
(171, 199, 128, 0, 219)
(292, 31, 3, 3, 130)
(252, 104, 2, 11, 204)
(122, 204, 17, 1, 213)
(118, 10, 7, 9, 102)
(260, 30, 0, 104, 56)
(206, 136, 1, 6, 107)
(262, 81, 4, 26, 189)
(299, 177, 7, 0, 113)
(280, 224, 1, 0, 81)
(299, 23, 0, 161, 0)
(286, 202, 0, 10, 248)
(85, 131, 11, 3, 70)
(215, 185, 27, 1, 236)
(283, 212, 0, 0, 42)
(0, 223, 4, 1, 146)
(280, 188, 19, 0, 99)
(254, 59, 0, 0, 175)
(253, 23, 3, 9, 202)
(269, 139, 5, 2, 157)
(284, 82, 0, 6, 88)
(98, 199, 8, 2, 233)
(201, 224, 2, 0, 20)
(161, 168, 1, 8, 156)
(296, 150, 0, 30, 74)
(299, 33, 0, 60, 148)
(277, 71, 5, 4, 151)
(185, 46, 0, 17, 77)
(171, 90, 0, 43, 0)
(289, 21, 16, 0, 73)
(171, 113, 6, 2, 126)
(222, 224, 12, 0, 18)
(173, 31, 1, 5, 117)
(142, 146, 14, 2, 221)
(232, 68, 4, 13, 134)
(153, 143, 8, 0, 222)
(275, 118, 0, 49, 25)
(140, 162, 0, 0, 146)
(240, 139, 2, 10, 153)
(195, 189, 133, 0, 149)
(48, 219, 8, 4, 182)
(259, 32, 22, 0, 255)
(111, 48, 7, 5, 65)
(113, 165, 160, 0, 147)
(261, 165, 0, 0, 68)
(287, 208, 2, 2, 158)
(283, 178, 11, 3, 185)
(297, 129, 1, 8, 192)
(123, 217, 27, 0, 171)
(25, 224, 270, 0, 112)
(74, 146, 10, 3, 167)
(240, 137, 0, 17, 206)
(155, 1, 7, 12, 213)
(150, 224, 56, 0, 233)
(270, 47, 0, 107, 11)
(237, 123, 5, 4, 105)
(288, 15, 0, 54, 243)
(152, 106, 2, 8, 149)
(154, 161, 2, 5, 102)
(198, 161, 8, 1, 106)
(156, 216, 109, 0, 34)
(270, 224, 11, 0, 142)
(272, 50, 1, 7, 182)
(216, 176, 0, 0, 36)
(0, 187, 37, 2, 122)
(103, 152, 6, 11, 244)
(256, 172, 5, 2, 164)
(272, 174, 0, 35, 161)
(265, 194, 12, 1, 181)
(202, 191, 0, 12, 118)
(299, 138, 0, 12, 81)
(210, 34, 4, 9, 212)
(251, 81, 16, 4, 188)
(299, 82, 0, 0, 94)
(187, 104, 2, 5, 206)
(292, 201, 2, 2, 134)
(75, 120, 2, 4, 232)
(137, 196, 7, 6, 131)
(273, 72, 14, 1, 155)
(73, 105, 15, 6, 43)
(152, 95, 0, 0, 255)
(299, 158, 0, 35, 31)
(146, 201, 8, 5, 109)
(66, 171, 199, 0, 147)
(271, 0, 0, 26, 51)
(248, 224, 51, 0, 166)
(285, 62, 14, 0, 54)
(49, 188, 19, 4, 201)
(275, 39, 8, 4, 203)
(134, 216, 78, 0, 35)
(278, 112, 0, 3, 70)
(284, 116, 4, 2, 224)
(273, 205, 1, 13, 160)
(176, 61, 9, 2, 145)
(191, 198, 5, 5, 143)
(251, 202, 2, 10, 193)
(78, 217, 37, 0, 0)
(299, 211, 4, 2, 148)
(211, 201, 69, 0, 36)
(19, 192, 50, 2, 221)
(48, 152, 42, 0, 222)
(244, 120, 0, 4, 106)
(19, 164, 9, 11, 68)
(299, 36, 0, 91, 0)
(43, 69, 87, 0, 171)
(66, 201, 164, 0, 240)
(288, 221, 0, 0, 169)
(221, 67, 9, 3, 143)
(206, 211, 79, 0, 146)
(151, 0, 0, 39, 182)
(187, 150, 2, 1, 246)
(276, 88, 5, 1, 151)
(106, 221, 0, 0, 134)
(299, 24, 0, 164, 205)
(0, 94, 77, 0, 210)
(133, 89, 11, 0, 199)
(188, 153, 3, 12, 82)
(260, 195, 31, 1, 184)
(183, 54, 3, 25, 132)
(104, 224, 0, 0, 177)
(64, 128, 4, 5, 106)
(231, 224, 68, 0, 190)
(188, 224, 63, 0, 200)
(15, 211, 13, 0, 25)
(297, 148, 2, 3, 166)
(56, 224, 85, 0, 100)
(232, 202, 67, 0, 0)
(97, 194, 149, 0, 57)
(143, 224, 38, 0, 73)
(160, 53, 3, 42, 157)
(10, 38, 64, 2, 188)
(183, 204, 3, 5, 201)
(151, 208, 6, 7, 246)
(202, 220, 6, 2, 183)
(280, 49, 5, 5, 208)
(291, 16, 7, 2, 151)
(71, 148, 3, 3, 211)
(128, 125, 12, 2, 212)
(149, 206, 120, 0, 2)
(196, 219, 29, 1, 190)
(108, 224, 0, 0, 0)
(282, 184, 0, 0, 104)
(242, 150, 1, 12, 212)
(282, 24, 0, 154, 133)
(173, 172, 1, 7, 180)
(267, 191, 0, 0, 206)
(295, 13, 0, 12, 109)
(255, 221, 0, 0, 67)
(55, 40, 12, 3, 214)
(111, 165, 4, 1, 71)
(176, 177, 2, 5, 124)
(197, 162, 94, 0, 245)
(21, 224, 0, 0, 244)
(91, 62, 2, 14, 198)
(279, 165, 7, 3, 210)
(227, 75, 6, 2, 183)
(232, 147, 32, 0, 162)
(222, 171, 12, 4, 227)
(299, 221, 0, 13, 151)
(234, 148, 0, 0, 174)
(170, 224, 68, 0, 0)
(227, 201, 14, 2, 196)
(240, 130, 9, 3, 251)
(152, 0, 2, 11, 170)
(83, 224, 120, 0, 137)
(137, 27, 2, 32, 152)
(148, 54, 1, 20, 108)
(42, 182, 4, 4, 208)
(173, 220, 14, 1, 200)
(79, 17, 2, 20, 184)
(195, 65, 6, 4, 125)
(274, 22, 0, 31, 119)
(243, 115, 3, 8, 149)
(131, 170, 1, 22, 224)
(83, 152, 24, 0, 129)
(266, 37, 0, 10, 99)
(62, 27, 144, 0, 115)
(274, 19, 51, 1, 180)
(95, 204, 4, 3, 114)
(264, 188, 0, 0, 169)
(247, 222, 2, 9, 112)
(233, 109, 0, 30, 59)
(11, 40, 5, 32, 104)
(246, 224, 0, 0, 255)
(299, 85, 0, 15, 97)
(190, 172, 0, 42, 108)
(10, 222, 10, 2, 210)
(256, 73, 2, 2, 224)
(280, 158, 0, 42, 156)
(125, 141, 3, 4, 86)
(281, 166, 44, 0, 169)
(278, 222, 3, 2, 194)
(133, 136, 88, 0, 49)
(181, 218, 25, 1, 192)
(64, 196, 6, 2, 248)
(288, 0, 0, 43, 191)
(140, 143, 26, 0, 223)
(299, 32, 0, 26, 149)
(157, 224, 136, 0, 141)
(227, 192, 0, 0, 36)
(299, 61, 0, 58, 160)
(299, 224, 0, 0, 198)
(69, 30, 3, 25, 224)
(38, 148, 3, 1, 248)
(139, 224, 103, 0, 30)
(255, 2, 11, 5, 161)
(150, 132, 8, 2, 223)
(211, 224, 54, 0, 138)
(134, 152, 8, 10, 240)
(13, 156, 13, 9, 78)
(281, 44, 5, 3, 210)
(166, 155, 7, 3, 176)
(299, 224, 1, 1, 88)
(188, 204, 4, 5, 231)
(177, 131, 7, 1, 124)
(238, 203, 12, 1, 205)
(161, 46, 2, 35, 172)
(160, 57, 1, 14, 196)
(280, 213, 0, 0, 104)
(293, 75, 0, 85, 0)
(33, 66, 31, 11, 194)
(253, 224, 4, 0, 159)
(188, 178, 17, 0, 51)
(154, 129, 9, 1, 175)
(192, 224, 55, 0, 21)
(186, 189, 24, 1, 224)
(179, 224, 34, 0, 140)
(141, 213, 2, 1, 156)
(73, 167, 22, 0, 42)
(263, 151, 5, 4, 188)
(184, 112, 10, 7, 121)
(286, 122, 0, 44, 199)
(299, 0, 0, 79, 209)
(212, 201, 7, 2, 238)
(153, 90, 1, 4, 91)
(242, 114, 2, 2, 224)
(29, 194, 11, 16, 210)
(97, 81, 4, 32, 146)
(292, 7, 3, 0, 130)
(226, 31, 55, 0, 0)
(272, 129, 0, 0, 185)
(180, 217, 15, 1, 190)
(66, 24, 0, 3, 138)
(99, 192, 3, 9, 201)
(27, 206, 24, 2, 206)
(18, 122, 0, 68, 63)
(71, 224, 218, 0, 115)
(278, 198, 6, 2, 232)
(298, 48, 1, 9, 179)
(93, 13, 69, 0, 115)
(134, 70, 1, 19, 74)
(13, 224, 72, 0, 210)
(290, 223, 0, 0, 48)
(253, 85, 8, 5, 175)
(47, 214, 172, 0, 208)
(156, 21, 8, 9, 218)
(287, 24, 10, 3, 198)
(126, 201, 0, 0, 185)
(162, 0, 23, 4, 219)
(65, 129, 102, 0, 15)
(210, 155, 2, 2, 228)
(258, 133, 4, 7, 178)
(8, 39, 1, 12, 102)
(273, 147, 0, 34, 106)
(250, 136, 2, 4, 194)
(154, 206, 0, 0, 106)
(299, 209, 0, 0, 164)
(230, 106, 9, 4, 176)
(294, 66, 0, 75, 218)
(6, 182, 17, 1, 77)
(179, 224, 3, 0, 84)
(287, 185, 5, 2, 171)
(115, 214, 26, 2, 204)
(156, 203, 7, 2, 232)
(226, 224, 0, 7, 92)
(113, 26, 17, 4, 111)
(55, 137, 7, 4, 150)
(253, 146, 0, 60, 101)
(27, 162, 37, 0, 18)
(64, 224, 0, 0, 36)
(0, 167, 237, 0, 233)
(200, 224, 0, 0, 188)
(229, 89, 2, 4, 231)
(282, 28, 8, 2, 160)
(264, 22, 0, 0, 41)
(270, 14, 7, 2, 161)
(216, 101, 5, 11, 165)
(160, 210, 1, 10, 211)
(40, 224, 183, 0, 177)
(269, 133, 12, 5, 214)
(252, 224, 23, 0, 105)
(204, 224, 61, 0, 48)
(294, 184, 5, 1, 160)
(299, 73, 0, 0, 68)
(162, 224, 61, 0, 112)
(169, 210, 2, 9, 227)
(265, 0, 14, 0, 224)
(260, 69, 3, 2, 145)
(96, 66, 1, 21, 151)
(179, 157, 0, 43, 240)
(225, 108, 8, 3, 174)
(76, 98, 9, 9, 63)
(164, 33, 1, 42, 199)
(84, 46, 9, 4, 150)
(278, 125, 0, 21, 209)
(127, 130, 0, 20, 0)
(198, 173, 9, 1, 188)
(299, 147, 0, 16, 205)
(299, 192, 0, 0, 199)
(283, 149, 6, 4, 205)
(255, 155, 6, 4, 217)
(78, 224, 4, 0, 218)
(202, 198, 12, 3, 233)
(99, 23, 8, 11, 185)
(299, 155, 0, 6, 106)
(286, 45, 4, 1, 156)
(299, 73, 0, 146, 91)
(274, 210, 0, 0, 53)
(299, 35, 0, 128, 138)
(184, 195, 1, 2, 190)
(290, 189, 5, 0, 108)
(1, 183, 12, 2, 100)
(276, 79, 3, 8, 200)
(248, 29, 3, 8, 234)
(292, 70, 3, 2, 175)
(287, 118, 0, 74, 168)
(248, 12, 1, 4, 207)
(256, 182, 0, 4, 31)
(106, 209, 4, 4, 240)
(299, 70, 0, 53, 158)
(233, 27, 1, 13, 140)
(262, 207, 7, 2, 146)
(246, 109, 13, 2, 204)
(163, 191, 0, 1, 42)
(0, 211, 150, 0, 27)
(111, 218, 5, 3, 207)
(80, 96, 0, 89, 245)
(18, 184, 96, 0, 177)
(283, 53, 0, 137, 243)
(295, 204, 0, 0, 255)
(299, 166, 0, 5, 208)
(168, 181, 0, 0, 189)
(0, 193, 8, 6, 200)
(220, 127, 0, 31, 78)
(183, 87, 14, 12, 128)
(234, 93, 1, 5, 188)
(0, 203, 252, 0, 67)
(198, 224, 48, 0, 200)
(61, 224, 76, 0, 190)
(38, 96, 3, 9, 68)
(108, 192, 4, 3, 110)
(281, 66, 18, 2, 209)
(293, 0, 0, 137, 111)
(265, 206, 7, 1, 167)
(153, 198, 6, 0, 226)
(149, 157, 29, 0, 100)
(131, 204, 4, 1, 128)
(289, 182, 0, 5, 181)
(248, 210, 0, 0, 64)
(162, 180, 108, 0, 63)
(11, 56, 19, 5, 114)
(278, 20, 4, 5, 164)
(147, 180, 43, 0, 122)
(299, 183, 0, 12, 51)
(197, 128, 2, 17, 103)
(139, 219, 104, 0, 124)
(299, 216, 0, 0, 10)
(299, 28, 0, 41, 88)
(294, 42, 3, 2, 214)
(48, 224, 161, 0, 119)
(220, 67, 7, 2, 198)
(149, 201, 114, 0, 120)
(292, 163, 0, 0, 217)
(60, 148, 8, 4, 134)
(36, 224, 67, 0, 47)
(11, 18, 7, 16, 202)
(158, 224, 46, 0, 68)
(295, 38, 0, 78, 143)
(249, 162, 9, 3, 220)
(218, 161, 0, 30, 49)
(192, 65, 72, 0, 25)
(299, 41, 0, 49, 46)
(186, 150, 1, 1, 197)
(30, 130, 12, 2, 208)
(193, 107, 0, 73, 0)
(141, 56, 3, 3, 106)
(225, 158, 0, 34, 111)
(288, 182, 0, 0, 50)
(236, 20, 9, 3, 148)
(50, 206, 75, 0, 122)
(71, 10, 228, 0, 250)
(272, 114, 0, 24, 160)
(118, 60, 0, 10, 218)
(68, 0, 29, 13, 206)
(243, 143, 3, 2, 114)
(271, 35, 9, 5, 209)
(92, 165, 9, 1, 150)
(270, 162, 7, 2, 232)
(241, 12, 4, 6, 229)
(22, 133, 23, 4, 205)
(172, 198, 3, 4, 234)
(299, 101, 0, 17, 69)
(277, 120, 0, 11, 84)
(174, 187, 0, 8, 198)
(69, 224, 114, 0, 100)
(278, 113, 0, 91, 52)
(120, 193, 98, 0, 174)
(183, 156, 22, 1, 94)
(293, 224, 6, 0, 171)
(253, 74, 0, 56, 131)
(228, 224, 0, 0, 96)
(108, 224, 103, 0, 0)
(79, 224, 63, 0, 37)
(139, 198, 205, 0, 148)
(28, 224, 3, 3, 183)
(299, 187, 0, 0, 4)
(218, 96, 2, 2, 211)
(278, 150, 2, 1, 123)
(270, 65, 0, 109, 213)
(271, 78, 0, 9, 57)
(299, 118, 0, 0, 245)
(294, 149, 0, 0, 212)
(219, 213, 3, 5, 195)
(237, 224, 27, 0, 203)
(151, 74, 3, 8, 159)
(92, 182, 13, 3, 82)
(171, 220, 5, 5, 190)
(7, 224, 41, 0, 227)
(245, 95, 0, 114, 38)
(231, 220, 63, 0, 152)
(47, 56, 4, 7, 200)
(32, 127, 169, 0, 113)
(220, 73, 4, 9, 223)
(285, 111, 0, 52, 117)
(148, 216, 15, 0, 0)
(254, 219, 4, 1, 171)
(0, 207, 0, 0, 206)
(211, 117, 5, 2, 215)
(74, 68, 6, 21, 178)
(285, 137, 0, 69, 138)
(71, 166, 15, 0, 56)
(118, 40, 1, 8, 201)
(152, 160, 1, 21, 250)
(299, 110, 0, 35, 109)
(97, 95, 1, 1, 234)
(62, 224, 25, 0, 87)
(251, 130, 4, 2, 226)
(295, 29, 0, 89, 98)
(281, 197, 4, 1, 229)
(295, 116, 0, 27, 15)
(97, 219, 49, 0, 12)
(299, 210, 0, 14, 69)
(257, 111, 1, 9, 188)
(78, 120, 3, 5, 117)
(270, 193, 0, 0, 0)
(10, 224, 43, 0, 162)
(283, 216, 3, 4, 137)
(48, 149, 160, 0, 132)
(298, 185, 2, 6, 153)
(67, 218, 5, 1, 198)
(19, 204, 142, 0, 213)
(217, 13, 0, 127, 35)
(163, 224, 12, 0, 168)
(299, 101, 0, 43, 87)
(290, 153, 9, 2, 210)
(299, 205, 0, 19, 27)
(280, 156, 0, 0, 160)
(264, 109, 11, 1, 201)
(285, 166, 7, 4, 238)
(294, 214, 1, 1, 181)
(295, 214, 0, 10, 166)
(201, 155, 1, 7, 148)
(289, 176, 29, 0, 215)
(202, 72, 0, 90, 116)
(279, 122, 5, 1, 233)
(43, 97, 2, 9, 210)
(297, 161, 3, 4, 199)
(99, 205, 13, 0, 242)
(148, 109, 117, 0, 105)
(210, 176, 25, 0, 23)
(257, 214, 20, 0, 187)
(248, 75, 2, 8, 139)
(262, 154, 2, 2, 151)
(298, 139, 1, 10, 212)
(213, 202, 0, 0, 130)
(288, 72, 3, 1, 210)
(278, 224, 0, 0, 99)
(178, 84, 5, 3, 132)
(222, 224, 38, 0, 181)
(90, 224, 130, 0, 86)
(287, 124, 0, 23, 88)
(44, 175, 0, 0, 41)
(299, 135, 0, 78, 152)
(27, 124, 185, 0, 81)
(250, 189, 3, 0, 91)
(299, 49, 0, 17, 58)
(225, 89, 3, 2, 164)
(96, 26, 15, 4, 182)
(192, 224, 60, 0, 25)
(23, 34, 0, 2, 255)
(158, 188, 2, 3, 216)
(142, 79, 1, 36, 94)
(248, 186, 8, 4, 193)
(296, 223, 1, 3, 105)
(265, 176, 4, 3, 205)
(271, 149, 2, 5, 151)
(299, 9, 0, 122, 87)
(296, 100, 0, 88, 67)
(205, 196, 1, 4, 226)
(299, 10, 0, 159, 150)
(127, 206, 20, 3, 196)
(260, 217, 14, 0, 123)
(231, 187, 18, 0, 222)
(67, 207, 12, 1, 233)
(221, 191, 100, 0, 94)
(7, 224, 95, 0, 0)
(97, 213, 5, 4, 238)
(5, 211, 224, 0, 130)
(0, 195, 5, 0, 74)
(144, 45, 2, 20, 209)
(257, 211, 0, 6, 165)
(270, 90, 1, 8, 176)
(20, 165, 0, 53, 57)
(253, 38, 0, 11, 56)
(172, 32, 1, 17, 162)
(299, 121, 0, 40, 170)
(0, 46, 231, 0, 165)
(164, 211, 83, 0, 240)
(299, 76, 0, 34, 83)
(70, 66, 2, 5, 87)
(173, 14, 0, 102, 108)
(275, 185, 2, 4, 180)
(275, 180, 0, 0, 111)
(163, 184, 3, 2, 82)
(298, 43, 1, 5, 211)
(280, 13, 1, 6, 219)
(9, 166, 9, 13, 53)
(236, 97, 10, 1, 218)
(57, 224, 11, 5, 165)
(191, 170, 4, 1, 164)
(166, 224, 92, 0, 104)
(283, 85, 3, 2, 115)
(150, 203, 27, 0, 98)
(247, 97, 0, 29, 150)
(4, 218, 2, 0, 195)
(91, 216, 16, 0, 100)
(58, 181, 122, 0, 18)
(204, 198, 3, 1, 161)
(246, 124, 3, 2, 205)
(281, 224, 0, 2, 147)
(259, 142, 5, 2, 250)
(267, 115, 1, 17, 231)
(98, 224, 60, 0, 180)
(277, 0, 0, 195, 0)
(137, 219, 79, 0, 36)
(273, 98, 11, 1, 223)
(49, 220, 130, 0, 158)
(246, 42, 0, 3, 233)
(245, 170, 0, 0, 97)
(274, 203, 25, 0, 185)
(41, 154, 26, 2, 203)
(120, 53, 59, 0, 173)
(69, 128, 97, 0, 91)
(103, 209, 60, 0, 202)
(299, 192, 0, 0, 72)
(269, 209, 0, 0, 189)
(110, 161, 18, 0, 110)
(53, 224, 137, 0, 28)
(288, 74, 0, 17, 144)
(177, 186, 3, 2, 249)
(228, 43, 0, 0, 88)
(119, 37, 32, 1, 149)
(71, 214, 169, 0, 17)
(250, 144, 4, 2, 242)
(299, 54, 0, 45, 158)
(106, 52, 2, 18, 141)
(123, 224, 36, 0, 116)
(276, 129, 3, 1, 241)
(299, 109, 0, 110, 76)
(282, 194, 14, 1, 160)
(272, 220, 0, 1, 220)
(274, 14, 0, 120, 216)
(299, 133, 0, 78, 57)
(252, 146, 12, 1, 190)
(257, 88, 0, 63, 149)
(183, 224, 22, 0, 94)
(237, 191, 5, 1, 182)
(218, 224, 19, 0, 21)
(289, 31, 2, 6, 217)
(17, 190, 84, 0, 253)
(260, 183, 0, 5, 53)
(201, 222, 46, 0, 118)
(299, 64, 0, 10, 23)
(147, 219, 101, 0, 152)
(283, 151, 1, 4, 214)
(60, 105, 0, 7, 88)
(272, 200, 13, 1, 189)
(106, 136, 2, 0, 36)
(210, 224, 0, 11, 172)
(299, 48, 0, 46, 138)
(299, 157, 0, 48, 205)
(0, 145, 39, 0, 201)
(268, 172, 0, 20, 34)
(0, 132, 0, 35, 181)
(299, 113, 0, 56, 54)
(253, 198, 4, 1, 231)
(74, 213, 78, 0, 133)
(299, 169, 0, 36, 142)
(299, 202, 0, 0, 138)
(45, 222, 2, 2, 174)
(273, 119, 12, 1, 220)
(124, 43, 1, 38, 149)
(244, 180, 0, 0, 18)
(130, 72, 4, 11, 93)
(128, 224, 28, 0, 229)
(18, 193, 2, 8, 210)
(209, 151, 2, 0, 99)
(289, 134, 0, 35, 104)
(119, 186, 73, 0, 25)
(227, 64, 2, 27, 156)
(79, 165, 0, 37, 145)
(145, 48, 5, 6, 192)
(141, 224, 71, 0, 94)
(129, 216, 105, 0, 77)
(38, 157, 26, 2, 171)
(290, 56, 0, 96, 45)
(187, 199, 11, 0, 122)
(299, 19, 0, 20, 125)
(158, 88, 1, 9, 196)
(201, 211, 9, 0, 185)
(264, 65, 0, 97, 0)
(262, 112, 0, 36, 137)
(268, 209, 0, 0, 226)
(298, 224, 1, 0, 233)
(299, 25, 0, 0, 137)
(237, 93, 0, 41, 0)
(242, 206, 57, 0, 123)
(286, 42, 0, 172, 40)
(159, 197, 1, 5, 152)
(293, 196, 0, 21, 48)
(17, 184, 41, 0, 236)
(216, 203, 0, 0, 60)
(281, 122, 0, 0, 160)
(232, 153, 0, 23, 176)
(32, 157, 8, 6, 75)
(272, 128, 2, 8, 188)
(156, 224, 55, 0, 93)
(299, 146, 0, 6, 86)
(39, 184, 225, 0, 44)
(238, 53, 2, 5, 149)
(299, 73, 0, 59, 49)
(77, 196, 2, 3, 123)
(256, 96, 4, 9, 222)
(53, 111, 0, 67, 190)
(179, 221, 9, 1, 208)
(131, 211, 122, 0, 149)
(286, 224, 0, 0, 118)
(236, 170, 0, 24, 70)
(26, 224, 0, 0, 13)
(280, 21, 3, 1, 140)
(299, 25, 4, 2, 189)
(62, 89, 4, 26, 100)
(104, 200, 8, 2, 150)
(286, 73, 0, 84, 68)
(273, 204, 5, 4, 175)
(274, 210, 0, 11, 103)
(104, 110, 9, 0, 213)
(290, 39, 0, 105, 49)
(149, 49, 2, 31, 160)
(233, 79, 49, 0, 32)
(294, 224, 0, 0, 94)
(265, 224, 0, 0, 78)
(241, 214, 9, 1, 166)
(281, 220, 0, 4, 30)
(122, 125, 1, 13, 140)
(289, 213, 2, 0, 42)
(5, 203, 58, 0, 45)
(141, 174, 118, 0, 164)
(34, 145, 85, 1, 207)
(70, 93, 2, 18, 55)
(92, 175, 25, 3, 180)
(113, 205, 1, 1, 208)
(240, 63, 0, 0, 189)
(74, 155, 57, 0, 242)
(29, 224, 110, 0, 223)
(195, 68, 14, 0, 8)
(259, 224, 23, 0, 187)
(229, 152, 0, 32, 118)
(271, 130, 2, 3, 241)
(180, 88, 6, 10, 122)
(136, 117, 0, 59, 210)
(270, 224, 29, 0, 240)
(189, 192, 3, 6, 127)
(167, 138, 3, 10, 102)
(255, 0, 0, 92, 121)
(299, 87, 0, 37, 36)
(279, 185, 1, 5, 199)
(39, 105, 10, 7, 181)
(79, 196, 11, 5, 116)
(299, 164, 0, 0, 189)
(269, 34, 1, 3, 248)
(176, 75, 2, 31, 122)
(162, 199, 0, 1, 115)
(162, 93, 12, 5, 124)
(262, 156, 0, 28, 125)
(299, 206, 0, 0, 227)
(299, 127, 0, 14, 106)
(134, 157, 3, 10, 241)
(275, 203, 0, 13, 26)
(33, 187, 14, 3, 171)
(283, 79, 0, 31, 245)
(242, 214, 5, 3, 164)
(236, 218, 0, 0, 210)
(299, 203, 0, 0, 206)
(172, 8, 47, 8, 225)
(206, 146, 0, 57, 253)
(174, 176, 1, 9, 232)
(97, 224, 3, 0, 245)
(231, 203, 43, 0, 84)
(65, 165, 67, 0, 239)
(38, 112, 9, 2, 137)
(64, 85, 1, 9, 57)
(267, 2, 9, 0, 214)
(191, 224, 0, 7, 148)
(262, 217, 28, 0, 94)
(141, 23, 0, 84, 177)
(149, 55, 0, 65, 72)
(291, 208, 0, 0, 154)
(178, 165, 3, 1, 73)
(290, 207, 2, 3, 252)
(299, 185, 0, 0, 7)
(213, 180, 6, 6, 238)
(265, 140, 0, 81, 90)
(163, 156, 2, 9, 127)
(81, 88, 5, 5, 96)
(280, 80, 0, 0, 255)
(241, 224, 0, 0, 234)
(170, 85, 11, 8, 145)
(292, 83, 7, 0, 108)
(299, 224, 0, 0, 15)
(0, 165, 14, 8, 56)
(270, 175, 0, 5, 141)
(234, 53, 0, 33, 63)
(104, 224, 62, 0, 212)
(234, 221, 3, 3, 142)
(199, 188, 92, 0, 131)
(74, 96, 162, 0, 8)
(99, 174, 8, 1, 237)
(80, 224, 141, 0, 140)
(284, 64, 6, 3, 220)
(0, 134, 3, 5, 59)
(299, 6, 0, 100, 85)
(250, 223, 4, 2, 201)
(176, 224, 88, 0, 6)
(187, 186, 6, 4, 238)
(271, 181, 0, 28, 41)
(275, 222, 2, 2, 185)
(32, 187, 0, 11, 179)
(76, 224, 12, 0, 0)
(93, 82, 5, 3, 171)
(89, 189, 80, 0, 28)
(277, 177, 12, 1, 215)
(200, 108, 5, 1, 103)
(96, 184, 142, 0, 84)
(217, 150, 18, 2, 212)
(120, 133, 3, 3, 207)
(185, 224, 26, 0, 143)
(209, 203, 13, 3, 215)
(136, 224, 0, 0, 251)
(258, 165, 4, 2, 207)
(294, 224, 5, 0, 106)
(282, 74, 1, 8, 217)
(238, 34, 0, 45, 0)
(20, 179, 6, 3, 86)
(291, 187, 0, 0, 10)
(257, 73, 0, 21, 0)
(277, 62, 0, 124, 76)
(292, 154, 2, 2, 181)
(215, 163, 0, 5, 229)
(299, 0, 0, 64, 19)
(201, 177, 4, 8, 248)
(289, 141, 10, 1, 212)
(258, 91, 0, 0, 108)
(237, 23, 4, 3, 125)
(249, 68, 0, 17, 95)
(153, 125, 2, 4, 244)
(281, 24, 14, 1, 196)
(184, 167, 4, 6, 252)
(247, 51, 0, 75, 190)
(149, 195, 0, 2, 122)
(202, 224, 6, 8, 170)
(262, 223, 13, 0, 158)
(266, 102, 2, 2, 178)
(299, 65, 0, 44, 133)
(273, 81, 0, 104, 235)
(298, 171, 0, 30, 176)
(249, 212, 2, 0, 234)
(139, 179, 1, 13, 60)
(275, 170, 0, 9, 151)
(62, 179, 4, 2, 191)
(186, 224, 14, 0, 20)
(189, 186, 1, 1, 86)
(126, 116, 0, 31, 40)
(299, 16, 0, 161, 147)
(299, 202, 0, 4, 254)
(101, 146, 65, 0, 159)
(87, 141, 16, 3, 195)
(143, 34, 6, 4, 109)
(286, 0, 0, 76, 45)
(227, 26, 1, 34, 198)
(257, 134, 0, 27, 133)
(256, 93, 0, 21, 95)
(299, 159, 0, 50, 11)
(116, 52, 9, 4, 113)
(193, 45, 3, 6, 170)
(163, 164, 2, 14, 155)
(299, 50, 0, 130, 69)
(299, 217, 0, 5, 231)
(299, 74, 0, 11, 146)
(32, 218, 156, 0, 224)
(168, 200, 0, 4, 157)
(117, 201, 133, 0, 136)
(232, 183, 0, 5, 209)
(208, 132, 12, 7, 247)
(268, 194, 0, 30, 186)
(18, 224, 207, 0, 108)
(199, 183, 3, 3, 177)
(111, 203, 153, 0, 246)
(253, 224, 0, 0, 150)
(286, 126, 4, 2, 235)
(296, 98, 0, 97, 134)
(79, 125, 14, 3, 235)
(299, 183, 0, 0, 208)
(266, 119, 0, 55, 175)
(107, 167, 20, 1, 158)
(273, 166, 3, 2, 186)
(279, 191, 0, 33, 139)
(201, 184, 1, 10, 193)
(202, 184, 29, 0, 255)
(43, 54, 5, 8, 112)
(208, 224, 26, 0, 112)
(91, 205, 49, 0, 0)
(74, 138, 77, 0, 28)
(207, 146, 4, 4, 153)
(294, 186, 1, 5, 173)
(158, 165, 135, 0, 235)
(255, 41, 0, 144, 54)
(165, 224, 67, 0, 50)
(289, 161, 0, 40, 75)
(94, 224, 184, 0, 179)
(208, 200, 91, 0, 13)
(213, 202, 1, 2, 212)
(289, 155, 4, 1, 212)
(266, 217, 0, 0, 173)
(261, 51, 1, 9, 226)
(115, 200, 4, 0, 60)
(240, 143, 2, 3, 226)
(97, 220, 0, 4, 37)
(238, 97, 1, 4, 235)
(112, 42, 125, 0, 129)
(208, 224, 40, 0, 134)
(136, 98, 1, 2, 56)
(158, 214, 39, 0, 156)
(299, 74, 0, 106, 29)
(278, 0, 2, 5, 141)
(288, 56, 8, 8, 204)
(285, 71, 3, 7, 154)
(134, 25, 0, 28, 69)
(210, 46, 4, 3, 139)
(299, 147, 0, 0, 172)
(286, 58, 0, 16, 120)
(297, 191, 0, 37, 126)
(115, 40, 3, 7, 173)
(122, 90, 2, 4, 216)
(154, 216, 56, 0, 216)
(6, 116, 18, 4, 121)
(68, 113, 14, 4, 106)
(299, 133, 0, 17, 136)
(238, 111, 4, 3, 105)
(188, 40, 3, 19, 155)
(266, 155, 4, 1, 168)
(64, 224, 157, 0, 197)
(99, 0, 15, 18, 216)
(298, 4, 0, 47, 233)
(215, 224, 0, 0, 114)
(299, 0, 0, 168, 244)
(292, 177, 5, 2, 187)
(279, 11, 0, 20, 58)
(27, 159, 7, 13, 65)
(225, 216, 74, 0, 245)
(299, 176, 0, 1, 255)
(110, 185, 2, 5, 239)
(90, 133, 3, 7, 102)
(89, 213, 7, 2, 216)
(121, 221, 3, 3, 187)
(299, 96, 0, 6, 0)
(245, 172, 14, 1, 203)
(52, 214, 71, 0, 23)
(266, 207, 30, 0, 42)
(216, 108, 1, 18, 104)
(252, 216, 3, 3, 172)
(127, 201, 0, 0, 87)
(253, 157, 0, 0, 175)
(283, 224, 11, 0, 171)
(164, 162, 3, 8, 169)
(225, 161, 5, 4, 183)
(111, 204, 10, 1, 146)
(244, 221, 7, 1, 149)
(176, 205, 77, 0, 77)
(0, 188, 16, 1, 111)
(109, 185, 34, 0, 242)
(0, 212, 90, 0, 211)
(228, 224, 28, 0, 70)
(211, 166, 4, 1, 165)
(291, 207, 5, 0, 22)
(276, 67, 0, 43, 161)
(274, 224, 25, 0, 55)
(137, 201, 2, 4, 221)
(208, 33, 6, 4, 227)
(50, 185, 3, 5, 210)
(222, 156, 1, 5, 88)
(100, 194, 13, 0, 93)
(287, 224, 0, 0, 116)
(172, 222, 36, 0, 126)
(299, 192, 0, 3, 240)
(270, 170, 0, 6, 30)
(144, 209, 145, 0, 114)
(218, 153, 7, 4, 107)
(27, 75, 6, 4, 197)
(86, 146, 0, 77, 0)
(269, 189, 0, 10, 72)
(99, 169, 10, 4, 172)
(256, 187, 3, 1, 158)
(254, 154, 0, 26, 168)
(287, 22, 1, 3, 224)
(24, 186, 100, 0, 88)
(126, 186, 3, 3, 182)
(226, 186, 11, 0, 68)
(299, 0, 0, 169, 89)
(299, 1, 0, 0, 0)
(266, 176, 0, 33, 169)
(120, 90, 2, 5, 94)
(280, 196, 12, 1, 195)
(220, 204, 68, 0, 92)
(54, 195, 8, 4, 220)
(283, 67, 0, 37, 191)
(90, 215, 46, 0, 196)
(83, 77, 10, 4, 142)
(133, 94, 78, 0, 0)
(260, 66, 0, 102, 196)
(296, 92, 3, 1, 148)
(259, 101, 0, 0, 183)
(51, 209, 0, 15, 114)
(281, 212, 0, 12, 0)
(287, 162, 3, 4, 231)
(0, 195, 0, 0, 81)
(97, 221, 6, 3, 204)
(87, 63, 7, 14, 197)
(275, 224, 37, 0, 108)
(251, 47, 0, 108, 253)
(191, 129, 3, 2, 252)
(219, 173, 0, 35, 149)
(258, 90, 0, 41, 252)
(3, 183, 103, 0, 59)
(7, 143, 5, 1, 58)
(224, 100, 0, 55, 157)
(232, 161, 67, 0, 85)
(216, 155, 13, 3, 103)
(297, 135, 3, 3, 181)
(280, 188, 0, 0, 10)
(299, 55, 0, 146, 99)
(268, 214, 22, 1, 154)
(292, 211, 0, 13, 58)
(299, 161, 0, 28, 108)
(295, 201, 0, 23, 238)
(299, 158, 13, 1, 104)
(9, 186, 163, 0, 27)
(215, 224, 20, 0, 0)
(296, 189, 0, 0, 40)
(276, 144, 0, 2, 229)
(279, 90, 2, 3, 203)
(276, 189, 3, 3, 178)
(252, 206, 26, 0, 135)
(299, 97, 0, 15, 0)
(226, 26, 49, 0, 138)
(25, 44, 6, 9, 198)
(299, 210, 0, 0, 115)
(27, 211, 9, 6, 191)
(299, 179, 0, 15, 52)
(261, 202, 8, 1, 197)
(233, 212, 33, 0, 194)
(122, 224, 11, 2, 190)
(21, 224, 104, 0, 214)
(165, 215, 6, 0, 44)
(299, 154, 0, 39, 0)
(74, 220, 8, 2, 154)
(120, 20, 9, 5, 171)
(299, 133, 0, 0, 242)
(167, 194, 18, 0, 24)
(99, 115, 0, 41, 12)
(294, 115, 5, 2, 216)
(294, 139, 0, 25, 111)
(87, 156, 2, 8, 65)
(170, 159, 54, 0, 255)
(261, 161, 1, 3, 208)
(13, 224, 192, 0, 121)
(62, 205, 147, 0, 72)
(228, 196, 0, 0, 124)
(70, 224, 73, 0, 226)
(214, 96, 3, 6, 126)
(102, 12, 0, 162, 1)
(274, 188, 41, 0, 255)
(261, 224, 38, 0, 129)
(166, 202, 158, 0, 152)
(226, 119, 3, 2, 205)
(244, 16, 2, 3, 141)
(299, 48, 0, 173, 58)
(50, 224, 6, 0, 130)
(284, 159, 2, 1, 201)
(284, 120, 2, 4, 137)
(93, 208, 0, 21, 222)
(50, 104, 4, 19, 197)
(272, 44, 0, 42, 47)
(290, 137, 9, 2, 203)
(290, 168, 0, 21, 41)
(157, 214, 77, 0, 0)
(265, 129, 0, 32, 235)
(299, 185, 0, 17, 56)
(296, 77, 1, 7, 160)
(58, 210, 25, 0, 184)
(250, 60, 0, 1, 118)
(29, 21, 4, 18, 215)
(141, 218, 5, 1, 238)
(42, 154, 6, 5, 201)
(41, 224, 105, 0, 222)
(265, 60, 9, 3, 197)
(139, 1, 0, 32, 255)
(255, 17, 0, 0, 85)
(116, 224, 20, 0, 96)
(159, 224, 0, 0, 192)
(273, 156, 0, 28, 82)
(286, 195, 0, 6, 0)
(189, 182, 61, 0, 27)
(299, 46, 0, 114, 216)
(296, 193, 3, 0, 186)
(0, 142, 87, 0, 192)
(151, 220, 3, 2, 226)
(285, 157, 0, 0, 47)
(293, 117, 6, 7, 196)
(291, 159, 1, 1, 148)
(188, 122, 2, 13, 243)
(219, 224, 63, 0, 157)
(113, 201, 22, 0, 142)
(272, 14, 0, 74, 55)
(278, 82, 0, 97, 181)
(112, 224, 175, 0, 65)
(216, 79, 1, 4, 223)
(283, 129, 6, 2, 201)
(276, 62, 0, 120, 9)
(12, 210, 206, 0, 171)
(299, 94, 0, 105, 167)
(202, 14, 17, 9, 228)
(125, 139, 9, 0, 6)
(126, 98, 17, 0, 83)
(76, 138, 7, 1, 128)
(274, 58, 0, 163, 54)
(271, 137, 4, 2, 218)
(253, 134, 0, 64, 177)
(51, 61, 8, 7, 210)
(299, 150, 0, 13, 171)
(275, 108, 5, 0, 210)
(78, 142, 4, 1, 129)
(142, 224, 90, 0, 81)
(249, 47, 0, 28, 0)
(263, 106, 4, 2, 214)
(83, 196, 17, 0, 148)
(299, 25, 0, 0, 96)
(257, 25, 0, 32, 8)
(265, 189, 8, 1, 169)
(299, 213, 0, 6, 248)
(155, 197, 1, 0, 106)
(288, 124, 0, 50, 59)
(286, 135, 5, 1, 188)
(0, 97, 0, 24, 0)
(282, 208, 0, 0, 134)
(38, 224, 101, 0, 81)
(299, 71, 0, 32, 57)
(299, 120, 0, 22, 255)
(255, 224, 36, 0, 94)
(276, 219, 2, 3, 167)
(135, 224, 47, 0, 135)
(299, 202, 0, 0, 93)
(269, 162, 1, 15, 217)
(292, 168, 0, 39, 19)
(0, 222, 0, 1, 182)
(50, 158, 3, 6, 107)
(108, 30, 0, 133, 255)
(248, 85, 1, 14, 167)
(202, 224, 97, 0, 181)
(299, 19, 0, 91, 200)
(299, 207, 0, 7, 136)
(138, 224, 6, 0, 100)
(258, 157, 0, 33, 87)
(130, 75, 2, 5, 159)
(280, 84, 0, 77, 141)
(125, 224, 0, 0, 208)
(4, 206, 77, 0, 126)
(32, 199, 11, 10, 207)
(153, 165, 120, 0, 142)
(27, 180, 4, 3, 189)
(277, 202, 9, 3, 166)
(299, 101, 0, 25, 144)
(141, 199, 5, 5, 140)
(206, 103, 6, 5, 117)
(295, 187, 4, 0, 0)
(228, 216, 15, 1, 172)
(105, 36, 4, 14, 88)
(299, 218, 0, 0, 155)
(278, 161, 0, 34, 0)
(235, 163, 0, 5, 15)
(194, 202, 2, 1, 209)
(299, 9, 0, 173, 9)
(269, 211, 4, 3, 169)
(296, 224, 0, 0, 90)
(271, 190, 28, 0, 230)
(270, 203, 26, 0, 97)
(58, 140, 6, 5, 242)
(221, 37, 53, 0, 121)
(222, 33, 4, 2, 230)
(239, 222, 3, 1, 96)
(283, 224, 26, 0, 88)
(90, 194, 9, 0, 194)
(299, 143, 7, 7, 208)
(253, 206, 5, 1, 203)
(206, 224, 20, 0, 76)
(81, 224, 150, 0, 121)
(277, 179, 0, 17, 0)
(289, 46, 0, 58, 164)
(294, 186, 0, 0, 78)
(290, 128, 0, 56, 255)
(297, 65, 2, 2, 178)
(230, 188, 33, 0, 79)
(222, 138, 0, 54, 161)
(275, 75, 0, 155, 250)
(3, 84, 5, 3, 200)
(290, 221, 0, 3, 30)
(289, 196, 0, 0, 63)
(270, 143, 0, 16, 93)
(278, 224, 1, 0, 28)
(263, 222, 4, 2, 150)
(263, 204, 6, 2, 164)
(134, 154, 1, 2, 218)
(120, 215, 179, 0, 191)
(230, 77, 0, 108, 129)
(247, 203, 35, 0, 43)
(216, 125, 0, 2, 156)
(250, 206, 44, 0, 107)
(57, 21, 15, 2, 213)
(260, 137, 0, 46, 65)
(121, 184, 117, 0, 32)
(270, 207, 5, 2, 172)
(0, 148, 1, 2, 34)
(233, 213, 46, 0, 136)
(71, 59, 0, 116, 65)
(299, 36, 0, 12, 52)
(155, 211, 114, 0, 189)
(213, 126, 3, 2, 172)
(40, 79, 15, 4, 212)
(299, 196, 0, 21, 61)
(87, 98, 20, 1, 138)
(48, 210, 189, 0, 96)
(296, 146, 1, 5, 160)
(108, 149, 0, 0, 217)
(16, 197, 0, 9, 8)
(218, 196, 20, 1, 222)
(228, 201, 0, 14, 130)
(266, 204, 0, 7, 200)
(282, 222, 3, 1, 209)
(167, 156, 22, 0, 128)
(162, 166, 2, 9, 139)
(299, 164, 0, 3, 138)
(277, 41, 0, 74, 45)
(132, 155, 2, 15, 220)
(117, 201, 9, 2, 223)
(24, 215, 51, 0, 69)
(274, 199, 0, 4, 149)
(294, 101, 2, 2, 218)
(198, 156, 50, 0, 240)
(221, 203, 0, 0, 170)
(74, 218, 0, 28, 124)
(0, 28, 40, 0, 205)
(147, 151, 2, 9, 238)
(156, 170, 1, 8, 79)
(221, 166, 0, 5, 242)
(40, 67, 3, 2, 128)
(261, 112, 5, 5, 207)
(269, 35, 0, 78, 72)
(254, 200, 2, 2, 179)
(299, 107, 0, 10, 224)
(286, 108, 1, 1, 230)
(299, 212, 11, 0, 34)
(299, 202, 0, 22, 114)
(195, 216, 37, 0, 255)
(221, 224, 4, 11, 126)
(173, 212, 3, 2, 255)
(65, 210, 3, 4, 195)
(238, 193, 15, 3, 172)
(251, 75, 1, 21, 186)
(251, 170, 10, 1, 224)
(288, 197, 0, 8, 91)
(224, 215, 31, 0, 0)
(281, 178, 0, 31, 29)
(299, 67, 0, 32, 225)
(285, 159, 0, 64, 193)
(0, 50, 47, 0, 255)
(264, 59, 0, 119, 120)
(189, 198, 37, 0, 178)
(206, 224, 64, 0, 107)
(248, 36, 27, 0, 17)
(299, 47, 0, 171, 127)
(132, 8, 4, 3, 91)
(262, 96, 0, 46, 77)
(231, 66, 16, 3, 196)
(276, 142, 0, 19, 167)
(184, 12, 27, 0, 189)
(279, 188, 0, 19, 147)
(40, 220, 260, 0, 60)
(29, 224, 95, 0, 45)
(299, 206, 0, 0, 78)
(299, 181, 17, 2, 198)
(253, 158, 11, 1, 225)
(248, 142, 1, 4, 185)
(14, 208, 67, 0, 154)
(296, 102, 2, 3, 161)
(92, 36, 3, 6, 173)
(267, 19, 0, 124, 147)
(255, 209, 0, 0, 53)
(84, 189, 6, 3, 133)
(242, 54, 1, 8, 213)
(16, 180, 3, 2, 151)
(13, 149, 0, 32, 11)
(130, 207, 2, 13, 215)
(140, 223, 97, 0, 222)
(299, 214, 0, 0, 88)
(112, 208, 113, 0, 251)
(245, 106, 2, 3, 137)
(111, 0, 6, 5, 222)
(245, 205, 12, 0, 180)
(154, 42, 3, 2, 163)
(81, 204, 52, 0, 68)
(244, 145, 4, 3, 237)
(167, 203, 3, 3, 125)
(119, 208, 26, 0, 50)
(293, 209, 2, 1, 155)
(11, 224, 165, 0, 181)
(221, 141, 13, 4, 253)
(88, 51, 8, 8, 136)
(265, 147, 0, 71, 213)
(185, 121, 4, 2, 125)
(299, 76, 0, 26, 22)
(212, 127, 0, 5, 230)
(175, 201, 49, 0, 131)
(170, 224, 0, 0, 250)
(268, 122, 21, 0, 81)
(133, 44, 4, 4, 108)
(299, 219, 0, 0, 56)
(109, 224, 13, 0, 255)
(17, 4, 48, 11, 200)
(298, 156, 0, 16, 254)
(239, 197, 1, 0, 38)
(188, 90, 5, 7, 141)
(39, 188, 146, 0, 142)
(62, 186, 20, 2, 98)
(66, 224, 146, 0, 45)
(61, 224, 50, 0, 228)
(146, 224, 58, 0, 176)
(275, 65, 0, 62, 198)
(248, 168, 6, 1, 203)
(223, 224, 30, 0, 0)
(145, 207, 3, 5, 185)
(111, 195, 2, 6, 119)
(243, 206, 0, 0, 98)
(258, 121, 28, 0, 215)
(93, 221, 3, 3, 184)
(282, 120, 0, 21, 217)
(299, 153, 0, 71, 234)
(60, 153, 5, 3, 237)
(287, 192, 5, 0, 117)
(9, 207, 164, 0, 170)
(58, 127, 16, 0, 55)
(262, 5, 0, 191, 228)
(299, 11, 0, 0, 251)
(174, 106, 0, 40, 49)
(287, 218, 6, 1, 111)
(171, 224, 73, 0, 56)
(157, 218, 18, 1, 229)
(89, 207, 0, 0, 67)
(211, 186, 0, 17, 217)
(251, 34, 2, 5, 174)
(170, 59, 6, 3, 200)
(131, 0, 0, 81, 107)
(277, 201, 0, 0, 202)
(147, 0, 5, 3, 158)
(260, 120, 3, 1, 130)
(208, 146, 1, 3, 244)
(211, 100, 2, 18, 113)
(294, 121, 0, 18, 192)
(267, 60, 3, 3, 186)
(8, 224, 122, 0, 27)
(264, 135, 4, 3, 113)
(66, 217, 134, 0, 192)
(96, 224, 178, 0, 146)
(68, 214, 184, 0, 230)
(31, 224, 61, 0, 255)
(283, 136, 3, 5, 163)
(223, 220, 59, 0, 196)
(275, 138, 5, 3, 191)
(29, 153, 79, 0, 70)
(261, 124, 12, 0, 22)
(279, 214, 0, 0, 192)
(259, 99, 0, 29, 157)
(228, 214, 33, 0, 67)
(280, 203, 0, 21, 149)
(119, 175, 1, 1, 133)
(285, 71, 0, 86, 145)
(80, 190, 141, 0, 204)
(180, 208, 19, 0, 86)
(98, 219, 72, 0, 145)
(292, 30, 4, 2, 142)
(247, 8, 2, 6, 222)
(175, 211, 25, 0, 182)
(147, 4, 1, 3, 144)
(267, 217, 2, 1, 168)
(234, 110, 24, 0, 21)
(204, 13, 17, 0, 243)
(9, 76, 3, 10, 136)
(284, 152, 0, 31, 174)
(276, 169, 2, 1, 185)
(299, 81, 0, 71, 90)
(38, 48, 0, 14, 174)
(121, 189, 4, 2, 245)
(22, 129, 0, 66, 177)
(295, 188, 1, 4, 168)
(162, 224, 86, 0, 192)
(196, 201, 3, 1, 188)
(100, 156, 3, 5, 172)
(210, 129, 0, 18, 183)
(280, 100, 0, 19, 68)
(57, 123, 111, 0, 62)
(275, 213, 5, 2, 154)
(137, 214, 3, 5, 180)
(241, 208, 6, 6, 187)
(77, 204, 9, 2, 190)
(209, 218, 27, 0, 178)
(54, 109, 1, 8, 237)
(299, 4, 0, 113, 161)
(284, 54, 0, 77, 31)
(0, 224, 32, 0, 216)
(249, 81, 0, 93, 138)
(94, 56, 0, 54, 64)
(159, 56, 90, 0, 218)
(289, 85, 10, 0, 227)
(259, 224, 33, 0, 167)
(14, 224, 239, 0, 89)
(265, 18, 1, 13, 208)
(262, 169, 6, 1, 173)
(158, 214, 30, 1, 205)
(177, 163, 0, 2, 72)
(96, 224, 175, 0, 255)
(74, 224, 111, 0, 125)
(74, 220, 24, 0, 50)
(279, 105, 0, 87, 105)
(265, 203, 34, 0, 232)
(289, 96, 0, 115, 0)
(224, 159, 1, 1, 209)
(26, 213, 138, 0, 229)
(283, 97, 0, 107, 0)
(28, 224, 0, 0, 3)
(192, 127, 1, 19, 247)
(288, 199, 11, 0, 39)
(277, 178, 0, 9, 99)
(252, 224, 0, 0, 220)
(287, 27, 0, 204, 33)
(299, 53, 0, 54, 231)
(182, 39, 2, 3, 133)
(190, 198, 0, 26, 191)
(266, 6, 1, 5, 141)
(143, 88, 2, 3, 74)
(299, 190, 0, 34, 158)
(241, 137, 1, 1, 121)
(124, 106, 11, 7, 154)
(277, 61, 0, 44, 88)
(292, 210, 0, 14, 45)
(88, 183, 116, 0, 13)
(253, 192, 31, 2, 174)
(226, 170, 43, 0, 189)
(272, 193, 5, 6, 173)
(299, 220, 4, 1, 113)
(279, 208, 0, 0, 30)
(299, 67, 0, 19, 22)
(250, 204, 0, 14, 74)
(89, 23, 1, 13, 163)
(282, 175, 6, 2, 231)
(22, 208, 125, 0, 219)
(150, 92, 2, 8, 192)
(188, 155, 0, 34, 112)
(200, 71, 2, 2, 100)
(73, 189, 0, 25, 64)
(286, 77, 2, 2, 202)
(299, 180, 0, 7, 125)
(12, 162, 3, 5, 65)
(267, 198, 0, 20, 136)
(275, 140, 0, 39, 208)
(238, 221, 2, 1, 110)
(256, 224, 0, 0, 140)
(299, 191, 0, 24, 6)
(120, 202, 0, 7, 110)
(192, 147, 2, 13, 181)
(269, 108, 0, 39, 221)
(251, 224, 0, 0, 73)
(185, 140, 4, 4, 198)
(245, 54, 6, 3, 188)
(0, 49, 10, 11, 186)
(91, 224, 5, 18, 188)
(215, 156, 1, 1, 142)
(202, 55, 6, 8, 192)
(100, 224, 78, 0, 101)
(278, 163, 2, 4, 230)
(252, 33, 0, 0, 129)
(29, 145, 7, 9, 163)
(120, 173, 4, 5, 78)
(202, 167, 10, 3, 236)
(255, 208, 2, 2, 166)
(244, 190, 26, 2, 188)
(88, 213, 208, 0, 208)
(77, 197, 78, 0, 24)
(170, 147, 2, 11, 158)
(45, 224, 235, 0, 63)
(226, 139, 11, 2, 235)
(288, 184, 0, 14, 173)
(125, 203, 14, 0, 108)
(299, 40, 0, 92, 151)
(296, 54, 0, 0, 213)
(223, 224, 0, 0, 3)
(280, 100, 0, 63, 228)
(230, 182, 69, 0, 127)
(230, 213, 4, 0, 121)
(62, 46, 20, 2, 223)
(299, 65, 0, 10, 47)
(284, 86, 0, 65, 115)
(299, 140, 0, 59, 84)
(299, 109, 0, 61, 183)
(72, 168, 69, 0, 56)
(287, 140, 1, 2, 154)
(267, 173, 19, 0, 116)
(253, 101, 4, 5, 203)
(113, 180, 3, 4, 209)
(133, 215, 98, 0, 141)
(158, 178, 22, 0, 173)
(289, 72, 10, 0, 61)
(37, 148, 130, 0, 178)
(243, 143, 8, 1, 137)
(253, 148, 4, 1, 221)
(148, 216, 93, 0, 5)
(281, 129, 0, 91, 34)
(217, 127, 8, 4, 221)
(103, 68, 4, 6, 110)
(299, 156, 0, 17, 176)
(299, 54, 0, 124, 83)
(299, 18, 0, 9, 17)
(157, 174, 10, 1, 98)
(294, 133, 0, 15, 147)
(251, 178, 37, 0, 138)
(59, 10, 0, 136, 244)
(72, 224, 128, 0, 166)
(299, 39, 0, 63, 132)
(200, 191, 0, 18, 171)
(263, 125, 0, 36, 87)
(273, 224, 0, 0, 52)
(45, 2, 186, 0, 77)
(178, 144, 5, 6, 248)
(64, 223, 225, 0, 175)
(271, 0, 0, 44, 33)
(299, 203, 0, 4, 205)
(1, 206, 0, 0, 118)
(49, 68, 0, 33, 23)
(139, 0, 2, 6, 194)
(250, 17, 0, 109, 110)
(277, 170, 0, 0, 168)
(299, 162, 0, 19, 193)
(298, 42, 1, 3, 193)
(151, 221, 33, 0, 103)
(276, 175, 19, 1, 232)
(216, 58, 0, 113, 57)
(209, 106, 14, 3, 152)
(291, 63, 0, 188, 56)
(267, 220, 0, 0, 157)
(225, 224, 0, 0, 176)
(183, 106, 12, 2, 207)
(232, 207, 0, 6, 67)
(139, 219, 125, 0, 193)
(279, 1, 0, 48, 189)
(264, 183, 0, 5, 195)
(38, 152, 2, 7, 131)
(286, 210, 1, 2, 201)
(222, 71, 0, 86, 65)
(5, 224, 119, 0, 129)
(70, 212, 0, 0, 7)
(139, 163, 73, 0, 0)
(279, 150, 0, 36, 19)
(85, 224, 33, 0, 39)
(52, 176, 9, 0, 1)
(8, 207, 0, 16, 170)
(280, 26, 8, 2, 213)
(299, 32, 0, 126, 98)
(100, 214, 129, 0, 61)
(16, 218, 4, 1, 156)
(214, 198, 66, 0, 81)
(289, 224, 0, 0, 103)
(293, 104, 3, 2, 153)
(50, 9, 0, 162, 75)
(295, 28, 0, 7, 228)
(105, 215, 3, 2, 220)
(274, 60, 4, 1, 208)
(264, 157, 0, 6, 178)
(17, 224, 54, 0, 136)
(93, 135, 2, 9, 185)
(289, 129, 0, 84, 148)
(293, 184, 6, 0, 79)
(165, 223, 35, 0, 130)
(176, 205, 3, 3, 217)
(44, 105, 90, 0, 196)
(292, 159, 0, 0, 255)
(272, 108, 0, 0, 219)
(294, 224, 0, 0, 205)
(236, 191, 0, 30, 55)
(299, 98, 0, 126, 47)
(70, 152, 8, 5, 122)
(275, 45, 0, 82, 242)
(218, 205, 0, 0, 197)
(233, 159, 6, 2, 239)
(299, 193, 1, 4, 165)
(135, 224, 138, 0, 0)
(233, 224, 40, 0, 0)
(102, 201, 10, 1, 95)
(291, 73, 8, 1, 146)
(134, 186, 3, 4, 90)
(264, 224, 14, 0, 75)
(144, 224, 53, 0, 74)
(73, 179, 226, 0, 192)
(286, 80, 0, 70, 129)
(299, 21, 0, 11, 243)
(299, 160, 0, 19, 205)
(296, 224, 3, 0, 202)
(151, 191, 5, 1, 64)
(208, 224, 0, 0, 97)
(265, 94, 0, 126, 51)
(0, 64, 19, 6, 97)
(75, 224, 106, 0, 234)
(207, 157, 6, 2, 190)
(223, 104, 0, 39, 60)
(32, 122, 4, 16, 201)
(299, 10, 0, 54, 196)
(169, 176, 1, 14, 119)
(266, 34, 7, 2, 233)
(299, 189, 0, 16, 166)
(253, 151, 3, 1, 99)
(133, 127, 88, 0, 73)
(192, 224, 0, 0, 24)
(247, 145, 4, 1, 243)
(240, 224, 26, 0, 48)
(237, 150, 2, 5, 123)
(88, 224, 175, 0, 156)
(299, 131, 0, 67, 86)
(221, 224, 0, 0, 171)
(266, 223, 33, 0, 131)
(255, 19, 1, 5, 148)
(116, 213, 201, 0, 82)
(88, 141, 15, 0, 146)
(242, 213, 13, 0, 41)
(270, 204, 3, 1, 193)
(169, 63, 4, 8, 162)
(279, 61, 1, 4, 140)
(63, 186, 94, 0, 58)
(204, 63, 1, 17, 127)
(281, 224, 18, 0, 34)
(299, 224, 0, 19, 255)
(119, 224, 59, 0, 139)
(238, 70, 0, 89, 165)
(47, 83, 10, 3, 208)
(95, 152, 13, 0, 243)
(299, 182, 0, 42, 157)
(252, 19, 2, 4, 211)
(150, 192, 80, 0, 65)
(262, 224, 0, 0, 37)
(220, 158, 0, 53, 10)
(34, 221, 4, 2, 184)
(299, 76, 0, 46, 35)
(299, 185, 0, 39, 109)
(284, 74, 0, 20, 136)
(67, 83, 183, 0, 145)
(114, 136, 18, 0, 255)
(284, 224, 15, 0, 150)
(229, 83, 5, 3, 157)
(261, 28, 0, 86, 196)
(164, 193, 4, 1, 236)
(266, 33, 0, 42, 238)
(204, 205, 25, 2, 211)
(285, 188, 14, 0, 170)
(299, 35, 0, 57, 52)
(61, 162, 5, 2, 192)
(269, 150, 0, 25, 99)
(261, 222, 38, 0, 178)
(224, 224, 7, 0, 11)
(80, 187, 4, 2, 112)
(142, 149, 11, 1, 227)
(252, 15, 4, 5, 172)
(212, 196, 0, 0, 7)
(31, 141, 4, 3, 215)
(262, 54, 27, 0, 189)
(261, 31, 0, 179, 101)
(231, 49, 14, 2, 188)
(167, 170, 6, 3, 219)
(112, 224, 68, 0, 159)
(299, 149, 0, 11, 212)
(183, 188, 2, 4, 151)
(12, 217, 2, 3, 225)
(173, 193, 2, 4, 96)
(182, 188, 1, 6, 197)
(262, 164, 0, 9, 133)
(216, 211, 49, 0, 121)
(295, 205, 7, 1, 159)
(257, 169, 9, 0, 46)
(284, 224, 0, 0, 46)
(299, 109, 0, 0, 179)
(278, 223, 2, 1, 217)
(205, 217, 94, 0, 25)
(299, 195, 0, 8, 166)
(250, 188, 2, 2, 212)
(236, 157, 8, 1, 201)
(294, 77, 4, 3, 160)
(299, 190, 0, 0, 237)
(242, 224, 3, 6, 154)
(258, 104, 0, 119, 67)
(267, 69, 0, 85, 82)
(292, 147, 1, 6, 177)
(292, 133, 0, 36, 51)
(280, 128, 0, 1, 0)
(183, 216, 0, 0, 181)
(5, 221, 0, 0, 0)
(221, 110, 0, 114, 21)
(65, 223, 181, 0, 183)
(243, 148, 1, 7, 222)
(209, 70, 3, 3, 235)
(227, 202, 0, 0, 0)
(281, 206, 1, 2, 182)
(296, 177, 3, 0, 190)
(285, 130, 0, 40, 39)
(226, 122, 0, 0, 107)
(151, 195, 148, 0, 245)
(19, 171, 136, 0, 224)
(291, 24, 0, 192, 0)
(214, 83, 2, 1, 207)
(298, 224, 1, 2, 97)
(181, 221, 86, 0, 0)
(299, 171, 0, 40, 169)
(299, 186, 0, 0, 62)
(252, 126, 0, 0, 192)
(189, 104, 0, 96, 133)
(236, 224, 40, 0, 209)
(138, 160, 1, 21, 171)
(235, 223, 2, 1, 172)
(26, 224, 8, 1, 184)
(269, 30, 0, 76, 22)
(35, 101, 147, 0, 157)
(166, 69, 0, 21, 203)
(294, 224, 1, 0, 139)
(299, 146, 0, 40, 246)
(296, 154, 8, 1, 193)
(299, 39, 0, 150, 102)
(188, 173, 37, 0, 255)
(169, 165, 4, 6, 232)
(142, 201, 125, 0, 88)
(203, 217, 0, 0, 127)
(9, 224, 75, 0, 184)
(231, 223, 4, 1, 87)
(245, 224, 38, 0, 200)
(266, 206, 10, 0, 79)
(299, 154, 0, 20, 87)
(211, 193, 4, 3, 148)
(208, 190, 0, 16, 32)
(299, 206, 0, 6, 30)
(297, 20, 0, 0, 179)
(299, 187, 0, 14, 236)
(68, 205, 30, 0, 138)
(237, 155, 2, 5, 230)
(277, 83, 0, 21, 255)
(238, 40, 0, 129, 83)
(159, 104, 1, 32, 154)
(278, 118, 0, 106, 92)
(299, 121, 0, 13, 94)
(272, 206, 10, 1, 184)
(36, 224, 0, 5, 151)
(204, 190, 34, 0, 70)
(5, 46, 0, 5, 185)
(299, 177, 0, 0, 0)
(291, 167, 0, 11, 241)
(139, 210, 6, 1, 203)
(299, 61, 0, 17, 21)
(120, 224, 95, 0, 53)
(225, 224, 59, 0, 129)
(276, 64, 0, 73, 136)
(235, 187, 29, 0, 160)
(144, 113, 2, 4, 194)
(299, 224, 0, 0, 90)
(75, 175, 8, 3, 132)
(149, 205, 7, 1, 137)
(291, 18, 0, 48, 221)
(299, 222, 0, 0, 125)
(294, 199, 5, 1, 158)
(54, 165, 165, 0, 168)
(45, 194, 13, 1, 222)
(299, 162, 0, 17, 204)
(110, 199, 65, 0, 200)
(158, 80, 5, 5, 130)
(232, 223, 3, 0, 182)
(197, 210, 15, 0, 246)
(69, 203, 128, 0, 51)
(110, 205, 5, 1, 212)
(125, 54, 1, 3, 96)
(167, 210, 73, 0, 137)
(277, 108, 0, 133, 187)
(194, 172, 24, 0, 9)
(187, 224, 53, 0, 0)
(20, 144, 161, 0, 68)
(101, 217, 3, 3, 194)
(289, 105, 0, 105, 182)
(296, 95, 2, 2, 236)
(296, 209, 15, 0, 198)
(164, 214, 77, 0, 128)
(271, 109, 0, 88, 53)
(131, 167, 1, 1, 97)
(172, 224, 38, 0, 124)
(273, 161, 0, 8, 234)
(299, 31, 0, 0, 70)
(171, 203, 9, 1, 201)
(8, 194, 6, 12, 201)
(231, 121, 2, 9, 86)
(241, 131, 0, 73, 20)
(298, 191, 1, 1, 153)
(163, 207, 111, 0, 189)
(234, 220, 0, 0, 174)
(299, 87, 0, 88, 99)
(104, 82, 0, 24, 233)
(115, 210, 130, 0, 234)
(127, 224, 111, 0, 106)
(295, 185, 0, 2, 155)
(252, 183, 6, 2, 193)
(299, 140, 0, 10, 92)
(114, 184, 123, 0, 239)
(299, 125, 0, 0, 195)
(109, 129, 168, 0, 97)
(239, 224, 28, 0, 63)
(220, 124, 8, 2, 130)
(299, 14, 0, 1, 228)
(267, 4, 0, 136, 184)
(245, 70, 2, 6, 170)
(239, 144, 0, 0, 81)
(148, 42, 0, 46, 46)
(84, 183, 49, 0, 253)
(211, 170, 8, 1, 226)
(14, 198, 143, 0, 255)
(225, 197, 27, 0, 163)
(17, 151, 9, 9, 84)
(299, 163, 0, 34, 121)
(285, 208, 1, 1, 188)
(194, 199, 60, 0, 101)
(101, 1, 0, 154, 142)
(147, 98, 57, 0, 43)
(229, 213, 17, 0, 8)
(278, 214, 0, 0, 75)
(124, 180, 1, 11, 225)
(27, 147, 35, 0, 170)
(290, 81, 0, 84, 124)
(299, 79, 0, 100, 49)
(279, 145, 20, 0, 179)
(299, 224, 0, 0, 240)
(116, 107, 0, 0, 53)
(263, 204, 0, 0, 69)
(299, 117, 0, 63, 136)
(56, 146, 9, 1, 240)
(274, 169, 1, 3, 238)
(131, 198, 3, 2, 225)
(128, 178, 0, 13, 153)
(289, 124, 0, 64, 99)
(79, 204, 87, 0, 204)
(212, 183, 52, 0, 88)
(241, 205, 5, 3, 181)
(180, 178, 0, 22, 194)
(211, 154, 0, 0, 137)
(299, 62, 0, 81, 30)
(86, 179, 120, 0, 206)
(292, 56, 0, 115, 76)
(148, 198, 178, 0, 174)
(175, 180, 34, 0, 63)
(216, 119, 9, 0, 78)
(279, 97, 1, 4, 206)
(295, 15, 4, 1, 142)
(169, 84, 2, 14, 118)
(290, 16, 0, 202, 70)
(9, 184, 35, 0, 131)
(164, 78, 0, 87, 59)
(299, 193, 0, 4, 196)
(299, 197, 0, 0, 103)
(223, 179, 3, 0, 121)
(271, 57, 0, 163, 212)
(149, 70, 5, 4, 116)
(299, 131, 0, 0, 165)
(253, 62, 0, 0, 246)
(299, 74, 21, 1, 181)
(216, 210, 53, 0, 153)
(69, 198, 3, 7, 214)
(226, 224, 2, 0, 37)
(253, 224, 1, 5, 225)
(299, 83, 0, 16, 117)
(274, 200, 0, 0, 173)
(251, 221, 3, 2, 170)
(167, 205, 35, 0, 210)
(274, 224, 21, 0, 139)
(134, 206, 44, 0, 237)
(217, 222, 7, 2, 144)
(225, 175, 0, 38, 177)
(82, 111, 0, 3, 0)
(203, 224, 0, 0, 140)
(291, 107, 8, 1, 173)
(191, 224, 50, 0, 187)
(202, 52, 2, 7, 173)
(132, 29, 2, 9, 201)
(273, 199, 4, 1, 200)
(248, 184, 0, 0, 34)
(225, 153, 0, 0, 122)
(288, 206, 11, 0, 202)
(106, 179, 102, 0, 106)
(53, 202, 173, 0, 19)
(273, 25, 0, 180, 166)
(299, 132, 0, 0, 63)
(204, 209, 5, 0, 144)
(147, 195, 6, 1, 249)
(228, 207, 7, 3, 186)
(148, 216, 15, 2, 206)
(296, 198, 2, 1, 181)
(87, 201, 3, 2, 179)
(0, 136, 66, 0, 236)
(299, 65, 0, 113, 63)
(215, 7, 0, 168, 51)
(196, 135, 2, 3, 157)
(22, 224, 206, 0, 161)
(292, 105, 0, 0, 197)
(299, 218, 11, 0, 64)
(282, 99, 0, 50, 165)
(258, 189, 15, 0, 26)
(299, 59, 0, 41, 163)
(30, 149, 3, 5, 159)
(103, 157, 6, 2, 203)
(263, 219, 9, 2, 141)
(213, 203, 0, 18, 50)
(299, 42, 0, 30, 53)
(18, 160, 0, 0, 228)
(202, 79, 24, 0, 121)
(299, 106, 0, 42, 237)
(251, 124, 0, 0, 114)
(174, 176, 11, 0, 105)
(12, 0, 87, 0, 158)
(136, 181, 0, 2, 214)
(124, 105, 0, 121, 137)
(299, 114, 0, 62, 20)
(249, 43, 0, 70, 14)
(299, 184, 0, 33, 109)
(244, 194, 0, 5, 120)
(270, 74, 0, 101, 241)
(22, 167, 5, 0, 39)
(299, 136, 0, 70, 21)
(8, 145, 3, 3, 116)
(172, 206, 13, 0, 10)
(299, 83, 2, 7, 223)
(151, 219, 5, 1, 198)
(117, 205, 82, 0, 166)
(279, 219, 36, 0, 215)
(62, 137, 23, 1, 135)
(176, 130, 3, 16, 128)
(172, 14, 43, 2, 226)
(299, 0, 0, 144, 138)
(252, 182, 0, 11, 71)
(44, 224, 62, 0, 110)
(261, 86, 0, 76, 22)
(299, 224, 0, 0, 243)
(133, 214, 0, 6, 255)
(85, 173, 13, 1, 252)
(229, 224, 70, 0, 185)
(234, 125, 1, 11, 97)
(299, 224, 0, 0, 251)
(71, 91, 3, 5, 63)
(249, 0, 4, 2, 198)
(266, 16, 0, 113, 215)
(288, 192, 0, 6, 178)
(148, 203, 132, 0, 196)
(145, 203, 87, 0, 126)
(299, 2, 0, 63, 58)
(159, 99, 96, 0, 23)
(272, 186, 0, 4, 202)
(215, 177, 17, 0, 13)
(57, 62, 132, 0, 141)
(188, 175, 8, 3, 233)
(299, 203, 0, 11, 42)
(213, 179, 0, 0, 104)
(267, 172, 29, 0, 0)
(265, 175, 41, 0, 0)
(281, 205, 0, 0, 255)
(234, 55, 0, 141, 2)
(39, 40, 0, 15, 12)
(95, 222, 223, 0, 74)
(157, 166, 63, 0, 184)
(299, 205, 0, 10, 2)
(142, 104, 16, 0, 30)
(19, 220, 272, 0, 172)
(183, 211, 28, 0, 111)
(127, 9, 2, 14, 176)
(299, 190, 0, 0, 224)
(105, 218, 8, 1, 221)
(271, 207, 0, 12, 110)
(292, 44, 2, 6, 184)
(275, 0, 0, 25, 150)
(299, 123, 0, 51, 91)
(137, 181, 2, 16, 87)
(299, 9, 0, 86, 73)
(91, 224, 33, 0, 154)
(70, 42, 4, 4, 164)
(96, 211, 125, 0, 204)
(102, 101, 5, 19, 214)
(64, 224, 64, 0, 20)
(204, 214, 110, 0, 138)
(238, 224, 0, 0, 71)
(176, 161, 1, 3, 143)
(267, 140, 0, 69, 2)
(96, 169, 9, 1, 126)
(92, 207, 190, 0, 168)
(113, 64, 3, 3, 124)
(91, 106, 2, 5, 167)
(299, 8, 0, 87, 185)
(220, 224, 14, 0, 63)
(134, 224, 35, 0, 9)
(270, 186, 0, 18, 184)
(33, 203, 161, 0, 56)
(299, 214, 0, 0, 113)
(276, 65, 0, 0, 227)
(245, 164, 17, 1, 215)
(264, 149, 6, 2, 224)
(135, 149, 4, 4, 205)
(34, 153, 154, 0, 233)
(233, 29, 0, 32, 88)
(86, 203, 65, 0, 0)
(52, 209, 32, 2, 229)
(299, 65, 0, 73, 70)
(291, 26, 0, 66, 246)
(99, 214, 105, 0, 176)
(276, 19, 1, 4, 183)
(272, 91, 0, 119, 218)
(103, 79, 0, 145, 103)
(0, 71, 10, 6, 61)
(17, 224, 0, 0, 191)
(245, 156, 0, 0, 60)
(123, 198, 4, 2, 147)
(299, 172, 0, 0, 95)
(275, 214, 20, 0, 30)
(127, 64, 0, 50, 65)
(275, 48, 6, 1, 165)
(204, 192, 1, 3, 155)
(177, 0, 0, 178, 0)
(294, 145, 5, 1, 144)
(214, 149, 0, 56, 66)
(158, 224, 83, 0, 38)
(235, 162, 12, 1, 172)
(276, 162, 15, 0, 154)
(299, 186, 0, 0, 13)
(65, 223, 139, 0, 170)
(251, 220, 105, 0, 236)
(297, 72, 1, 0, 26)
(299, 156, 0, 67, 135)
(67, 224, 232, 0, 169)
(15, 224, 77, 0, 38)
(62, 42, 0, 16, 145)
(271, 206, 4, 1, 167)
(211, 131, 0, 68, 133)
(299, 78, 0, 74, 44)
(296, 178, 8, 3, 202)
(232, 188, 0, 2, 58)
(115, 42, 1, 2, 93)
(134, 14, 3, 10, 88)
(224, 221, 2, 3, 159)
(295, 116, 0, 6, 214)
(222, 143, 0, 0, 176)
(299, 84, 0, 7, 255)
(283, 40, 0, 38, 76)
(98, 132, 2, 2, 126)
(299, 198, 0, 0, 37)
(52, 201, 95, 0, 181)
(258, 224, 3, 1, 148)
(299, 198, 2, 1, 149)
(181, 201, 103, 0, 157)
(177, 108, 1, 3, 239)
(65, 192, 192, 0, 168)
(297, 47, 0, 81, 20)
(210, 119, 1, 5, 185)
(299, 25, 0, 80, 47)
(248, 124, 0, 10, 191)
(192, 188, 40, 0, 20)
(230, 62, 0, 112, 171)
(280, 20, 0, 16, 186)
(299, 224, 0, 0, 64)
(299, 95, 0, 118, 111)
(299, 44, 0, 38, 202)
(264, 47, 0, 0, 213)
(222, 78, 62, 0, 69)
(212, 68, 2, 10, 171)
(200, 156, 94, 0, 92)
(70, 191, 10, 4, 218)
(299, 194, 0, 19, 243)
(291, 224, 16, 0, 200)
(266, 61, 0, 23, 150)
(260, 0, 0, 57, 255)
(299, 29, 0, 81, 237)
(150, 224, 13, 0, 109)
(299, 201, 0, 15, 59)
(0, 181, 15, 1, 161)
(145, 224, 0, 0, 3)
(67, 120, 177, 0, 157)
(181, 196, 0, 0, 224)
(0, 154, 4, 6, 37)
(131, 224, 131, 0, 28)
(22, 194, 0, 0, 91)
(45, 212, 254, 0, 198)
(299, 176, 0, 7, 74)
(294, 215, 2, 1, 160)
(260, 214, 0, 11, 123)
(233, 112, 25, 0, 86)
(178, 199, 45, 0, 155)
(292, 134, 15, 1, 224)
(273, 209, 20, 0, 105)
(299, 65, 0, 34, 41)
(4, 28, 3, 7, 133)
(202, 37, 0, 48, 228)
(162, 59, 0, 0, 158)
(278, 132, 0, 77, 234)
(289, 136, 0, 14, 177)
(299, 102, 0, 20, 118)
(196, 224, 53, 0, 116)
(56, 212, 4, 7, 202)
(255, 160, 25, 1, 141)
(182, 104, 95, 0, 42)
(294, 206, 0, 0, 244)
(93, 224, 62, 0, 141)
(280, 25, 0, 178, 96)
(258, 183, 0, 37, 241)
(19, 220, 5, 1, 179)
(299, 119, 0, 65, 216)
(0, 140, 113, 0, 156)
(283, 94, 12, 0, 85)
(237, 24, 1, 6, 204)
(239, 151, 3, 5, 242)
(229, 67, 0, 93, 239)
(250, 224, 1, 4, 169)
(293, 94, 1, 7, 147)
(100, 223, 22, 1, 199)
(117, 10, 93, 0, 85)
(239, 168, 0, 13, 222)
(139, 204, 6, 1, 244)
(299, 185, 0, 10, 11)
(299, 47, 0, 71, 59)
(229, 41, 0, 18, 141)
(289, 129, 0, 48, 144)
(4, 224, 141, 0, 147)
(89, 189, 1, 2, 99)
(299, 94, 0, 58, 151)
(192, 194, 0, 0, 121)
(162, 224, 85, 0, 50)
(194, 111, 13, 2, 155)
(82, 191, 21, 0, 0)
(299, 42, 0, 72, 137)
(265, 152, 2, 3, 211)
(286, 224, 0, 0, 239)
(228, 224, 60, 0, 214)
(299, 119, 4, 0, 61)
(270, 0, 3, 10, 161)
(299, 47, 0, 15, 28)
(226, 199, 0, 0, 87)
(222, 224, 28, 0, 95)
(222, 142, 7, 4, 252)
(257, 133, 0, 62, 195)
(120, 115, 79, 0, 255)
(290, 44, 0, 53, 38)
(244, 157, 0, 0, 255)
(286, 93, 0, 0, 118)
(59, 182, 0, 0, 11)
(34, 224, 200, 0, 27)
(270, 153, 2, 4, 216)
(299, 116, 0, 0, 63)
(114, 167, 3, 2, 177)
(220, 166, 12, 4, 246)
(299, 154, 1, 2, 168)
(282, 83, 2, 3, 155)
(196, 137, 0, 0, 7)
(29, 168, 129, 0, 223)
(165, 36, 1, 39, 191)
(227, 105, 0, 5, 115)
(128, 224, 171, 0, 177)
(239, 48, 4, 5, 173)
(273, 78, 0, 19, 0)
(298, 38, 0, 139, 153)
(293, 108, 1, 11, 228)
(61, 197, 0, 8, 110)
(112, 213, 59, 0, 203)
(283, 181, 13, 1, 205)
(299, 1, 0, 12, 81)
(219, 130, 10, 2, 248)
(173, 202, 6, 0, 148)
(112, 152, 3, 3, 49)
(238, 224, 61, 0, 152)
(12, 224, 44, 0, 153)
(85, 217, 16, 0, 92)
(274, 132, 2, 3, 181)
(264, 191, 0, 33, 209)
(175, 204, 3, 3, 181)
(235, 66, 1, 4, 121)
(240, 160, 43, 0, 233)
(299, 103, 0, 0, 56)
(4, 54, 2, 16, 94)
(272, 25, 0, 59, 54)
(298, 85, 5, 2, 179)
(181, 224, 22, 0, 212)
(98, 175, 0, 45, 133)
(173, 167, 27, 0, 234)
(142, 224, 108, 0, 4)
(262, 34, 0, 71, 231)
(299, 38, 0, 174, 74)
(281, 164, 3, 4, 204)
(115, 170, 7, 4, 239)
(162, 224, 9, 1, 205)
(162, 187, 0, 20, 255)
(36, 115, 17, 2, 159)
(257, 79, 6, 2, 210)
(210, 128, 5, 1, 92)
(224, 152, 0, 28, 0)
(208, 224, 91, 0, 219)
(256, 222, 3, 1, 130)
(183, 162, 0, 0, 24)
(237, 176, 0, 14, 176)
(66, 224, 133, 0, 67)
(276, 136, 23, 0, 211)
(89, 224, 107, 0, 115)
(88, 200, 104, 0, 174)
(238, 26, 4, 4, 159)
(185, 224, 1, 8, 157)
(155, 224, 18, 0, 68)
(83, 219, 0, 0, 230)
(242, 206, 34, 0, 72)
(299, 131, 0, 0, 97)
(247, 43, 3, 4, 224)
(60, 100, 5, 1, 171)
(279, 224, 20, 0, 4)
(289, 115, 4, 1, 181)
(258, 224, 33, 0, 122)
(201, 115, 6, 7, 91)
(208, 189, 2, 3, 161)
(299, 146, 0, 78, 103)
(197, 224, 32, 0, 229)
(271, 221, 3, 1, 172)
(179, 189, 4, 2, 211)
(299, 206, 0, 18, 224)
(259, 80, 0, 137, 255)
(246, 121, 34, 0, 184)
(107, 207, 0, 0, 212)
(299, 43, 0, 13, 2)
(254, 224, 1, 14, 172)
(168, 22, 67, 3, 230)
(259, 93, 0, 66, 224)
(164, 203, 145, 0, 162)
(135, 224, 158, 0, 233)
(167, 145, 15, 0, 35)
(293, 50, 2, 3, 229)
(151, 80, 0, 20, 200)
(284, 224, 3, 0, 53)
(233, 102, 18, 2, 206)
(299, 89, 0, 21, 255)
(100, 51, 42, 0, 94)
(148, 85, 3, 2, 54)
(110, 222, 118, 0, 53)
(299, 163, 0, 0, 213)
(194, 50, 5, 3, 223)
(44, 203, 195, 0, 28)
(234, 194, 44, 0, 117)
(299, 174, 0, 50, 63)
(286, 72, 0, 127, 99)
(192, 58, 4, 5, 142)
(217, 164, 13, 0, 126)
(265, 65, 7, 2, 187)
(298, 148, 0, 27, 67)
(170, 16, 4, 13, 236)
(87, 215, 0, 4, 0)
(267, 134, 0, 0, 125)
(90, 192, 77, 0, 117)
(277, 29, 3, 8, 199)
(10, 188, 0, 27, 163)
(222, 19, 0, 21, 173)
(221, 65, 2, 9, 136)
(299, 203, 0, 30, 34)
(143, 191, 140, 0, 193)
(254, 34, 1, 4, 222)
(240, 189, 0, 9, 152)
(179, 224, 31, 0, 23)
(248, 224, 17, 0, 253)
(23, 101, 2, 10, 178)
(164, 224, 0, 0, 252)
(274, 189, 0, 0, 153)
(70, 78, 6, 9, 191)
(174, 101, 1, 8, 199)
(204, 221, 0, 3, 215)
(201, 214, 39, 0, 201)
(289, 217, 0, 0, 211)
(299, 221, 0, 0, 45)
(172, 179, 1, 5, 170)
(0, 90, 20, 0, 113)
(276, 62, 0, 94, 219)
(77, 94, 2, 6, 48)
(95, 212, 0, 0, 252)
(299, 222, 0, 0, 40)
(147, 208, 81, 0, 238)
(142, 47, 0, 36, 74)
(198, 12, 28, 0, 238)
(178, 98, 2, 3, 122)
(293, 53, 3, 2, 168)
(64, 215, 54, 0, 128)
(299, 196, 0, 17, 150)
(0, 221, 105, 0, 84)
(292, 222, 3, 2, 125)
(299, 11, 7, 7, 164)
(175, 214, 49, 0, 53)
(198, 202, 74, 0, 168)
(213, 215, 0, 0, 50)
(24, 63, 3, 5, 68)
(244, 206, 0, 26, 95)
(283, 155, 0, 69, 255)
(143, 58, 22, 0, 110)
(240, 198, 3, 5, 207)
(234, 106, 0, 36, 104)
(96, 195, 2, 2, 89)
(274, 167, 0, 16, 25)
(294, 224, 1, 3, 126)
(233, 76, 0, 0, 24)
(133, 169, 1, 6, 137)
(294, 26, 3, 1, 150)
(30, 224, 0, 0, 140)
(299, 224, 0, 0, 4)
(240, 224, 0, 0, 27)
(225, 143, 0, 0, 0)
(291, 75, 3, 4, 201)
(279, 37, 0, 14, 40)
(58, 218, 58, 0, 97)
(24, 224, 116, 0, 165)
(241, 5, 0, 162, 196)
(217, 203, 2, 2, 228)
(248, 208, 1, 2, 169)
(227, 194, 33, 0, 44)
(254, 15, 6, 3, 199)
(296, 203, 3, 2, 163)
(148, 149, 3, 3, 151)
(299, 198, 0, 0, 11)
(277, 82, 0, 46, 185)
(184, 0, 0, 28, 227)
(290, 6, 2, 2, 142)
(180, 198, 0, 6, 183)
(299, 49, 0, 0, 31)
(85, 125, 6, 5, 234)
(299, 103, 0, 34, 11)
(166, 196, 133, 0, 170)
(282, 192, 2, 2, 187)
(276, 223, 0, 0, 209)
(235, 143, 0, 4, 205)
(172, 175, 27, 0, 135)
(251, 38, 3, 4, 217)
(196, 165, 7, 3, 254)
(4, 224, 126, 0, 66)
(189, 169, 4, 0, 19)
(270, 210, 10, 0, 80)
(197, 53, 2, 5, 101)
(299, 102, 0, 108, 24)
(56, 101, 0, 81, 32)
(35, 224, 24, 0, 127)
(168, 69, 0, 137, 97)
(251, 224, 78, 0, 105)
(290, 77, 1, 3, 222)
(133, 220, 0, 4, 139)
(217, 92, 5, 3, 109)
(64, 125, 67, 0, 42)
(247, 76, 0, 159, 192)
(77, 156, 4, 3, 163)
(249, 133, 0, 8, 24)
(238, 100, 5, 6, 190)
(250, 64, 1, 5, 195)
(278, 176, 0, 0, 57)
(269, 42, 29, 0, 195)
(45, 216, 39, 0, 180)
(276, 0, 0, 29, 79)
(28, 170, 224, 0, 90)
(285, 224, 30, 0, 0)
(282, 213, 0, 24, 215)
(245, 174, 6, 1, 207)
(241, 74, 0, 45, 230)
(109, 89, 7, 3, 174)
(214, 127, 80, 0, 183)
(275, 125, 6, 2, 130)
(278, 144, 0, 27, 162)
(89, 17, 23, 4, 221)
(269, 24, 2, 2, 230)
(62, 224, 121, 0, 239)
(146, 191, 3, 2, 242)
(290, 224, 0, 3, 180)
(234, 39, 6, 2, 146)
(118, 69, 178, 0, 175)
(156, 197, 3, 4, 247)
(148, 224, 137, 0, 228)
(229, 173, 33, 0, 215)
(215, 194, 2, 4, 161)
(299, 69, 0, 53, 236)
(299, 177, 0, 0, 0)
(106, 189, 2, 1, 94)
(171, 206, 0, 16, 115)
(299, 0, 0, 83, 159)
(119, 115, 21, 0, 233)
(32, 214, 21, 0, 112)
(299, 124, 0, 91, 32)
(292, 134, 3, 2, 222)
(299, 74, 0, 59, 116)
(263, 218, 18, 1, 160)
(299, 224, 0, 0, 123)
(105, 134, 0, 0, 131)
(12, 224, 7, 3, 217)
(149, 184, 3, 7, 102)
(117, 209, 119, 0, 12)
(20, 224, 66, 0, 134)
(256, 94, 3, 1, 105)
(117, 14, 3, 3, 80)
(262, 198, 11, 1, 196)
(29, 189, 6, 1, 110)
(171, 187, 2, 6, 102)
(36, 222, 0, 14, 80)
(158, 110, 1, 24, 112)
(229, 224, 18, 0, 252)
(261, 167, 0, 56, 202)
(272, 12, 0, 85, 196)
(18, 78, 3, 5, 190)
(281, 105, 0, 58, 175)
(195, 208, 32, 1, 211)
(183, 215, 70, 0, 163)
(245, 187, 0, 0, 110)
(107, 224, 175, 0, 14)
(254, 125, 0, 70, 130)
(289, 192, 0, 0, 132)
(156, 92, 0, 12, 157)
(274, 104, 0, 12, 75)
(25, 212, 21, 1, 189)
(120, 121, 22, 3, 209)
(173, 202, 0, 0, 33)
(216, 177, 65, 0, 81)
(108, 144, 6, 3, 167)
(293, 224, 0, 0, 181)
(299, 90, 0, 10, 200)
(177, 224, 67, 0, 199)
(106, 224, 160, 0, 64)
(263, 223, 1, 1, 123)
(223, 49, 6, 0, 38)
(299, 37, 0, 8, 89)
(128, 48, 2, 2, 88)
(233, 224, 66, 0, 76)
(234, 161, 4, 1, 223)
(294, 35, 0, 137, 110)
(13, 218, 197, 0, 209)
(153, 224, 95, 0, 148)
(230, 211, 0, 9, 96)
(38, 224, 16, 0, 46)
(23, 78, 5, 8, 111)
(138, 163, 0, 6, 72)
(17, 128, 1, 20, 144)
(241, 164, 0, 18, 31)
(18, 84, 25, 3, 125)
(280, 218, 19, 0, 204)
(266, 137, 4, 2, 179)
(270, 148, 1, 4, 178)
(224, 172, 17, 0, 47)
(299, 7, 0, 57, 171)
(231, 178, 10, 3, 232)
(263, 216, 4, 2, 177)
(299, 47, 20, 2, 177)
(295, 220, 4, 1, 107)
(256, 0, 0, 35, 45)
(299, 0, 0, 218, 150)
(241, 84, 1, 6, 219)
(117, 4, 4, 5, 196)
(299, 219, 0, 0, 70)
(8, 213, 23, 3, 185)
(82, 158, 0, 34, 59)
(0, 199, 43, 0, 75)
(291, 160, 2, 1, 215)
(299, 41, 0, 10, 161)
(249, 182, 19, 0, 71)
(215, 195, 22, 0, 182)
(252, 123, 0, 63, 170)
(218, 203, 56, 0, 21)
(294, 17, 1, 4, 141)
(121, 203, 0, 0, 50)
(248, 106, 14, 0, 171)
(251, 179, 22, 0, 216)
(36, 153, 3, 8, 98)
(274, 193, 0, 0, 190)
(24, 220, 255, 0, 74)
(188, 223, 0, 0, 95)
(252, 212, 20, 1, 178)
(271, 126, 4, 1, 211)
(299, 28, 0, 0, 111)
(155, 211, 116, 0, 176)
(71, 209, 26, 0, 90)
(275, 145, 0, 6, 115)
(32, 111, 4, 10, 118)
(299, 141, 0, 1, 226)
(5, 224, 158, 0, 45)
(140, 223, 129, 0, 117)
(266, 196, 3, 2, 171)
(229, 195, 0, 13, 142)
(181, 149, 2, 10, 123)
(299, 32, 0, 168, 127)
(241, 149, 0, 6, 0)
(103, 77, 1, 25, 169)
(277, 218, 1, 1, 180)
(92, 214, 187, 0, 206)
(269, 178, 22, 0, 139)
(145, 172, 0, 17, 190)
(153, 12, 0, 108, 142)
(296, 159, 0, 46, 76)
(54, 206, 91, 0, 237)
(45, 216, 0, 0, 232)
(27, 195, 86, 0, 37)
(208, 186, 4, 3, 255)
(88, 47, 0, 28, 149)
(206, 154, 2, 4, 245)
(67, 51, 3, 6, 244)
(90, 224, 0, 0, 203)
(211, 198, 28, 0, 161)
(243, 224, 0, 7, 203)
(299, 159, 0, 33, 20)
(187, 221, 8, 0, 5)
(267, 195, 0, 0, 128)
(269, 178, 0, 23, 24)
(111, 224, 5, 5, 208)
(26, 224, 246, 0, 212)
(215, 0, 50, 0, 0)
(272, 224, 23, 0, 233)
(279, 212, 0, 0, 199)
(243, 203, 0, 0, 1)
(12, 119, 1, 3, 209)
(275, 0, 0, 23, 171)
(299, 125, 0, 87, 16)
(201, 194, 0, 20, 8)
(128, 220, 11, 1, 191)
(299, 15, 0, 54, 220)
(247, 81, 0, 0, 160)
(192, 111, 23, 0, 33)
(254, 0, 2, 3, 146)
(151, 182, 2, 4, 191)
(256, 224, 11, 0, 183)
(219, 136, 8, 0, 22)
(280, 207, 21, 0, 156)
(192, 137, 4, 4, 254)
(297, 46, 2, 2, 217)
(267, 160, 0, 12, 51)
(299, 58, 0, 69, 161)
(274, 159, 0, 75, 66)
(197, 121, 0, 10, 76)
(92, 224, 1, 0, 42)
(130, 224, 2, 0, 71)
(185, 224, 0, 0, 222)
(283, 69, 4, 2, 230)
(299, 208, 0, 16, 194)
(299, 84, 0, 97, 255)
(258, 108, 41, 0, 229)
(225, 48, 12, 2, 206)
(151, 224, 53, 0, 215)
(258, 123, 5, 8, 201)
(223, 55, 2, 5, 122)
(269, 19, 0, 98, 31)
(0, 144, 266, 0, 101)
(238, 224, 0, 0, 132)
(227, 138, 9, 1, 216)
(296, 29, 0, 21, 174)
(299, 195, 0, 7, 176)
(299, 123, 0, 5, 196)
(111, 206, 106, 0, 28)
(109, 17, 3, 8, 198)
(276, 184, 2, 0, 62)
(271, 161, 3, 2, 194)
(282, 61, 0, 0, 0)
(212, 219, 87, 0, 123)
(254, 190, 44, 0, 156)
(93, 215, 1, 2, 204)
(240, 76, 59, 0, 90)
(299, 205, 0, 0, 0)
(107, 137, 115, 0, 50)
(291, 54, 0, 26, 248)
(280, 224, 6, 15, 202)
(0, 156, 94, 0, 72)
(141, 224, 132, 0, 89)
(296, 117, 2, 1, 144)
(57, 139, 5, 2, 151)
(0, 224, 65, 0, 111)
(299, 215, 0, 12, 255)
(254, 167, 0, 24, 133)
(295, 185, 0, 18, 126)
(63, 224, 29, 0, 131)
(173, 77, 10, 6, 112)
(205, 215, 8, 2, 194)
(211, 203, 0, 13, 125)
(271, 182, 28, 0, 163)
(190, 161, 1, 1, 195)
(42, 224, 91, 0, 123)
(299, 187, 0, 0, 244)
(133, 224, 72, 0, 10)
(199, 117, 1, 22, 128)
(225, 103, 0, 70, 87)
(287, 40, 0, 92, 50)
(263, 191, 36, 0, 163)
(271, 157, 0, 22, 12)
(47, 203, 102, 0, 0)
(111, 197, 73, 0, 32)
(299, 145, 0, 15, 122)
(280, 73, 0, 57, 0)
(219, 32, 4, 11, 156)
(133, 191, 1, 5, 154)
(92, 192, 71, 0, 208)
(243, 116, 0, 8, 8)
(299, 224, 0, 0, 211)
(258, 206, 11, 1, 168)
(267, 52, 3, 3, 208)
(287, 153, 3, 2, 170)
(30, 202, 0, 0, 203)
(84, 200, 182, 0, 64)
(98, 23, 2, 17, 206)
(274, 110, 0, 29, 170)
(260, 25, 2, 15, 158)
(249, 196, 1, 1, 211)
(266, 135, 0, 0, 198)
(257, 126, 23, 0, 0)
(237, 161, 0, 59, 192)
(266, 209, 0, 15, 20)
(279, 124, 11, 1, 119)
(123, 224, 39, 0, 189)
(132, 206, 6, 3, 164)
(98, 61, 0, 18, 255)
(298, 83, 1, 1, 231)
(124, 224, 0, 0, 86)
(271, 96, 0, 0, 9)
(250, 207, 0, 0, 51)
(299, 56, 0, 16, 206)
(113, 224, 84, 0, 82)
(291, 189, 0, 30, 164)
(254, 85, 0, 40, 130)
(232, 146, 0, 37, 149)
(57, 224, 64, 0, 243)
(240, 166, 3, 2, 204)
(265, 222, 22, 0, 61)
(113, 178, 3, 1, 95)
(216, 108, 2, 2, 118)
(73, 184, 87, 0, 52)
(297, 168, 0, 0, 227)
(293, 224, 0, 5, 81)
(54, 213, 5, 4, 224)
(280, 168, 0, 43, 176)
(111, 218, 49, 0, 186)
(197, 213, 12, 0, 56)
(274, 0, 0, 50, 63)
(254, 70, 0, 81, 136)
(194, 205, 67, 0, 110)
(155, 181, 0, 0, 241)
(192, 189, 0, 35, 90)
(285, 222, 1, 1, 223)
(182, 73, 1, 9, 123)
(239, 212, 0, 0, 8)
(265, 88, 0, 0, 195)
(151, 181, 0, 43, 142)
(287, 103, 0, 106, 209)
(267, 213, 0, 5, 218)
(69, 224, 184, 0, 135)
(0, 195, 151, 0, 119)
(184, 112, 0, 6, 202)
(184, 202, 0, 0, 84)
(205, 224, 60, 0, 228)
(64, 66, 0, 9, 21)
(239, 110, 0, 19, 142)
(159, 123, 1, 12, 84)
(278, 205, 0, 19, 197)
(242, 224, 25, 0, 98)
(263, 177, 0, 35, 26)
(267, 168, 33, 0, 122)
(284, 128, 0, 89, 255)
(254, 77, 4, 3, 164)
(161, 201, 3, 1, 91)
(269, 221, 0, 0, 151)
(251, 137, 1, 0, 246)
(285, 15, 3, 3, 225)
(277, 108, 0, 16, 207)
(124, 184, 18, 0, 229)
(93, 151, 101, 0, 38)
(275, 153, 4, 1, 184)
(70, 172, 6, 0, 204)
(280, 97, 1, 8, 165)
(117, 208, 100, 0, 30)
(271, 120, 0, 26, 204)
(230, 176, 62, 0, 72)
(285, 13, 0, 40, 110)
(220, 206, 66, 0, 182)
(192, 37, 1, 12, 208)
(246, 78, 3, 3, 135)
(78, 224, 183, 0, 161)
(249, 128, 0, 43, 184)
(86, 141, 4, 1, 85)
(299, 221, 0, 1, 29)
(247, 169, 0, 16, 103)
(273, 117, 0, 16, 62)
(299, 205, 0, 7, 108)
(249, 158, 0, 13, 100)
(125, 192, 133, 0, 136)
(270, 123, 0, 62, 191)
(145, 213, 5, 0, 171)
(16, 224, 178, 0, 27)
(299, 166, 0, 0, 133)
(290, 60, 0, 56, 125)
(204, 102, 5, 6, 111)
(69, 66, 18, 0, 232)
(219, 49, 0, 0, 150)
(44, 60, 0, 31, 12)
(299, 130, 0, 0, 207)
(292, 152, 4, 1, 167)
(35, 178, 29, 0, 200)
(299, 23, 0, 115, 165)
(240, 49, 0, 21, 94)
(187, 110, 0, 2, 107)
(58, 187, 241, 0, 119)
(268, 183, 23, 0, 91)
(299, 68, 0, 13, 168)
(272, 151, 0, 0, 47)
(211, 202, 51, 0, 238)
(107, 183, 5, 2, 131)
(203, 202, 1, 0, 120)
(256, 115, 1, 18, 182)
(173, 118, 0, 0, 147)
(238, 158, 0, 0, 2)
(285, 194, 0, 4, 161)
(168, 190, 2, 9, 248)
(294, 100, 0, 85, 131)
(284, 137, 0, 87, 101)
(253, 72, 2, 9, 137)
(299, 42, 0, 115, 195)
(245, 25, 18, 0, 0)
(191, 222, 0, 2, 241)
(252, 181, 7, 0, 154)
(207, 140, 1, 11, 148)
(271, 157, 0, 19, 129)
(196, 49, 63, 0, 211)
(107, 224, 90, 0, 48)
(201, 206, 77, 0, 0)
(298, 21, 0, 106, 135)
(299, 196, 0, 0, 175)
(140, 224, 94, 0, 50)
(32, 224, 235, 0, 0)
(276, 210, 5, 1, 143)
(208, 178, 54, 0, 76)
(111, 192, 99, 0, 186)
(72, 194, 163, 0, 2)
(143, 217, 69, 0, 125)
(127, 211, 99, 0, 38)
(299, 190, 0, 0, 0)
(261, 133, 0, 19, 10)
(299, 6, 0, 79, 78)
(257, 173, 3, 1, 149)
(218, 220, 1, 4, 160)
(37, 103, 2, 9, 169)
(299, 128, 0, 28, 174)
(71, 170, 23, 1, 246)
(72, 69, 20, 1, 156)
(270, 197, 6, 2, 198)
(263, 46, 36, 0, 255)
(294, 204, 1, 2, 174)
(23, 194, 36, 0, 54)
(264, 30, 6, 1, 214)
(142, 130, 3, 2, 87)
(297, 76, 0, 80, 200)
(253, 133, 2, 4, 156)
(0, 83, 136, 0, 239)
(86, 162, 8, 3, 61)
(62, 175, 221, 0, 212)
(66, 118, 9, 2, 148)
(299, 194, 0, 17, 89)
(270, 50, 0, 21, 220)
(228, 5, 2, 0, 191)
(252, 110, 0, 39, 166)
(230, 137, 0, 57, 105)
(292, 202, 1, 1, 167)
(274, 195, 5, 1, 164)
(7, 94, 8, 6, 79)
(106, 224, 3, 11, 164)
(254, 202, 2, 3, 164)
(285, 201, 0, 0, 40)
(250, 218, 0, 6, 184)
(284, 178, 0, 6, 186)
(261, 166, 0, 50, 27)
(285, 193, 10, 0, 158)
(262, 189, 40, 0, 125)
(299, 85, 0, 100, 94)
(123, 165, 99, 0, 12)
(122, 224, 87, 0, 17)
(291, 125, 6, 0, 213)
(240, 38, 0, 34, 16)
(299, 193, 0, 41, 39)
(166, 59, 0, 0, 170)
(16, 191, 32, 1, 218)
(65, 178, 24, 1, 152)
(99, 209, 1, 0, 0)
(273, 200, 0, 0, 72)
(299, 97, 0, 33, 165)
(171, 115, 0, 12, 244)
(252, 185, 4, 1, 219)
(252, 181, 2, 1, 209)
(102, 224, 130, 0, 118)
(191, 11, 37, 0, 26)
(263, 66, 22, 1, 186)
(286, 166, 8, 1, 247)
(230, 206, 0, 10, 14)
(74, 224, 21, 0, 216)
(205, 224, 68, 0, 145)
(202, 128, 7, 4, 146)
(282, 130, 0, 68, 61)
(57, 178, 19, 1, 142)
(299, 34, 0, 219, 58)
(52, 183, 180, 0, 199)
(290, 57, 9, 0, 199)
(243, 224, 45, 0, 0)
(34, 221, 265, 0, 206)
(227, 211, 31, 0, 160)
(273, 206, 0, 15, 13)
(107, 87, 117, 0, 211)
(285, 185, 0, 39, 45)
(129, 205, 7, 1, 179)
(139, 89, 82, 0, 23)
(10, 125, 132, 0, 109)
(52, 95, 4, 9, 135)
(230, 213, 29, 0, 140)
(281, 5, 0, 199, 184)
(149, 73, 67, 0, 106)
(299, 37, 0, 55, 92)
(238, 224, 0, 0, 176)
(111, 156, 2, 3, 240)
(90, 190, 237, 0, 96)
(256, 104, 0, 1, 73)
(278, 179, 0, 38, 177)
(195, 224, 28, 0, 236)
(274, 125, 2, 1, 227)
(274, 157, 2, 2, 123)
(173, 224, 90, 0, 83)
(154, 200, 46, 0, 236)
(271, 169, 3, 1, 251)
(52, 95, 0, 11, 143)
(283, 105, 2, 6, 157)
(191, 224, 52, 0, 61)
(299, 181, 1, 2, 185)
(216, 198, 3, 1, 165)
(147, 27, 54, 0, 100)
(41, 160, 2, 4, 78)
(206, 78, 4, 11, 98)
(182, 84, 0, 154, 250)
(0, 31, 3, 2, 193)
(178, 224, 0, 18, 98)
(136, 224, 47, 0, 108)
(299, 69, 0, 39, 203)
(281, 25, 0, 152, 35)
(299, 160, 0, 14, 21)
(221, 143, 6, 0, 43)
(226, 224, 36, 0, 19)
(259, 190, 0, 34, 71)
(290, 212, 1, 1, 199)
(299, 131, 3, 2, 186)
(158, 211, 30, 0, 175)
(232, 17, 2, 1, 171)
(299, 117, 0, 69, 124)
(162, 224, 53, 0, 23)
(269, 130, 0, 5, 120)
(93, 101, 3, 4, 197)
(299, 224, 0, 0, 209)
(29, 119, 3, 3, 201)
(230, 224, 0, 0, 166)
(168, 213, 72, 0, 115)
(188, 171, 3, 3, 254)
(273, 0, 0, 177, 202)
(176, 155, 0, 44, 230)
(163, 175, 1, 6, 176)
(248, 199, 1, 0, 221)
(286, 131, 5, 2, 229)
(282, 49, 0, 43, 0)
(299, 41, 0, 23, 177)
(24, 222, 230, 0, 187)
(105, 212, 52, 0, 68)
(249, 19, 0, 68, 130)
(206, 141, 22, 0, 122)
(231, 43, 14, 1, 170)
(63, 160, 9, 1, 180)
(0, 224, 0, 0, 221)
(187, 224, 0, 0, 254)
(273, 79, 0, 31, 124)
(172, 224, 127, 0, 154)
(299, 105, 0, 0, 41)
(153, 172, 114, 0, 103)
(286, 217, 0, 11, 11)
(178, 179, 108, 0, 255)
(252, 83, 0, 100, 33)
(92, 224, 11, 0, 116)
(265, 223, 1, 1, 179)
(299, 105, 0, 31, 228)
(230, 82, 0, 51, 98)
(23, 210, 1, 2, 199)
(169, 184, 37, 0, 73)
(233, 16, 1, 3, 123)
(290, 214, 0, 0, 175)
(279, 61, 3, 1, 168)
(0, 0, 0, 0, 0)
(0, 0, 0, 0, 0)
(0, 0, 0, 0, 0)
(0, 0, 0, 0, 0)
