Background: 197
(0, 39, 216, 152, 154)
(173, 165, 83, 25, 231)
(30, 113, 126, 44, 186)
(191, 97, 45, 30, 131)
(220, 214, 115, 13, 153)
(0, 60, 29, 130, 100)
(113, 0, 31, 41, 150)
(0, 159, 56, 18, 66)
(176, 63, 35, 38, 124)
(34, 189, 43, 25, 214)
(32, 35, 218, 41, 169)
(247, 0, 54, 95, 185)
(254, 185, 51, 29, 177)
(108, 190, 93, 13, 158)
(42, 63, 41, 23, 192)
(42, 158, 198, 7, 126)
(156, 0, 82, 29, 225)
(182, 132, 55, 17, 234)
(255, 163, 45, 16, 223)
(59, 95, 34, 13, 81)
(141, 98, 18, 29, 106)
(59, 182, 44, 7, 87)
(101, 101, 23, 21, 212)
(139, 164, 10, 24, 86)
(101, 134, 43, 6, 108)
(96, 207, 126, 9, 215)
(88, 26, 36, 34, 132)
(276, 35, 23, 36, 201)
(226, 27, 23, 58, 174)
(20, 69, 9, 76, 150)
(175, 54, 26, 22, 129)
(202, 189, 28, 19, 215)
(73, 169, 65, 12, 194)
(178, 153, 53, 9, 102)
(197, 108, 5, 42, 125)
(132, 140, 20, 25, 216)
(83, 200, 35, 5, 122)
(291, 184, 9, 9, 157)
(60, 147, 56, 11, 160)
(288, 217, 12, 12, 120)
(118, 181, 16, 38, 206)
(76, 159, 55, 8, 92)
(156, 162, 5, 22, 95)
(16, 133, 15, 8, 209)
(260, 207, 25, 12, 158)
(250, 0, 51, 16, 169)
(281, 155, 20, 6, 163)
(130, 36, 51, 27, 182)
(285, 88, 11, 4, 146)
(149, 185, 36, 21, 168)
(205, 153, 7, 6, 236)
(224, 210, 42, 8, 183)
(130, 70, 47, 30, 141)
(52, 219, 41, 10, 175)
(100, 154, 12, 9, 235)
(244, 184, 43, 17, 186)
(148, 54, 12, 2, 145)
(170, 157, 7, 17, 226)
(216, 221, 35, 3, 142)
(98, 74, 16, 27, 195)
(88, 199, 11, 9, 179)
(230, 110, 16, 19, 134)
(221, 130, 32, 7, 235)
(136, 70, 34, 10, 155)
(36, 141, 23, 11, 222)
(69, 172, 52, 2, 227)
(279, 101, 11, 5, 163)
(261, 53, 11, 27, 204)
(0, 150, 18, 28, 58)
(192, 162, 16, 30, 236)
(244, 198, 50, 3, 216)
(178, 151, 12, 15, 81)
(74, 0, 42, 20, 210)
(0, 211, 36, 10, 184)
(203, 67, 3, 72, 130)
(191, 114, 26, 15, 106)
(67, 103, 19, 13, 61)
(82, 130, 68, 6, 145)
(78, 196, 12, 5, 118)
(66, 59, 6, 13, 141)
(264, 105, 10, 25, 215)
(112, 70, 19, 21, 171)
(187, 20, 12, 21, 231)
(255, 223, 5, 1, 106)
(228, 43, 33, 18, 193)
(228, 97, 11, 12, 189)
(233, 124, 4, 14, 149)
(174, 223, 35, 2, 178)
(3, 28, 8, 20, 151)
(122, 190, 22, 7, 103)
(236, 94, 2, 69, 204)
(55, 126, 101, 3, 198)
(48, 105, 10, 20, 197)
(53, 158, 14, 6, 180)
(179, 119, 6, 20, 114)
(248, 168, 23, 6, 207)
(179, 42, 42, 10, 151)
(260, 49, 4, 20, 220)
(238, 0, 9, 15, 231)
(177, 144, 21, 7, 214)
(21, 33, 61, 16, 191)
(185, 108, 11, 14, 112)
(55, 193, 19, 17, 229)
(250, 143, 29, 8, 221)
(128, 172, 4, 27, 231)
(116, 204, 9, 4, 179)
(152, 162, 3, 26, 245)
(147, 193, 25, 4, 232)
(193, 99, 14, 6, 195)
(134, 185, 19, 6, 96)
(66, 179, 46, 2, 228)
(0, 224, 11, 1, 74)
(155, 193, 4, 21, 234)
(216, 87, 6, 26, 148)
(242, 201, 26, 1, 213)
(233, 15, 12, 18, 169)
(62, 88, 5, 27, 102)
(276, 71, 23, 6, 164)
(0, 116, 9, 15, 167)
(134, 23, 34, 10, 204)
(200, 124, 3, 21, 170)
(298, 194, 5, 22, 168)
(25, 190, 26, 21, 210)
(14, 82, 28, 22, 119)
(160, 189, 9, 4, 240)
(219, 216, 17, 5, 172)
(118, 174, 6, 12, 76)
(58, 49, 7, 12, 88)
(297, 94, 3, 23, 220)
(238, 192, 58, 5, 176)
(138, 217, 25, 10, 207)
(67, 7, 14, 51, 204)
(252, 42, 22, 5, 152)
(128, 144, 5, 14, 119)
(130, 99, 19, 9, 90)
(183, 165, 58, 1, 190)
(284, 177, 15, 4, 185)
(186, 202, 18, 12, 222)
(239, 152, 22, 3, 227)
(120, 224, 123, 0, 159)
(230, 27, 15, 14, 158)
(114, 185, 2, 19, 74)
(167, 198, 10, 3, 246)
(81, 21, 9, 12, 132)
(259, 131, 11, 12, 182)
(114, 154, 9, 10, 51)
(232, 156, 7, 5, 224)
(209, 174, 23, 7, 243)
(294, 34, 3, 10, 223)
(286, 167, 14, 4, 233)
(293, 157, 10, 3, 126)
(96, 88, 8, 14, 143)
(164, 134, 14, 16, 126)
(92, 26, 20, 10, 158)
(289, 112, 8, 25, 210)
(0, 202, 7, 22, 179)
(51, 134, 42, 4, 144)
(56, 167, 15, 7, 112)
(286, 183, 10, 12, 168)
(16, 140, 8, 12, 133)
(219, 224, 57, 1, 144)
(238, 57, 5, 14, 201)
(148, 209, 118, 0, 178)
(211, 31, 2, 13, 223)
(229, 205, 25, 9, 187)
(113, 168, 11, 4, 221)
(134, 200, 6, 6, 227)
(214, 166, 21, 10, 234)
(105, 178, 9, 11, 214)
(19, 12, 63, 13, 205)
(272, 79, 10, 5, 212)
(133, 206, 18, 4, 185)
(234, 72, 25, 9, 141)
(246, 106, 7, 23, 175)
(58, 119, 84, 10, 201)
(201, 148, 7, 6, 232)
(160, 195, 2, 4, 122)
(239, 179, 29, 2, 220)
(147, 63, 9, 11, 133)
(11, 211, 232, 0, 174)
(118, 190, 6, 1, 240)
(230, 119, 5, 11, 107)
(241, 113, 20, 4, 183)
(96, 129, 41, 5, 167)
(95, 216, 83, 2, 214)
(117, 44, 21, 6, 159)
(247, 204, 39, 2, 170)
(54, 87, 8, 14, 153)
(268, 135, 13, 3, 218)
(292, 8, 3, 10, 149)
(150, 131, 17, 12, 214)
(159, 123, 4, 23, 123)
(94, 211, 20, 7, 224)
(146, 197, 7, 9, 108)
(183, 196, 53, 2, 217)
(235, 12, 5, 4, 182)
(157, 192, 7, 5, 95)
(214, 187, 30, 4, 218)
(13, 215, 270, 0, 95)
(284, 187, 2, 8, 171)
(74, 124, 11, 10, 247)
(8, 212, 39, 1, 190)
(284, 58, 32, 12, 210)
(90, 189, 11, 3, 89)
(31, 100, 18, 29, 173)
(227, 66, 8, 20, 147)
(250, 159, 29, 3, 165)
(278, 223, 8, 2, 201)
(0, 35, 14, 14, 114)
(293, 209, 5, 3, 155)
(158, 90, 4, 18, 163)
(171, 151, 9, 5, 208)
(0, 91, 7, 8, 179)
(299, 98, 0, 126, 242)
(48, 224, 136, 0, 253)
(101, 171, 11, 6, 188)
(289, 70, 9, 2, 190)
(287, 201, 4, 12, 194)
(244, 183, 43, 4, 196)
(273, 222, 13, 1, 200)
(266, 20, 7, 21, 209)
(124, 169, 4, 6, 96)
(285, 81, 4, 10, 156)
(102, 138, 23, 4, 105)
(284, 45, 8, 13, 211)
(198, 96, 5, 3, 209)
(190, 126, 4, 27, 237)
(97, 133, 2, 17, 226)
(140, 115, 4, 15, 156)
(163, 146, 3, 8, 83)
(218, 213, 12, 3, 196)
(215, 150, 3, 4, 218)
(170, 187, 3, 5, 102)
(78, 18, 3, 8, 139)
(217, 25, 6, 10, 180)
(151, 10, 0, 57, 164)
(272, 109, 7, 7, 221)
(226, 90, 21, 8, 216)
(223, 80, 6, 15, 179)
(283, 215, 21, 3, 135)
(285, 196, 6, 7, 210)
(221, 160, 9, 6, 180)
(279, 133, 20, 2, 218)
(252, 222, 2, 5, 218)
(203, 103, 5, 6, 118)
(174, 202, 21, 2, 186)
(121, 223, 19, 7, 190)
(246, 174, 43, 3, 232)
(159, 214, 61, 2, 205)
(81, 157, 22, 12, 98)
(243, 70, 17, 11, 158)
(189, 65, 15, 22, 114)
(130, 210, 55, 4, 226)
(30, 177, 8, 9, 97)
(139, 164, 61, 0, 176)
(42, 178, 13, 13, 191)
(104, 218, 77, 2, 207)
(208, 112, 13, 7, 106)
(245, 103, 14, 10, 204)
(266, 141, 12, 3, 159)
(211, 77, 5, 13, 112)
(145, 190, 3, 5, 207)
(17, 192, 36, 9, 211)
(299, 173, 0, 42, 103)
(166, 150, 8, 8, 157)
(202, 98, 2, 6, 237)
(239, 222, 7, 1, 131)
(48, 208, 11, 11, 226)
(295, 219, 8, 6, 94)
(267, 3, 4, 10, 182)
(180, 45, 8, 32, 139)
(257, 146, 4, 13, 212)
(282, 154, 17, 3, 187)
(223, 55, 2, 10, 103)
(95, 224, 118, 0, 224)
(227, 147, 8, 8, 197)
(98, 27, 4, 25, 176)
(265, 176, 8, 4, 210)
(283, 219, 16, 1, 116)
(86, 213, 59, 0, 163)
(197, 220, 19, 3, 180)
(162, 103, 3, 27, 116)
(295, 7, 4, 7, 182)
(286, 218, 14, 2, 113)
(238, 222, 12, 2, 124)
(78, 92, 9, 18, 60)
(10, 127, 8, 8, 143)
(282, 29, 6, 5, 153)
(137, 0, 2, 13, 204)
(149, 81, 6, 9, 95)
(72, 181, 11, 9, 88)
(80, 138, 22, 8, 210)
(278, 86, 0, 14, 85)
(57, 20, 21, 11, 217)
(116, 9, 9, 11, 109)
(287, 139, 5, 12, 173)
(12, 91, 11, 29, 97)
(270, 53, 16, 3, 177)
(108, 149, 5, 4, 45)
(146, 110, 6, 19, 92)
(272, 145, 0, 28, 181)
(161, 213, 7, 1, 120)
(186, 105, 14, 2, 218)
(55, 222, 22, 2, 161)
(297, 87, 12, 4, 216)
(89, 21, 11, 2, 228)
(32, 127, 7, 6, 204)
(121, 51, 8, 21, 143)
(273, 86, 12, 8, 164)
(48, 141, 16, 7, 238)
(152, 117, 0, 55, 200)
(160, 181, 10, 7, 119)
(230, 220, 3, 4, 122)
(199, 58, 23, 7, 186)
(78, 174, 14, 3, 135)
(46, 136, 26, 3, 171)
(77, 218, 18, 7, 181)
(120, 95, 7, 7, 109)
(5, 223, 6, 2, 77)
(88, 88, 6, 7, 85)
(251, 221, 3, 3, 190)
(190, 216, 46, 0, 200)
(279, 161, 20, 5, 213)
(82, 59, 16, 8, 203)
(10, 72, 15, 12, 152)
(289, 207, 8, 2, 223)
(279, 113, 16, 11, 200)
(256, 7, 2, 19, 202)
(286, 44, 12, 2, 172)
(166, 201, 6, 5, 137)
(287, 126, 6, 12, 211)
(193, 147, 2, 16, 124)
(141, 215, 6, 2, 255)
(297, 141, 0, 52, 4)
(226, 224, 0, 0, 192)
(94, 114, 39, 8, 216)
(277, 150, 6, 1, 117)
(175, 178, 18, 7, 214)
(260, 203, 26, 4, 170)
(281, 209, 2, 8, 153)
(254, 215, 7, 4, 199)
(149, 163, 3, 19, 203)
(173, 155, 4, 19, 235)
(236, 135, 5, 6, 155)
(275, 197, 15, 4, 213)
(17, 26, 27, 7, 174)
(66, 118, 4, 6, 164)
(278, 183, 0, 0, 68)
(262, 219, 10, 2, 140)
(223, 108, 10, 8, 159)
(215, 36, 7, 16, 140)
(90, 200, 16, 1, 213)
(271, 122, 17, 4, 169)
(65, 137, 11, 3, 238)
(20, 191, 71, 4, 218)
(265, 213, 10, 1, 170)
(99, 65, 10, 1, 185)
(114, 145, 15, 7, 201)
(246, 214, 10, 4, 159)
(273, 5, 8, 25, 173)
(181, 181, 78, 2, 228)
(0, 215, 7, 5, 168)
(167, 166, 28, 6, 232)
(247, 160, 32, 1, 143)
(216, 75, 10, 6, 216)
(141, 214, 14, 1, 254)
(75, 169, 17, 3, 245)
(299, 33, 5, 14, 209)
(274, 215, 23, 2, 146)
(272, 217, 10, 5, 160)
(299, 202, 0, 21, 109)
(265, 207, 4, 3, 144)
(102, 42, 16, 12, 92)
(270, 109, 2, 28, 211)
(259, 35, 1, 26, 201)
(299, 0, 0, 161, 163)
(148, 134, 9, 6, 248)
(290, 41, 3, 3, 139)
(145, 224, 16, 1, 224)
(206, 145, 7, 4, 193)
(6, 203, 27, 0, 91)
(37, 173, 123, 0, 255)
(255, 213, 1, 7, 193)
(148, 212, 31, 1, 242)
(170, 102, 5, 3, 110)
(206, 78, 4, 11, 98)
(33, 62, 30, 15, 195)
(253, 121, 4, 16, 173)
(242, 140, 9, 2, 225)
(226, 148, 7, 1, 135)
(180, 191, 2, 15, 135)
(75, 52, 2, 16, 226)
(0, 179, 13, 3, 186)
(259, 74, 2, 4, 137)
(208, 194, 9, 3, 180)
(151, 211, 9, 2, 239)
(198, 137, 2, 14, 100)
(285, 175, 0, 41, 34)
(251, 143, 17, 2, 238)
(221, 171, 27, 4, 224)
(193, 192, 3, 5, 239)
(280, 181, 5, 7, 211)
(9, 224, 0, 0, 80)
(299, 179, 0, 36, 113)
(274, 200, 4, 8, 175)
(254, 40, 5, 12, 180)
(260, 211, 12, 3, 175)
(175, 190, 5, 9, 145)
(196, 166, 9, 7, 248)
(147, 143, 0, 39, 200)
(274, 167, 6, 2, 211)
(156, 0, 11, 47, 211)
(282, 224, 14, 0, 19)
(25, 156, 14, 24, 66)
(237, 22, 6, 21, 161)
(295, 0, 0, 0, 219)
(78, 36, 71, 3, 154)
(49, 56, 2, 32, 205)
(71, 183, 0, 21, 51)
(39, 98, 3, 7, 68)
(76, 206, 14, 8, 206)
(293, 224, 2, 2, 132)
(187, 224, 85, 0, 116)
(264, 11, 5, 14, 189)
(116, 197, 7, 5, 222)
(38, 208, 8, 11, 205)
(76, 81, 4, 10, 177)
(299, 20, 1, 4, 109)
(276, 116, 0, 85, 3)
(154, 206, 28, 0, 102)
(271, 96, 15, 4, 217)
(268, 84, 6, 3, 169)
(204, 205, 66, 0, 23)
(142, 211, 4, 2, 140)
(230, 183, 6, 9, 217)
(173, 193, 19, 3, 127)
(66, 116, 17, 3, 138)
(58, 184, 8, 3, 110)
(76, 224, 180, 0, 58)
(299, 224, 0, 0, 150)
(261, 180, 0, 2, 13)
(288, 209, 6, 0, 24)
(291, 218, 1, 0, 44)
(89, 98, 13, 3, 135)
(132, 158, 6, 10, 239)
(247, 199, 0, 0, 0)
(190, 165, 14, 4, 253)
(299, 190, 0, 0, 115)
(10, 77, 7, 30, 117)
(251, 141, 8, 2, 160)
(168, 127, 3, 20, 119)
(262, 60, 3, 2, 229)
(269, 134, 0, 4, 58)
(258, 184, 0, 17, 209)
(295, 194, 4, 12, 165)
(2, 83, 17, 3, 107)
(155, 50, 8, 5, 155)
(128, 185, 1, 8, 161)
(246, 175, 11, 7, 233)
(72, 199, 2, 8, 211)
(134, 72, 1, 12, 82)
(256, 117, 7, 5, 166)
(158, 36, 34, 5, 196)
(282, 104, 2, 40, 191)
(136, 216, 4, 8, 187)
(258, 19, 1, 24, 208)
(286, 204, 0, 0, 84)
(243, 99, 17, 9, 212)
(288, 166, 6, 1, 249)
(208, 131, 23, 16, 244)
(296, 107, 3, 4, 195)
(57, 220, 24, 2, 162)
(40, 224, 4, 0, 26)
(248, 146, 18, 2, 198)
(290, 148, 1, 3, 105)
(289, 144, 10, 3, 197)
(111, 99, 4, 11, 188)
(226, 18, 29, 0, 79)
(167, 207, 15, 4, 228)
(299, 216, 0, 5, 38)
(244, 134, 0, 67, 36)
(295, 100, 4, 4, 212)
(115, 82, 0, 5, 0)
(56, 131, 12, 7, 152)
(292, 91, 3, 9, 162)
(266, 139, 0, 16, 93)
(262, 193, 0, 31, 28)
(212, 167, 23, 2, 245)
(95, 201, 67, 0, 49)
(98, 220, 21, 3, 203)
(299, 158, 0, 66, 193)
(257, 80, 30, 1, 209)
(10, 222, 16, 2, 213)
(205, 209, 20, 4, 207)
(179, 183, 8, 4, 159)
(257, 203, 6, 2, 158)
(190, 183, 7, 3, 246)
(228, 224, 17, 0, 39)
(170, 199, 0, 0, 16)
(286, 204, 3, 6, 176)
(208, 12, 6, 26, 227)
(92, 146, 2, 7, 120)
(280, 86, 2, 16, 168)
(67, 69, 17, 5, 161)
(74, 216, 61, 0, 0)
(148, 67, 2, 7, 101)
(273, 46, 0, 120, 130)
(293, 117, 6, 7, 197)
(152, 184, 4, 3, 220)
(278, 37, 2, 5, 231)
(1, 148, 263, 0, 236)
(297, 33, 3, 3, 149)
(293, 224, 12, 0, 126)
(278, 15, 10, 4, 214)
(131, 28, 4, 10, 202)
(246, 217, 35, 0, 134)
(43, 175, 7, 2, 135)
(221, 62, 7, 11, 135)
(215, 117, 0, 87, 243)
(126, 92, 40, 1, 165)
(290, 83, 7, 2, 226)
(299, 214, 0, 10, 21)
(299, 50, 2, 7, 154)
(32, 115, 4, 6, 121)
(291, 109, 3, 22, 217)
(220, 58, 0, 73, 190)
(182, 206, 10, 0, 38)
(27, 181, 156, 0, 255)
(260, 28, 2, 13, 159)
(245, 199, 19, 1, 229)
(227, 34, 2, 13, 204)
(99, 158, 8, 2, 187)
(17, 43, 45, 7, 175)
(113, 186, 1, 18, 75)
(265, 224, 0, 0, 26)
(232, 149, 0, 0, 0)
(288, 224, 8, 1, 130)
(102, 21, 2, 28, 166)
(27, 104, 106, 0, 209)
(281, 23, 18, 5, 200)
(261, 102, 2, 16, 203)
(185, 83, 33, 3, 111)
(291, 224, 0, 0, 0)
(79, 59, 13, 2, 148)
(270, 130, 0, 16, 123)
(145, 94, 5, 15, 82)
(193, 55, 7, 10, 124)
(88, 212, 0, 8, 230)
(296, 102, 3, 2, 173)
(140, 161, 7, 4, 132)
(273, 124, 3, 3, 237)
(0, 133, 3, 6, 61)
(299, 183, 2, 19, 157)
(243, 224, 54, 0, 50)
(203, 194, 0, 0, 96)
(86, 141, 5, 1, 114)
(10, 51, 50, 7, 133)
(268, 131, 0, 39, 26)
(288, 180, 6, 4, 194)
(65, 224, 3, 0, 61)
(85, 191, 11, 1, 131)
(0, 187, 19, 1, 137)
(9, 218, 7, 2, 228)
(140, 217, 39, 2, 223)
(298, 205, 15, 0, 52)
(174, 37, 4, 7, 158)
(231, 157, 8, 1, 148)
(249, 30, 3, 6, 233)
(287, 74, 0, 141, 14)
(262, 10, 0, 74, 119)
(0, 50, 8, 7, 199)
(101, 202, 13, 3, 82)
(69, 220, 0, 0, 44)
(254, 117, 0, 0, 77)
(270, 148, 4, 3, 187)
(240, 121, 12, 3, 117)
(250, 214, 11, 1, 185)
(275, 202, 1, 2, 168)
(194, 191, 11, 1, 197)
(244, 169, 0, 0, 155)
(102, 148, 8, 2, 66)
(163, 192, 8, 1, 245)
(165, 114, 15, 14, 163)
(299, 211, 0, 1, 52)
(294, 0, 0, 10, 14)
(57, 187, 10, 2, 142)
(229, 94, 2, 5, 129)
(291, 25, 0, 17, 191)
(76, 200, 8, 5, 179)
(79, 224, 119, 0, 251)
(241, 140, 2, 9, 132)
(296, 148, 2, 3, 159)
(200, 201, 19, 4, 227)
(282, 22, 10, 5, 202)
(277, 196, 15, 1, 200)
(259, 14, 11, 4, 170)
(235, 209, 0, 0, 129)
(73, 26, 0, 138, 218)
(175, 175, 4, 13, 200)
(103, 57, 3, 17, 106)
(4, 54, 11, 8, 148)
(279, 122, 5, 1, 232)
(257, 54, 7, 9, 222)
(295, 96, 4, 5, 225)
(198, 183, 4, 4, 201)
(287, 153, 0, 46, 8)
(183, 168, 8, 5, 251)
(260, 197, 17, 2, 189)
(236, 111, 0, 68, 230)
(85, 82, 19, 2, 143)
(223, 62, 13, 7, 164)
(223, 66, 4, 3, 206)
(120, 210, 8, 11, 206)
(263, 202, 8, 2, 199)
(201, 182, 5, 3, 251)
(261, 127, 0, 36, 26)
(64, 209, 20, 2, 229)
(183, 64, 14, 2, 97)
(289, 224, 0, 4, 0)
(299, 0, 0, 5, 37)
(257, 85, 5, 10, 175)
(157, 201, 5, 9, 203)
(165, 104, 19, 16, 165)
(35, 205, 14, 12, 206)
(195, 48, 5, 5, 199)
(25, 44, 6, 9, 192)
(123, 197, 4, 4, 146)
(295, 176, 5, 5, 201)
(299, 120, 1, 11, 213)
(224, 156, 13, 1, 111)
(299, 95, 0, 140, 195)
(248, 31, 2, 6, 234)
(272, 79, 16, 1, 222)
(283, 224, 16, 0, 11)
(188, 125, 4, 19, 243)
(299, 82, 0, 25, 221)
(272, 75, 6, 4, 206)
(299, 224, 0, 0, 92)
(164, 75, 50, 1, 131)
(274, 185, 5, 6, 180)
(249, 163, 6, 9, 225)
(140, 206, 3, 8, 195)
(122, 50, 1, 28, 113)
(254, 23, 4, 3, 191)
(52, 176, 12, 2, 119)
(149, 0, 2, 4, 124)
(251, 8, 1, 20, 151)
(269, 60, 4, 8, 191)
(255, 90, 0, 50, 0)
(214, 205, 0, 2, 63)
(209, 191, 6, 5, 185)
(24, 224, 199, 0, 121)
(55, 188, 13, 4, 198)
(291, 188, 2, 2, 143)
(154, 224, 11, 0, 66)
(259, 207, 9, 1, 144)
(295, 92, 4, 3, 151)
(75, 224, 10, 3, 208)
(247, 47, 1, 29, 164)
(55, 181, 5, 6, 121)
(234, 224, 44, 0, 1)
(249, 118, 9, 2, 213)
(278, 176, 21, 0, 158)
(117, 205, 5, 2, 148)
(299, 156, 0, 40, 142)
(294, 61, 2, 4, 178)
(299, 122, 0, 37, 44)
(299, 221, 0, 3, 135)
(157, 144, 2, 12, 82)
(42, 140, 68, 0, 255)
(136, 98, 8, 12, 96)
(142, 204, 4, 3, 238)
(95, 178, 18, 1, 240)
(163, 49, 13, 3, 210)
(211, 48, 1, 25, 199)
(299, 215, 0, 9, 129)
(299, 80, 0, 6, 26)
(268, 151, 3, 4, 223)
(297, 224, 1, 9, 107)
(20, 63, 4, 6, 169)
(244, 145, 7, 4, 224)
(288, 141, 11, 1, 211)
(153, 224, 0, 0, 24)
(299, 13, 0, 35, 255)
(294, 50, 5, 5, 178)
(299, 13, 0, 33, 87)
(73, 38, 3, 21, 155)
(208, 224, 0, 0, 159)
(51, 42, 3, 16, 151)
(11, 155, 19, 10, 76)
(166, 201, 3, 2, 196)
(66, 204, 50, 0, 80)
(139, 149, 11, 10, 229)
(272, 202, 14, 2, 163)
(163, 204, 3, 4, 212)
(287, 222, 7, 2, 126)
(257, 110, 2, 11, 184)
(211, 118, 4, 1, 236)
(176, 220, 28, 2, 201)
(299, 64, 0, 20, 27)
(196, 196, 12, 3, 178)
(14, 216, 269, 0, 127)
(276, 65, 0, 126, 255)
(271, 203, 4, 7, 167)
(281, 224, 11, 0, 78)
(156, 181, 1, 7, 201)
(104, 152, 4, 10, 245)
(259, 65, 0, 50, 53)
(246, 12, 1, 20, 212)
(144, 218, 0, 0, 58)
(31, 220, 23, 4, 188)
(269, 13, 0, 224, 0)
(265, 134, 3, 4, 119)
(150, 216, 13, 2, 205)
(257, 140, 11, 1, 226)
(199, 156, 3, 7, 161)
(203, 193, 2, 2, 157)
(124, 20, 2, 46, 172)
(288, 52, 4, 11, 204)
(229, 75, 4, 3, 208)
(294, 15, 4, 5, 152)
(206, 181, 14, 1, 237)
(132, 74, 2, 9, 79)
(294, 153, 4, 2, 213)
(138, 161, 2, 14, 163)
(291, 176, 8, 1, 204)
(295, 194, 3, 9, 169)
(263, 189, 13, 1, 173)
(121, 54, 1, 21, 173)
(274, 197, 3, 4, 188)
(160, 198, 5, 5, 98)
(85, 224, 59, 0, 197)
(87, 33, 6, 3, 197)
(160, 155, 3, 11, 91)
(265, 185, 0, 12, 44)
(27, 160, 4, 5, 60)
(135, 138, 3, 5, 164)
(294, 125, 5, 4, 217)
(237, 191, 37, 1, 189)
(117, 189, 2, 14, 216)
(253, 21, 1, 7, 228)
(125, 178, 4, 6, 236)
(174, 206, 0, 0, 85)
(295, 224, 0, 0, 58)
(182, 224, 32, 0, 156)
(299, 61, 0, 23, 253)
(252, 224, 69, 0, 255)
(205, 193, 0, 0, 60)
(281, 12, 1, 21, 176)
(272, 131, 0, 37, 201)
(285, 165, 3, 2, 241)
(247, 30, 0, 0, 206)
(294, 193, 0, 1, 67)
(162, 224, 17, 0, 8)
(6, 140, 5, 5, 79)
(293, 118, 0, 16, 103)
(263, 193, 18, 1, 171)
(30, 154, 10, 1, 143)
(275, 126, 0, 5, 32)
(170, 85, 18, 3, 144)
(224, 135, 10, 5, 227)
(287, 224, 0, 2, 134)
(88, 212, 9, 3, 208)
(299, 224, 0, 0, 176)
(299, 216, 0, 0, 24)
(291, 192, 0, 29, 184)
(187, 202, 4, 0, 190)
(247, 224, 3, 12, 112)
(265, 217, 17, 1, 160)
(284, 41, 0, 98, 27)
(269, 68, 17, 2, 211)
(293, 75, 6, 5, 166)
(209, 157, 1, 4, 129)
(84, 176, 123, 0, 180)
(296, 141, 0, 33, 71)
(242, 78, 1, 7, 219)
(210, 198, 2, 4, 228)
(283, 118, 0, 44, 255)
(256, 187, 0, 37, 254)
(284, 120, 3, 3, 136)
(40, 79, 26, 4, 209)
(294, 159, 0, 21, 151)
(185, 128, 3, 16, 210)
(213, 60, 2, 4, 247)
(58, 197, 7, 6, 242)
(79, 224, 70, 0, 230)
(289, 115, 3, 4, 182)
(200, 8, 0, 147, 99)
(223, 224, 0, 0, 8)
(274, 162, 16, 1, 215)
(221, 157, 0, 16, 229)
(299, 157, 0, 67, 231)
(285, 210, 0, 0, 204)
(299, 0, 0, 8, 229)
(176, 60, 7, 3, 158)
(254, 202, 6, 1, 158)
(251, 107, 1, 9, 155)
(292, 217, 7, 0, 141)
(299, 97, 0, 17, 109)
(179, 166, 16, 1, 222)
(274, 86, 6, 1, 190)
(294, 219, 6, 2, 106)
(259, 103, 0, 64, 118)
(174, 201, 5, 2, 221)
(277, 224, 1, 4, 209)
(87, 195, 39, 0, 0)
(0, 224, 107, 0, 53)
(299, 203, 0, 16, 117)
(188, 208, 70, 0, 146)
(217, 123, 3, 6, 224)
(114, 8, 12, 6, 119)
(264, 224, 1, 1, 107)
(299, 221, 0, 30, 51)
(258, 197, 11, 1, 174)
(220, 201, 0, 0, 9)
(250, 148, 0, 21, 52)
(35, 206, 137, 0, 171)
(286, 182, 13, 2, 188)
(281, 104, 4, 10, 188)
(203, 199, 11, 2, 237)
(226, 198, 7, 8, 208)
(41, 152, 17, 7, 201)
(233, 203, 25, 0, 117)
(247, 77, 3, 6, 145)
(165, 177, 25, 0, 40)
(116, 139, 0, 6, 35)
(24, 78, 4, 26, 100)
(144, 146, 14, 2, 220)
(180, 188, 3, 2, 221)
(14, 213, 14, 0, 101)
(86, 159, 9, 6, 72)
(92, 193, 4, 12, 207)
(124, 154, 51, 0, 177)
(274, 186, 0, 20, 208)
(103, 207, 162, 0, 85)
(200, 38, 6, 14, 129)
(231, 223, 4, 1, 97)
(139, 197, 7, 5, 120)
(34, 188, 13, 2, 177)
(221, 159, 0, 6, 187)
(111, 188, 2, 11, 99)
(235, 224, 1, 4, 208)
(188, 172, 81, 0, 175)
(157, 65, 2, 16, 153)
(299, 183, 15, 9, 150)
(59, 222, 0, 0, 42)
(299, 169, 0, 2, 136)
(145, 111, 2, 6, 193)
(284, 116, 6, 1, 223)
(195, 167, 0, 21, 100)
(298, 164, 5, 2, 193)
(172, 76, 17, 7, 116)
(142, 88, 4, 10, 96)
(299, 106, 0, 108, 172)
(291, 27, 5, 6, 167)
(55, 212, 24, 2, 199)
(271, 200, 14, 1, 188)
(0, 188, 11, 0, 195)
(107, 8, 91, 0, 213)
(292, 171, 0, 48, 18)
(295, 198, 0, 26, 97)
(136, 214, 94, 0, 158)
(0, 139, 5, 3, 144)
(208, 193, 44, 0, 55)
(195, 181, 4, 2, 161)
(0, 113, 3, 10, 136)
(296, 190, 0, 0, 92)
(275, 126, 3, 2, 130)
(249, 59, 0, 62, 53)
(42, 15, 10, 4, 218)
(297, 31, 0, 97, 47)
(298, 45, 0, 107, 51)
(224, 199, 8, 1, 223)
(163, 202, 4, 2, 115)
(135, 197, 117, 0, 167)
(275, 224, 0, 0, 21)
(299, 20, 0, 48, 221)
(243, 54, 2, 6, 225)
(244, 197, 12, 1, 204)
(141, 49, 3, 17, 156)
(267, 201, 5, 4, 199)
(279, 106, 3, 8, 214)
(299, 161, 0, 19, 241)
(224, 159, 1, 6, 205)
(157, 194, 1, 6, 250)
(191, 199, 92, 0, 154)
(230, 158, 35, 1, 213)
(252, 205, 4, 13, 184)
(299, 69, 0, 142, 255)
(22, 164, 87, 0, 52)
(269, 102, 1, 6, 242)
(251, 192, 15, 0, 0)
(132, 104, 4, 7, 128)
(285, 85, 1, 3, 98)
(156, 105, 27, 2, 162)
(270, 4, 0, 51, 97)
(55, 217, 22, 2, 193)
(284, 18, 3, 5, 191)
(153, 188, 10, 1, 212)
(295, 171, 4, 2, 216)
(299, 85, 0, 28, 69)
(86, 133, 88, 0, 97)
(162, 105, 1, 2, 95)
(299, 84, 0, 101, 115)
(163, 193, 0, 0, 56)
(0, 190, 16, 1, 109)
(252, 133, 1, 6, 174)
(211, 87, 0, 88, 170)
(244, 149, 3, 6, 179)
(273, 79, 0, 116, 44)
(288, 125, 0, 0, 8)
(242, 214, 6, 1, 162)
(186, 213, 23, 0, 189)
(248, 2, 2, 7, 145)
(185, 58, 0, 71, 2)
(211, 129, 7, 1, 106)
(291, 94, 2, 8, 184)
(289, 15, 0, 35, 75)
(101, 205, 3, 1, 60)
(203, 209, 3, 3, 240)
(231, 216, 15, 2, 171)
(283, 215, 4, 5, 138)
(282, 74, 1, 8, 227)
(37, 177, 262, 0, 211)
(66, 164, 32, 0, 78)
(273, 56, 8, 3, 173)
(207, 139, 1, 12, 154)
(190, 193, 2, 6, 129)
(283, 62, 4, 9, 221)
(22, 224, 4, 4, 107)
(250, 9, 4, 10, 133)
(294, 49, 1, 4, 232)
(86, 181, 20, 4, 86)
(261, 173, 4, 4, 228)
(299, 192, 0, 4, 42)
(11, 178, 29, 2, 78)
(235, 170, 26, 2, 220)
(298, 152, 1, 0, 156)
(296, 107, 11, 0, 201)
(299, 224, 0, 0, 187)
(199, 123, 72, 0, 154)
(51, 108, 8, 20, 205)
(58, 224, 12, 0, 115)
(28, 43, 45, 2, 173)
(214, 48, 0, 147, 156)
(276, 124, 15, 1, 129)
(31, 144, 6, 10, 180)
(267, 0, 0, 82, 46)
(29, 173, 56, 0, 155)
(264, 89, 4, 16, 183)
(289, 39, 10, 0, 0)
(192, 115, 6, 2, 152)
(299, 11, 0, 123, 0)
(299, 45, 0, 47, 139)
(274, 1, 2, 5, 193)
(284, 160, 3, 6, 219)
(26, 108, 5, 25, 177)
(162, 116, 4, 10, 121)
(299, 177, 0, 17, 127)
(252, 224, 0, 0, 73)
(217, 26, 7, 4, 182)
(174, 209, 110, 0, 139)
(200, 224, 64, 0, 231)
(229, 224, 62, 0, 239)
(299, 111, 0, 91, 88)
(271, 0, 0, 86, 188)
(32, 43, 6, 18, 169)
(256, 47, 25, 2, 171)
(195, 169, 54, 1, 239)
(299, 211, 0, 0, 252)
(161, 161, 2, 0, 110)
(299, 85, 0, 2, 120)
(299, 86, 0, 49, 49)
(273, 100, 0, 12, 191)
(191, 155, 3, 10, 140)
(185, 145, 8, 6, 216)
(232, 215, 69, 0, 178)
(213, 212, 6, 5, 206)
(253, 215, 11, 2, 214)
(239, 125, 8, 3, 108)
(264, 3, 2, 4, 137)
(299, 147, 0, 22, 53)
(286, 209, 0, 8, 244)
(66, 172, 5, 8, 164)
(149, 215, 46, 0, 191)
(299, 43, 0, 146, 21)
(187, 224, 112, 0, 60)
(275, 223, 3, 1, 186)
(168, 16, 47, 14, 230)
(256, 64, 4, 11, 170)
(247, 129, 52, 0, 150)
(221, 224, 4, 2, 126)
(178, 224, 5, 0, 29)
(213, 176, 43, 1, 245)
(90, 111, 5, 2, 212)
(261, 216, 0, 7, 194)
(36, 207, 210, 0, 128)
(201, 189, 2, 9, 165)
(64, 224, 266, 0, 37)
(113, 164, 6, 0, 99)
(113, 94, 9, 9, 145)
(268, 201, 1, 0, 2)
(223, 224, 35, 0, 5)
(244, 224, 19, 0, 220)
(50, 153, 17, 3, 211)
(93, 66, 1, 55, 194)
(187, 210, 114, 0, 255)
(134, 224, 22, 0, 224)
(89, 205, 4, 5, 198)
(98, 205, 9, 1, 81)
(281, 177, 9, 1, 205)
(3, 220, 9, 1, 207)
(272, 60, 0, 51, 212)
(240, 130, 0, 47, 200)
(201, 208, 19, 1, 212)
(63, 186, 20, 2, 97)
(198, 178, 0, 0, 22)
(123, 112, 39, 0, 246)
(279, 224, 0, 0, 12)
(264, 155, 4, 1, 189)
(299, 185, 0, 3, 201)
(247, 215, 0, 0, 54)
(285, 206, 0, 4, 191)
(9, 133, 1, 5, 173)
(152, 209, 6, 4, 251)
(247, 222, 2, 0, 111)
(149, 31, 23, 14, 204)
(264, 223, 0, 0, 0)
(231, 179, 37, 2, 231)
(0, 221, 4, 2, 206)
(242, 78, 3, 2, 231)
(279, 126, 4, 5, 188)
(116, 186, 4, 2, 84)
(65, 196, 8, 2, 249)
(0, 184, 25, 3, 76)
(229, 88, 3, 5, 231)
(4, 224, 263, 0, 0)
(237, 150, 0, 0, 18)
(275, 209, 10, 5, 147)
(0, 148, 13, 4, 73)
(79, 212, 111, 0, 72)
(192, 224, 16, 1, 167)
(255, 186, 4, 2, 163)
(42, 205, 87, 0, 129)
(28, 181, 3, 2, 212)
(37, 119, 5, 10, 133)
(202, 180, 0, 7, 51)
(122, 82, 11, 2, 127)
(44, 119, 5, 22, 178)
(135, 224, 13, 0, 148)
(53, 83, 1, 8, 192)
(299, 77, 0, 7, 182)
(41, 68, 16, 5, 188)
(131, 204, 0, 10, 101)
(81, 57, 0, 127, 238)
(274, 212, 12, 3, 151)
(198, 218, 8, 3, 194)
(266, 76, 2, 16, 170)
(290, 124, 6, 3, 221)
(2, 211, 195, 0, 210)
(144, 137, 4, 3, 231)
(247, 101, 0, 13, 50)
(209, 3, 55, 0, 61)
(288, 28, 8, 2, 176)
(192, 224, 22, 0, 149)
(216, 125, 1, 4, 193)
(175, 162, 0, 21, 147)
(299, 224, 0, 0, 197)
(270, 36, 19, 3, 197)
(288, 214, 0, 17, 63)
(214, 153, 2, 2, 242)
(0, 224, 1, 1, 120)
(297, 160, 0, 0, 199)
(23, 103, 3, 30, 172)
(197, 106, 6, 9, 133)
(224, 221, 7, 3, 150)
(195, 35, 3, 18, 230)
(148, 221, 105, 0, 121)
(0, 167, 19, 9, 53)
(299, 0, 0, 47, 98)
(51, 224, 116, 0, 63)
(190, 88, 4, 0, 180)
(216, 33, 4, 17, 134)
(8, 224, 164, 0, 191)
(262, 0, 0, 61, 56)
(252, 66, 0, 107, 175)
(149, 189, 10, 3, 99)
(268, 158, 4, 2, 195)
(114, 194, 0, 11, 70)
(299, 71, 0, 19, 141)
(199, 167, 56, 0, 94)
(268, 88, 2, 6, 205)
(186, 128, 55, 0, 14)
(203, 167, 4, 15, 238)
(290, 207, 2, 3, 248)
(269, 130, 1, 3, 98)
(299, 94, 0, 49, 77)
(210, 119, 3, 6, 157)
(137, 63, 7, 13, 171)
(299, 159, 0, 57, 105)
(206, 63, 2, 3, 230)
(130, 204, 6, 2, 152)
(208, 224, 91, 0, 13)
(289, 41, 1, 3, 126)
(299, 123, 0, 1, 205)
(69, 171, 5, 4, 210)
(235, 161, 1, 3, 192)
(227, 129, 5, 2, 233)
(208, 222, 0, 2, 83)
(281, 145, 3, 4, 225)
(272, 128, 5, 1, 158)
(269, 120, 0, 104, 202)
(296, 47, 0, 17, 140)
(0, 182, 4, 1, 219)
(282, 158, 17, 1, 115)
(184, 197, 6, 2, 231)
(299, 107, 0, 8, 0)
(89, 43, 11, 6, 112)
(103, 135, 16, 4, 73)
(225, 223, 1, 1, 169)
(292, 221, 3, 1, 109)
(27, 224, 254, 0, 151)
(0, 196, 159, 0, 19)
(277, 0, 0, 101, 50)
(284, 224, 0, 2, 98)
(105, 182, 0, 42, 4)
(228, 189, 5, 0, 50)
(218, 215, 2, 1, 205)
(299, 189, 0, 35, 181)
(252, 224, 14, 0, 0)
(0, 0, 19, 11, 186)
(72, 152, 9, 14, 122)
(221, 0, 12, 26, 229)
(255, 21, 2, 25, 173)
(166, 139, 3, 11, 102)
(224, 221, 75, 0, 132)
(8, 181, 11, 1, 202)
(206, 224, 62, 0, 41)
(269, 175, 0, 39, 144)
(135, 182, 6, 10, 75)
(52, 144, 0, 27, 33)
(135, 206, 30, 1, 176)
(283, 37, 0, 36, 56)
(26, 69, 6, 5, 112)
(228, 150, 16, 2, 221)
(191, 98, 1, 7, 138)
(268, 222, 4, 2, 145)
(284, 94, 2, 5, 211)
(241, 117, 5, 6, 147)
(299, 31, 0, 154, 127)
(97, 224, 159, 0, 14)
(291, 212, 7, 3, 165)
(0, 224, 26, 0, 77)
(86, 224, 187, 0, 73)
(63, 156, 18, 5, 145)
(299, 207, 0, 0, 108)
(299, 19, 0, 74, 176)
(236, 151, 3, 3, 125)
(10, 25, 2, 15, 195)
(269, 181, 8, 2, 179)
(141, 141, 94, 0, 44)
(226, 188, 0, 19, 102)
(158, 0, 34, 7, 220)
(299, 180, 0, 0, 1)
(135, 0, 2, 15, 181)
(299, 167, 0, 34, 33)
(134, 191, 1, 6, 209)
(243, 66, 4, 2, 230)
(82, 136, 184, 0, 197)
(278, 164, 0, 7, 180)
(70, 165, 20, 1, 65)
(242, 188, 2, 3, 202)
(299, 26, 0, 48, 241)
(179, 154, 6, 2, 132)
(110, 171, 204, 0, 0)
(140, 82, 10, 2, 147)
(262, 192, 8, 0, 2)
(28, 23, 5, 16, 214)
(225, 85, 2, 4, 222)
(78, 113, 1, 13, 151)
(173, 70, 0, 17, 121)
(202, 224, 11, 0, 62)
(297, 202, 0, 22, 61)
(205, 109, 2, 4, 147)
(8, 48, 6, 6, 65)
(299, 81, 0, 126, 57)
(0, 186, 209, 0, 151)
(121, 216, 178, 0, 128)
(206, 224, 0, 0, 80)
(117, 197, 0, 27, 129)
(170, 208, 3, 0, 177)
(286, 85, 13, 1, 195)
(282, 3, 9, 11, 159)
(11, 224, 8, 2, 218)
(64, 84, 141, 0, 95)
(232, 220, 30, 1, 150)
(290, 211, 2, 1, 147)
(31, 111, 0, 11, 65)
(284, 209, 15, 0, 0)
(285, 97, 3, 2, 172)
(269, 45, 4, 6, 158)
(297, 25, 0, 0, 153)
(58, 207, 119, 0, 85)
(161, 193, 51, 0, 63)
(183, 215, 10, 4, 193)
(113, 182, 145, 0, 151)
(299, 50, 0, 115, 255)
(185, 7, 31, 12, 225)
(285, 180, 0, 0, 163)
(270, 124, 0, 24, 87)
(260, 204, 44, 0, 111)
(101, 65, 4, 4, 184)
(235, 137, 19, 2, 164)
(162, 221, 7, 3, 202)
(160, 190, 69, 0, 174)
(282, 0, 0, 4, 133)
(185, 204, 21, 2, 232)
(170, 104, 0, 11, 242)
(12, 59, 21, 6, 106)
(298, 186, 1, 5, 151)
(155, 169, 2, 4, 77)
(123, 207, 6, 5, 147)
(209, 202, 7, 6, 214)
(135, 76, 1, 7, 154)
(33, 33, 22, 3, 166)
(34, 217, 220, 0, 127)
(223, 142, 12, 4, 255)
(299, 40, 0, 149, 38)
(73, 106, 17, 5, 39)
(63, 127, 9, 7, 145)
(253, 214, 6, 3, 211)
(264, 224, 2, 2, 122)
(244, 221, 2, 3, 155)
(243, 98, 4, 11, 197)
(294, 145, 5, 1, 144)
(89, 224, 174, 0, 18)
(299, 50, 0, 24, 79)
(280, 152, 2, 5, 206)
(283, 73, 3, 5, 150)
(264, 221, 35, 0, 129)
(141, 217, 34, 0, 227)
(177, 146, 6, 5, 244)
(248, 217, 47, 0, 88)
(142, 129, 5, 7, 113)
(116, 37, 3, 10, 175)
(134, 147, 2, 5, 140)
(299, 29, 0, 58, 236)
(252, 151, 4, 1, 145)
(299, 18, 0, 173, 0)
(217, 193, 0, 10, 34)
(241, 15, 19, 1, 195)
(65, 206, 42, 0, 64)
(0, 217, 87, 0, 112)
(270, 140, 3, 1, 121)
(82, 224, 84, 0, 221)
(299, 183, 0, 41, 242)
(295, 162, 0, 7, 166)
(241, 36, 1, 15, 172)
(290, 224, 9, 0, 47)
(273, 187, 0, 29, 185)
(291, 160, 2, 4, 218)
(40, 224, 259, 0, 43)
(169, 73, 24, 2, 142)
(271, 139, 0, 40, 110)
(177, 166, 6, 1, 179)
(231, 224, 16, 0, 127)
(243, 204, 56, 0, 128)
(299, 48, 0, 0, 151)
(295, 154, 0, 0, 175)
(287, 216, 3, 2, 128)
(240, 158, 0, 28, 91)
(294, 110, 2, 8, 209)
(273, 104, 3, 3, 151)
(257, 199, 42, 0, 143)
(299, 36, 0, 36, 51)
(291, 91, 0, 0, 27)
(44, 155, 0, 0, 184)
(253, 165, 24, 0, 78)
(229, 168, 25, 0, 127)
(277, 140, 14, 1, 157)
(273, 194, 0, 10, 0)
(14, 219, 5, 2, 111)
(292, 142, 1, 18, 180)
(28, 104, 3, 5, 116)
(212, 193, 4, 1, 182)
(286, 183, 8, 2, 182)
(283, 137, 3, 3, 164)
(49, 224, 42, 0, 248)
(276, 155, 5, 1, 222)
(299, 152, 0, 0, 104)
(241, 144, 4, 3, 145)
(231, 67, 1, 3, 215)
(227, 42, 3, 6, 230)
(101, 193, 4, 2, 126)
(299, 224, 26, 0, 245)
(268, 177, 1, 10, 208)
(0, 151, 18, 2, 70)
(90, 196, 1, 4, 174)
(36, 21, 14, 6, 182)
(259, 0, 3, 15, 149)
(294, 160, 0, 32, 86)
(64, 222, 58, 0, 242)
(273, 82, 3, 8, 178)
(190, 224, 51, 0, 255)
(223, 224, 6, 0, 106)
(207, 188, 2, 8, 216)
(132, 17, 5, 9, 94)
(263, 67, 2, 7, 230)
(118, 57, 2, 25, 196)
(281, 99, 0, 125, 140)
(204, 128, 3, 13, 153)
(97, 187, 5, 2, 72)
(276, 181, 4, 3, 205)
(73, 219, 13, 1, 166)
(160, 208, 66, 0, 76)
(287, 113, 1, 1, 167)
(299, 151, 0, 19, 152)
(73, 175, 11, 4, 140)
(283, 191, 0, 0, 22)
(222, 114, 0, 32, 87)
(299, 104, 0, 79, 65)
(261, 151, 1, 16, 210)
(251, 224, 1, 2, 203)
(274, 224, 14, 0, 191)
(292, 114, 0, 56, 66)
(114, 180, 2, 5, 209)
(276, 166, 23, 0, 77)
(90, 173, 188, 0, 117)
(73, 0, 25, 7, 206)
(285, 54, 3, 11, 223)
(176, 150, 2, 7, 250)
(299, 213, 0, 0, 157)
(93, 144, 0, 20, 108)
(0, 218, 179, 0, 216)
(295, 185, 4, 2, 153)
(108, 183, 3, 3, 127)
(154, 196, 5, 3, 245)
(71, 114, 10, 3, 115)
(45, 113, 8, 5, 136)
(110, 174, 0, 7, 0)
(12, 205, 14, 7, 194)
(298, 37, 1, 5, 212)
(156, 152, 2, 17, 131)
(181, 23, 4, 7, 213)
(154, 224, 32, 0, 203)
(210, 137, 0, 11, 156)
(299, 74, 0, 94, 144)
(292, 112, 0, 0, 155)
(275, 220, 3, 0, 54)
(225, 29, 0, 56, 201)
(242, 161, 12, 0, 0)
(185, 209, 1, 0, 75)
(93, 191, 0, 9, 8)
(192, 41, 6, 6, 214)
(73, 91, 1, 5, 50)
(124, 142, 5, 3, 80)
(279, 213, 19, 0, 109)
(230, 190, 12, 0, 0)
(167, 196, 4, 2, 241)
(251, 204, 48, 0, 21)
(256, 96, 3, 3, 234)
(245, 63, 2, 3, 134)
(298, 11, 0, 116, 180)
(106, 86, 5, 16, 224)
(169, 206, 85, 0, 0)
(180, 0, 36, 9, 223)
(98, 212, 3, 5, 239)
(164, 194, 0, 0, 8)
(297, 42, 0, 182, 255)
(243, 202, 8, 1, 215)
(239, 224, 14, 0, 208)
(272, 204, 8, 0, 61)
(285, 153, 5, 2, 175)
(155, 203, 8, 2, 238)
(233, 112, 0, 96, 171)
(293, 28, 5, 1, 220)
(239, 194, 0, 16, 71)
(238, 224, 12, 0, 17)
(277, 190, 7, 5, 172)
(103, 216, 5, 1, 199)
(158, 57, 8, 10, 188)
(18, 224, 106, 0, 50)
(72, 142, 8, 8, 166)
(299, 73, 0, 81, 22)
(286, 190, 0, 3, 66)
(208, 214, 23, 0, 233)
(105, 83, 6, 6, 230)
(161, 215, 3, 0, 255)
(42, 224, 166, 0, 46)
(227, 82, 3, 2, 111)
(299, 20, 0, 209, 94)
(176, 177, 2, 4, 126)
(0, 193, 13, 5, 206)
(187, 109, 58, 0, 124)
(267, 218, 0, 17, 78)
(241, 216, 32, 0, 0)
(111, 218, 0, 6, 182)
(253, 62, 0, 129, 64)
(215, 220, 0, 0, 27)
(299, 122, 0, 39, 164)
(224, 53, 4, 2, 166)
(218, 82, 0, 106, 190)
(224, 216, 0, 0, 118)
(117, 154, 9, 1, 169)
(274, 152, 3, 6, 175)
(212, 193, 1, 0, 231)
(299, 72, 0, 61, 103)
(238, 98, 3, 2, 230)
(299, 90, 0, 28, 67)
(234, 121, 34, 0, 255)
(204, 202, 95, 0, 228)
(197, 14, 23, 7, 227)
(299, 138, 0, 22, 168)
(197, 107, 9, 1, 115)
(137, 26, 2, 31, 153)
(299, 201, 0, 14, 32)
(280, 174, 19, 1, 226)
(271, 185, 0, 18, 212)
(144, 64, 6, 4, 116)
(78, 35, 0, 55, 120)
(299, 136, 1, 2, 169)
(290, 219, 2, 4, 121)
(207, 37, 3, 13, 170)
(85, 131, 11, 6, 88)
(212, 117, 5, 1, 187)
(284, 74, 0, 119, 145)
(0, 221, 270, 0, 7)
(147, 223, 16, 5, 217)
(91, 146, 13, 1, 221)
(104, 173, 0, 41, 201)
(299, 76, 0, 121, 153)
(207, 4, 26, 8, 225)
(83, 47, 10, 4, 159)
(96, 203, 3, 4, 107)
(299, 217, 0, 0, 228)
(177, 201, 8, 0, 61)
(126, 17, 4, 7, 181)
(295, 170, 0, 22, 0)
(119, 55, 18, 2, 182)
(277, 18, 0, 66, 238)
(284, 186, 6, 2, 178)
(135, 205, 94, 0, 29)
(130, 53, 5, 15, 208)
(287, 203, 6, 3, 189)
(0, 80, 0, 0, 255)
(274, 222, 0, 2, 190)
(31, 224, 52, 0, 33)
(224, 193, 13, 3, 197)
(266, 139, 14, 1, 173)
(291, 165, 8, 1, 191)
(201, 191, 4, 1, 216)
(147, 31, 1, 6, 123)
(299, 153, 0, 57, 97)
(177, 92, 6, 0, 0)
(116, 213, 20, 3, 207)
(298, 0, 8, 4, 147)
(264, 65, 2, 2, 169)
(156, 88, 5, 0, 238)
(168, 205, 3, 2, 108)
(190, 199, 1, 2, 226)
(158, 189, 4, 2, 224)
(273, 88, 16, 2, 165)
(205, 120, 0, 70, 176)
(248, 147, 5, 2, 151)
(280, 76, 0, 33, 90)
(293, 31, 2, 3, 133)
(278, 223, 0, 1, 137)
(170, 110, 5, 8, 134)
(77, 50, 10, 5, 231)
(243, 224, 0, 0, 71)
(274, 148, 0, 74, 83)
(294, 198, 2, 2, 148)
(106, 219, 134, 0, 99)
(286, 224, 0, 0, 131)
(284, 58, 0, 38, 15)
(237, 123, 4, 4, 103)
(272, 185, 0, 0, 159)
(279, 166, 6, 2, 203)
(215, 100, 0, 5, 211)
(20, 0, 30, 4, 191)
(265, 204, 4, 3, 164)
(249, 36, 0, 21, 43)
(200, 141, 8, 0, 136)
(298, 82, 39, 3, 201)
(274, 143, 1, 7, 230)
(261, 137, 4, 2, 120)
(292, 204, 2, 2, 169)
(103, 186, 8, 4, 206)
(63, 224, 97, 0, 243)
(10, 224, 144, 0, 9)
(99, 196, 6, 4, 221)
(254, 107, 0, 88, 133)
(243, 181, 28, 0, 204)
(134, 0, 7, 6, 192)
(299, 89, 0, 0, 221)
(299, 64, 0, 98, 47)
(38, 201, 78, 0, 85)
(147, 158, 0, 42, 184)
(299, 86, 0, 25, 123)
(185, 137, 88, 0, 63)
(289, 203, 7, 1, 196)
(115, 183, 3, 5, 67)
(237, 53, 3, 4, 157)
(209, 186, 3, 4, 251)
(292, 197, 0, 13, 183)
(5, 177, 37, 2, 76)
(261, 159, 3, 0, 51)
(235, 156, 16, 0, 202)
(244, 224, 1, 5, 162)
(235, 144, 1, 2, 155)
(250, 148, 4, 3, 214)
(201, 179, 11, 3, 235)
(211, 155, 4, 1, 175)
(144, 223, 123, 0, 9)
(189, 199, 2, 1, 213)
(188, 224, 46, 0, 149)
(299, 195, 0, 22, 212)
(299, 176, 0, 0, 151)
(229, 210, 14, 2, 196)
(272, 34, 10, 5, 202)
(238, 224, 85, 0, 117)
(241, 138, 20, 0, 50)
(299, 124, 0, 0, 57)
(121, 200, 4, 5, 228)
(45, 187, 125, 0, 149)
(117, 90, 2, 14, 101)
(103, 121, 8, 11, 180)
(252, 26, 0, 0, 255)
(155, 76, 4, 9, 116)
(206, 164, 3, 11, 227)
(291, 149, 15, 0, 241)
(0, 212, 192, 0, 165)
(270, 69, 0, 0, 187)
(0, 70, 9, 9, 67)
(210, 224, 24, 0, 230)
(77, 188, 0, 9, 137)
(6, 96, 18, 3, 72)
(194, 57, 2, 5, 144)
(234, 224, 0, 6, 38)
(88, 219, 110, 0, 7)
(103, 224, 209, 0, 165)
(280, 72, 7, 2, 151)
(275, 224, 0, 0, 157)
(260, 194, 11, 2, 187)
(63, 224, 157, 0, 255)
(258, 202, 15, 0, 118)
(196, 54, 0, 27, 127)
(244, 169, 5, 2, 237)
(37, 181, 1, 9, 178)
(200, 224, 102, 0, 63)
(299, 209, 1, 1, 195)
(43, 180, 5, 5, 203)
(279, 120, 0, 87, 230)
(287, 142, 1, 5, 116)
(86, 202, 7, 1, 169)
(299, 203, 0, 0, 39)
(296, 206, 7, 3, 185)
(218, 119, 14, 2, 133)
(214, 6, 0, 10, 25)
(295, 223, 2, 2, 110)
(114, 17, 1, 18, 112)
(95, 196, 2, 3, 124)
(255, 212, 11, 2, 178)
(271, 206, 0, 0, 207)
(215, 103, 5, 4, 180)
(130, 11, 1, 11, 78)
(281, 208, 0, 0, 83)
(299, 115, 0, 90, 255)
(249, 124, 0, 55, 197)
(14, 198, 241, 0, 244)
(226, 178, 52, 0, 47)
(235, 219, 15, 1, 147)
(0, 182, 49, 0, 254)
(151, 158, 2, 8, 245)
(299, 159, 0, 16, 134)
(82, 28, 15, 5, 119)
(275, 224, 0, 0, 94)
(69, 224, 167, 0, 149)
(299, 133, 0, 0, 42)
(269, 182, 0, 15, 124)
(256, 158, 5, 2, 214)
(262, 91, 6, 5, 186)
(299, 192, 0, 0, 101)
(81, 224, 102, 0, 197)
(173, 142, 6, 5, 147)
(292, 190, 1, 0, 132)
(252, 185, 5, 1, 220)
(139, 158, 4, 5, 230)
(275, 154, 6, 2, 214)
(6, 87, 178, 0, 53)
(204, 169, 0, 0, 113)
(195, 24, 0, 162, 31)
(244, 216, 39, 0, 44)
(299, 223, 0, 0, 105)
(234, 90, 0, 3, 255)
(142, 218, 125, 0, 35)
(299, 83, 0, 91, 28)
(44, 190, 66, 0, 246)
(263, 119, 6, 9, 224)
(233, 159, 3, 2, 251)
(173, 201, 7, 1, 232)
(143, 37, 0, 2, 127)
(189, 49, 5, 9, 157)
(225, 113, 0, 0, 62)
(274, 119, 0, 5, 158)
(262, 224, 0, 0, 100)
(235, 224, 64, 0, 244)
(214, 70, 5, 3, 204)
(58, 224, 12, 0, 133)
(299, 84, 0, 136, 228)
(266, 54, 0, 0, 153)
(248, 89, 7, 11, 189)
(246, 187, 0, 23, 178)
(299, 51, 0, 178, 41)
(178, 146, 1, 10, 252)
(299, 215, 0, 0, 238)
(201, 224, 98, 0, 80)
(270, 149, 3, 4, 162)
(80, 2, 0, 129, 80)
(96, 65, 2, 13, 115)
(256, 188, 15, 2, 176)
(260, 154, 2, 0, 179)
(258, 47, 7, 2, 194)
(255, 224, 0, 0, 40)
(6, 177, 212, 0, 209)
(231, 215, 0, 9, 198)
(236, 173, 3, 1, 233)
(218, 122, 3, 1, 209)
(281, 96, 0, 0, 240)
(256, 224, 43, 0, 212)
(33, 212, 112, 0, 109)
(289, 155, 4, 1, 213)
(247, 105, 2, 2, 164)
(114, 60, 115, 0, 211)
(208, 190, 3, 3, 163)
(238, 199, 49, 0, 209)
(274, 161, 0, 59, 60)
(299, 179, 0, 1, 178)
(280, 210, 0, 14, 68)
(284, 201, 16, 0, 24)
(253, 201, 6, 1, 188)
(268, 83, 7, 2, 144)
(105, 103, 0, 0, 72)
(290, 208, 10, 0, 111)
(258, 176, 17, 0, 183)
(223, 116, 6, 7, 121)
(239, 102, 0, 10, 135)
(259, 35, 0, 63, 255)
(97, 166, 10, 4, 115)
(178, 161, 31, 0, 71)
(251, 4, 0, 146, 134)
(280, 204, 1, 2, 197)
(31, 153, 70, 0, 135)
(151, 121, 23, 0, 240)
(218, 85, 0, 105, 0)
(212, 110, 3, 1, 190)
(299, 92, 0, 58, 208)
(173, 205, 92, 0, 107)
(35, 115, 4, 4, 206)
(215, 138, 3, 9, 243)
(7, 224, 73, 0, 137)
(108, 192, 4, 1, 113)
(283, 37, 1, 17, 209)
(213, 211, 0, 0, 231)
(282, 194, 15, 1, 161)
(241, 16, 5, 2, 185)
(162, 42, 1, 22, 168)
(94, 224, 41, 0, 23)
(247, 222, 0, 0, 51)
(299, 150, 18, 2, 151)
(177, 22, 58, 2, 230)
(270, 29, 0, 19, 97)
(281, 216, 0, 0, 12)
(46, 224, 209, 0, 174)
(127, 200, 4, 4, 171)
(124, 192, 19, 0, 39)
(136, 202, 0, 0, 156)
(0, 163, 199, 0, 54)
(11, 169, 113, 0, 245)
(272, 154, 1, 4, 210)
(105, 148, 3, 1, 223)
(219, 220, 53, 0, 144)
(34, 137, 86, 0, 255)
(55, 97, 4, 9, 99)
(299, 224, 2, 1, 88)
(18, 221, 16, 1, 212)
(6, 117, 7, 3, 125)
(299, 57, 0, 76, 93)
(198, 210, 8, 0, 153)
(69, 220, 140, 0, 195)
(267, 224, 23, 0, 32)
(4, 10, 278, 0, 18)
(299, 77, 0, 88, 38)
(121, 210, 4, 6, 207)
(203, 224, 0, 0, 174)
(299, 117, 20, 0, 236)
(20, 92, 6, 9, 76)
(290, 221, 0, 0, 220)
(243, 61, 1, 27, 174)
(156, 153, 0, 34, 33)
(292, 168, 0, 7, 117)
(193, 131, 3, 11, 250)
(283, 34, 2, 2, 150)
(154, 157, 1, 16, 180)
(260, 140, 0, 24, 4)
(86, 208, 27, 0, 132)
(115, 62, 1, 10, 111)
(216, 210, 48, 0, 55)
(140, 149, 4, 3, 218)
(299, 207, 0, 14, 125)
(18, 140, 13, 1, 196)
(299, 91, 0, 33, 228)
(299, 122, 0, 25, 122)
(95, 200, 2, 3, 211)
(212, 201, 49, 0, 35)
(97, 101, 4, 11, 124)
(276, 57, 0, 12, 193)
(31, 146, 7, 10, 167)
(280, 211, 5, 1, 162)
(209, 212, 8, 0, 100)
(204, 35, 0, 117, 150)
(299, 151, 0, 0, 239)
(58, 203, 215, 0, 171)
(133, 209, 10, 0, 242)
(106, 35, 3, 2, 134)
(287, 109, 2, 5, 157)
(288, 82, 0, 2, 29)
(173, 0, 0, 17, 157)
(249, 162, 0, 65, 110)
(270, 69, 11, 0, 57)
(292, 44, 2, 6, 187)
(299, 0, 0, 193, 219)
(299, 212, 0, 0, 221)
(5, 58, 25, 1, 124)
(162, 224, 39, 0, 255)
(274, 180, 20, 0, 91)
(149, 149, 2, 3, 98)
(249, 156, 22, 0, 25)
(205, 208, 0, 16, 252)
(129, 5, 5, 4, 86)
(272, 95, 1, 15, 214)
(289, 108, 2, 5, 177)
(259, 217, 2, 0, 88)
(185, 135, 2, 4, 252)
(155, 93, 1, 19, 146)
(144, 43, 2, 22, 209)
(117, 224, 79, 0, 221)
(293, 133, 0, 0, 13)
(114, 166, 14, 1, 136)
(266, 149, 0, 50, 92)
(201, 133, 4, 8, 191)
(298, 44, 0, 54, 117)
(299, 98, 0, 41, 148)
(175, 224, 124, 0, 175)
(292, 10, 0, 76, 13)
(178, 120, 3, 3, 164)
(114, 135, 13, 1, 173)
(92, 224, 147, 0, 107)
(288, 96, 0, 2, 144)
(297, 4, 0, 92, 195)
(195, 207, 32, 2, 213)
(297, 211, 4, 1, 146)
(20, 212, 26, 1, 190)
(161, 149, 141, 0, 179)
(139, 162, 5, 0, 45)
(279, 108, 0, 10, 119)
(153, 204, 53, 0, 112)
(288, 94, 2, 3, 152)
(299, 146, 0, 18, 1)
(82, 79, 0, 73, 110)
(207, 203, 0, 4, 204)
(173, 172, 1, 6, 181)
(261, 137, 1, 1, 171)
(99, 133, 1, 18, 219)
(128, 195, 22, 0, 184)
(232, 207, 0, 0, 157)
(186, 77, 16, 4, 98)
(234, 224, 0, 0, 238)
(137, 224, 44, 0, 77)
(263, 80, 5, 5, 189)
(231, 214, 0, 0, 95)
(259, 222, 4, 1, 124)
(240, 213, 19, 0, 117)
(299, 179, 0, 7, 77)
(299, 0, 0, 88, 34)
(12, 217, 3, 1, 227)
(238, 101, 8, 0, 137)
(263, 111, 0, 53, 103)
(287, 17, 0, 162, 115)
(276, 151, 1, 4, 193)
(286, 210, 4, 2, 213)
(210, 94, 15, 4, 161)
(140, 202, 70, 0, 73)
(253, 171, 2, 1, 159)
(221, 73, 1, 12, 224)
(116, 224, 39, 0, 253)
(277, 181, 0, 17, 186)
(124, 0, 5, 8, 119)
(134, 77, 0, 120, 147)
(284, 207, 1, 2, 178)
(201, 193, 1, 6, 136)
(126, 205, 7, 4, 200)
(150, 77, 1, 11, 79)
(227, 201, 33, 0, 44)
(216, 223, 3, 3, 171)
(8, 54, 2, 11, 193)
(183, 203, 2, 5, 191)
(275, 80, 20, 0, 180)
(118, 36, 6, 5, 129)
(299, 140, 0, 0, 38)
(299, 186, 0, 2, 152)
(216, 196, 31, 0, 39)
(218, 187, 0, 0, 73)
(103, 184, 149, 0, 101)
(228, 218, 10, 1, 166)
(222, 90, 3, 5, 194)
(278, 70, 0, 12, 142)
(299, 95, 0, 125, 203)
(290, 224, 0, 0, 78)
(129, 224, 0, 0, 130)
(122, 172, 3, 9, 86)
(165, 130, 121, 0, 133)
(240, 94, 17, 0, 182)
(61, 224, 145, 0, 158)
(209, 97, 3, 2, 205)
(272, 223, 28, 0, 93)
(204, 124, 1, 12, 144)
(56, 224, 242, 0, 43)
(272, 197, 0, 0, 0)
(122, 86, 2, 10, 202)
(180, 143, 5, 3, 233)
(110, 65, 2, 19, 213)
(268, 208, 0, 0, 114)
(172, 43, 3, 4, 150)
(285, 192, 0, 0, 223)
(291, 86, 6, 2, 168)
(182, 187, 1, 7, 195)
(95, 43, 3, 8, 76)
(239, 17, 1, 11, 115)
(235, 37, 7, 2, 179)
(285, 57, 14, 4, 206)
(287, 209, 12, 0, 156)
(138, 116, 121, 0, 53)
(270, 13, 0, 34, 247)
(126, 74, 3, 8, 205)
(277, 171, 5, 5, 234)
(286, 158, 5, 2, 116)
(139, 206, 3, 2, 212)
(120, 123, 4, 12, 175)
(274, 218, 19, 0, 111)
(297, 160, 1, 5, 199)
(213, 215, 0, 0, 20)
(256, 124, 10, 1, 194)
(104, 192, 2, 2, 76)
(197, 69, 0, 143, 240)
(299, 224, 0, 16, 71)
(2, 202, 68, 0, 113)
(271, 121, 0, 72, 189)
(269, 182, 19, 0, 149)
(121, 125, 177, 0, 227)
(264, 135, 1, 3, 130)
(248, 48, 6, 9, 210)
(63, 216, 30, 3, 191)
(260, 0, 0, 2, 198)
(257, 200, 0, 0, 31)
(299, 202, 0, 14, 217)
(209, 11, 0, 75, 246)
(165, 175, 6, 10, 140)
(146, 207, 7, 1, 205)
(245, 191, 0, 13, 0)
(294, 113, 5, 1, 210)
(75, 137, 8, 2, 135)
(92, 59, 38, 0, 110)
(299, 126, 0, 0, 167)
(77, 207, 190, 0, 151)
(72, 147, 3, 4, 192)
(117, 224, 4, 1, 176)
(70, 92, 3, 13, 52)
(56, 224, 34, 0, 38)
(276, 96, 23, 0, 155)
(299, 42, 0, 6, 128)
(140, 204, 3, 2, 236)
(93, 224, 18, 0, 146)
(220, 57, 2, 4, 231)
(223, 42, 1, 5, 115)
(165, 153, 1, 17, 161)
(93, 163, 9, 5, 103)
(167, 224, 121, 0, 137)
(193, 162, 17, 0, 251)
(299, 200, 0, 0, 186)
(170, 216, 24, 0, 255)
(224, 71, 10, 3, 129)
(28, 187, 237, 0, 18)
(223, 110, 0, 1, 105)
(218, 187, 14, 2, 227)
(298, 171, 9, 3, 212)
(121, 164, 0, 15, 186)
(35, 80, 15, 0, 133)
(299, 61, 0, 163, 124)
(268, 224, 7, 0, 49)
(163, 141, 1, 16, 89)
(240, 215, 6, 1, 170)
(282, 222, 4, 1, 216)
(264, 175, 0, 17, 119)
(216, 165, 18, 1, 160)
(144, 70, 4, 24, 144)
(88, 224, 8, 0, 110)
(299, 224, 0, 0, 137)
(18, 212, 15, 0, 0)
(113, 221, 2, 3, 195)
(261, 214, 0, 8, 7)
(156, 11, 4, 9, 187)
(199, 123, 3, 13, 149)
(289, 122, 0, 0, 177)
(262, 41, 3, 6, 149)
(174, 207, 114, 0, 173)
(63, 46, 12, 2, 226)
(50, 224, 86, 0, 0)
(166, 209, 88, 0, 83)
(153, 42, 8, 7, 203)
(271, 205, 0, 0, 102)
(299, 155, 0, 7, 47)
(161, 129, 2, 10, 155)
(280, 166, 19, 0, 101)
(74, 224, 167, 0, 231)
(265, 12, 0, 0, 210)
(223, 212, 68, 0, 109)
(229, 109, 0, 42, 116)
(262, 155, 8, 1, 169)
(268, 18, 0, 79, 119)
(164, 208, 105, 0, 101)
(281, 92, 0, 27, 42)
(298, 142, 1, 2, 219)
(235, 207, 11, 6, 184)
(84, 130, 5, 1, 243)
(299, 12, 0, 121, 130)
(299, 126, 12, 0, 231)
(63, 56, 3, 13, 175)
(284, 169, 15, 1, 236)
(187, 209, 68, 0, 29)
(299, 4, 7, 16, 177)
(237, 219, 3, 5, 137)
(108, 224, 14, 0, 107)
(8, 210, 48, 0, 186)
(289, 182, 0, 0, 196)
(185, 224, 0, 0, 150)
(224, 181, 0, 29, 234)
(99, 155, 4, 6, 173)
(211, 89, 4, 2, 83)
(75, 175, 205, 0, 160)
(20, 192, 32, 0, 26)
(251, 206, 2, 1, 200)
(278, 103, 0, 35, 60)
(247, 22, 0, 108, 153)
(228, 116, 0, 22, 154)
(155, 202, 3, 7, 216)
(0, 224, 82, 0, 55)
(270, 166, 6, 1, 198)
(14, 77, 3, 13, 65)
(0, 224, 0, 0, 255)
(299, 224, 0, 0, 123)
(267, 180, 4, 3, 198)
(290, 20, 0, 122, 49)
(299, 5, 0, 66, 49)
(299, 223, 0, 0, 143)
(233, 66, 2, 2, 233)
(25, 215, 43, 0, 73)
(299, 99, 0, 19, 124)
(9, 203, 129, 0, 202)
(99, 15, 0, 119, 227)
(295, 156, 0, 67, 216)
(277, 180, 0, 28, 126)
(122, 156, 0, 1, 133)
(18, 88, 9, 3, 176)
(296, 19, 3, 5, 183)
(210, 21, 6, 12, 232)
(288, 167, 0, 2, 184)
(267, 175, 1, 2, 201)
(273, 40, 1, 7, 169)
(283, 48, 0, 100, 175)
(270, 164, 0, 62, 211)
(268, 93, 0, 59, 41)
(244, 6, 0, 101, 28)
(290, 132, 0, 0, 7)
(173, 189, 3, 5, 155)
(241, 190, 0, 0, 166)
(50, 190, 145, 0, 129)
(64, 180, 25, 0, 230)
(279, 188, 0, 0, 47)
(283, 103, 0, 27, 58)
(268, 224, 36, 0, 119)
(42, 97, 3, 14, 202)
(28, 204, 10, 5, 207)
(282, 32, 0, 31, 251)
(55, 121, 23, 7, 202)
(254, 24, 1, 15, 206)
(291, 75, 4, 2, 205)
(72, 211, 120, 0, 199)
(118, 172, 2, 4, 237)
(219, 40, 2, 4, 198)
(299, 180, 0, 44, 178)
(299, 182, 6, 3, 172)
(95, 224, 109, 0, 32)
(87, 94, 85, 0, 165)
(270, 5, 4, 3, 151)
(251, 216, 3, 1, 175)
(213, 219, 0, 0, 134)
(295, 61, 0, 13, 157)
(277, 184, 0, 0, 0)
(118, 193, 4, 4, 230)
(191, 214, 13, 3, 204)
(299, 122, 0, 57, 39)
(227, 213, 72, 0, 89)
(214, 183, 3, 10, 237)
(299, 219, 0, 0, 8)
(206, 224, 0, 0, 230)
(178, 208, 32, 0, 0)
(205, 224, 6, 0, 239)
(297, 138, 0, 14, 60)
(146, 143, 3, 4, 116)
(223, 209, 38, 0, 60)
(64, 126, 10, 3, 174)
(299, 134, 0, 6, 230)
(247, 9, 2, 6, 222)
(183, 156, 4, 8, 54)
(70, 224, 106, 0, 65)
(20, 148, 20, 0, 97)
(297, 208, 2, 1, 162)
(196, 224, 0, 0, 240)
(63, 224, 96, 0, 61)
(260, 168, 9, 4, 194)
(14, 137, 3, 13, 129)
(299, 224, 0, 0, 255)
(299, 102, 0, 4, 130)
(216, 224, 27, 0, 0)
(194, 205, 51, 0, 224)
(236, 113, 1, 5, 162)
(131, 8, 1, 46, 149)
(272, 57, 0, 0, 72)
(262, 202, 6, 1, 193)
(132, 167, 2, 27, 178)
(274, 203, 0, 14, 174)
(40, 220, 8, 2, 205)
(294, 191, 0, 23, 244)
(295, 74, 4, 2, 173)
(133, 122, 8, 6, 213)
(234, 14, 1, 7, 119)
(193, 125, 1, 3, 113)
(20, 224, 38, 0, 132)
(250, 166, 0, 42, 120)
(270, 102, 0, 106, 73)
(224, 181, 10, 0, 190)
(276, 206, 5, 1, 189)
(269, 17, 0, 0, 236)
(299, 85, 0, 105, 152)
(53, 205, 0, 6, 24)
(299, 165, 0, 18, 224)
(104, 35, 5, 8, 97)
(244, 172, 6, 3, 207)
(139, 217, 9, 1, 253)
(246, 143, 5, 1, 138)
(151, 154, 1, 3, 115)
(255, 8, 3, 4, 216)
(273, 98, 0, 101, 14)
(93, 75, 128, 0, 189)
(242, 219, 0, 0, 223)
(165, 216, 52, 0, 27)
(56, 224, 11, 6, 165)
(75, 210, 0, 0, 0)
(248, 38, 2, 3, 128)
(42, 223, 3, 6, 177)
(0, 135, 103, 0, 19)
(93, 198, 7, 4, 198)
(89, 165, 17, 2, 121)
(150, 184, 132, 0, 255)
(57, 178, 31, 1, 147)
(117, 219, 0, 11, 234)
(297, 179, 0, 44, 225)
(291, 20, 0, 49, 117)
(299, 105, 0, 49, 128)
(299, 9, 0, 121, 167)
(241, 224, 17, 0, 51)
(191, 81, 12, 2, 147)
(0, 90, 116, 0, 95)
(0, 190, 26, 0, 202)
(296, 131, 0, 0, 81)
(0, 179, 2, 2, 98)
(171, 36, 11, 3, 176)
(299, 152, 0, 45, 100)
(13, 196, 129, 0, 62)
(161, 197, 1, 5, 81)
(188, 185, 2, 2, 138)
(243, 108, 0, 44, 3)
(228, 99, 2, 13, 172)
(299, 224, 0, 0, 110)
(270, 87, 4, 3, 198)
(97, 215, 76, 0, 48)
(159, 170, 2, 4, 133)
(8, 150, 26, 0, 157)
(277, 114, 18, 2, 194)
(247, 168, 22, 1, 201)
(258, 177, 0, 20, 197)
(23, 217, 18, 0, 240)
(232, 224, 43, 0, 61)
(299, 190, 0, 14, 94)
(199, 224, 50, 0, 143)
(211, 120, 0, 0, 154)
(28, 224, 79, 0, 206)
(288, 65, 2, 9, 215)
(205, 164, 21, 0, 246)
(278, 207, 0, 8, 255)
(299, 156, 0, 20, 215)
(260, 224, 22, 0, 40)
(243, 218, 8, 0, 144)
(223, 224, 27, 0, 194)
(244, 1, 0, 27, 193)
(294, 37, 0, 100, 172)
(270, 92, 0, 0, 241)
(106, 207, 10, 8, 226)
(287, 223, 4, 1, 136)
(202, 217, 0, 13, 105)
(37, 49, 10, 9, 97)
(286, 220, 0, 4, 0)
(240, 23, 0, 107, 83)
(191, 189, 8, 2, 226)
(247, 83, 0, 52, 225)
(299, 191, 14, 0, 82)
(100, 81, 1, 30, 161)
(299, 182, 0, 0, 106)
(9, 224, 212, 0, 1)
(183, 224, 87, 0, 12)
(177, 224, 64, 0, 165)
(34, 168, 26, 0, 172)
(259, 5, 0, 32, 92)
(286, 35, 8, 1, 222)
(84, 203, 1, 3, 172)
(139, 104, 0, 85, 183)
(238, 155, 5, 2, 226)
(197, 109, 0, 14, 155)
(140, 201, 12, 0, 69)
(279, 149, 1, 0, 29)
(280, 195, 11, 1, 187)
(215, 224, 84, 0, 136)
(61, 148, 6, 4, 131)
(272, 4, 0, 103, 53)
(232, 70, 5, 11, 136)
(210, 58, 3, 6, 163)
(287, 138, 0, 52, 255)
(274, 217, 19, 0, 95)
(6, 182, 17, 5, 82)
(298, 23, 0, 85, 144)
(37, 188, 143, 0, 27)
(14, 212, 224, 0, 172)
(209, 99, 4, 6, 116)
(241, 224, 32, 0, 191)
(155, 147, 8, 1, 185)
(291, 197, 0, 0, 232)
(121, 209, 80, 0, 61)
(256, 203, 16, 0, 224)
(291, 2, 0, 195, 241)
(243, 224, 57, 0, 42)
(250, 53, 1, 17, 198)
(213, 148, 1, 7, 112)
(73, 224, 189, 0, 72)
(179, 185, 1, 4, 234)
(278, 223, 0, 0, 208)
(188, 179, 23, 0, 82)
(192, 212, 11, 1, 240)
(299, 52, 0, 37, 93)
(162, 221, 125, 0, 38)
(202, 60, 8, 4, 215)
(299, 181, 0, 35, 140)
(88, 71, 6, 6, 200)
(268, 184, 3, 1, 230)
(299, 156, 0, 68, 204)
(294, 65, 5, 1, 198)
(141, 198, 158, 0, 133)
(273, 210, 21, 0, 34)
(297, 224, 0, 0, 209)
(240, 182, 27, 0, 93)
(46, 221, 129, 0, 29)
(195, 188, 1, 8, 196)
(278, 204, 0, 4, 58)
(211, 172, 0, 7, 229)
(299, 50, 0, 174, 125)
(292, 83, 0, 40, 122)
(179, 144, 4, 3, 252)
(295, 143, 4, 0, 29)
(284, 198, 1, 3, 183)
(148, 175, 76, 0, 100)
(226, 200, 66, 0, 25)
(294, 32, 0, 8, 100)
(0, 211, 299, 0, 96)
(68, 161, 9, 1, 50)
(40, 211, 143, 0, 61)
(251, 221, 1, 2, 165)
(299, 104, 7, 0, 31)
(178, 182, 1, 7, 227)
(265, 46, 4, 7, 159)
(211, 224, 71, 0, 110)
(299, 161, 0, 51, 163)
(23, 115, 1, 14, 137)
(249, 208, 0, 14, 131)
(134, 182, 2, 1, 230)
(278, 208, 0, 0, 22)
(140, 89, 1, 28, 99)
(188, 217, 92, 0, 217)
(299, 148, 0, 0, 49)
(0, 55, 146, 0, 0)
(93, 166, 14, 3, 110)
(139, 96, 3, 2, 202)
(69, 224, 188, 0, 17)
(97, 216, 93, 0, 199)
(279, 224, 0, 9, 210)
(240, 220, 33, 0, 117)
(284, 88, 0, 12, 220)
(245, 200, 42, 0, 82)
(290, 55, 0, 41, 191)
(241, 76, 18, 1, 146)
(259, 48, 0, 166, 221)
(65, 224, 159, 0, 68)
(113, 200, 20, 0, 52)
(216, 203, 18, 0, 185)
(194, 208, 26, 0, 96)
(226, 187, 0, 0, 71)
(299, 122, 0, 10, 200)
(152, 40, 14, 0, 131)
(186, 213, 51, 0, 34)
(64, 143, 12, 2, 151)
(265, 171, 25, 0, 23)
(82, 104, 0, 111, 169)
(15, 224, 122, 0, 255)
(291, 150, 2, 1, 119)
(234, 88, 3, 16, 202)
(242, 209, 51, 0, 83)
(292, 44, 0, 199, 132)
(103, 164, 196, 0, 193)
(243, 224, 32, 0, 235)
(281, 159, 1, 6, 202)
(278, 175, 21, 0, 179)
(281, 169, 0, 8, 205)
(33, 78, 2, 4, 68)
(69, 198, 3, 7, 214)
(46, 87, 3, 10, 109)
(262, 121, 0, 32, 141)
(245, 172, 22, 0, 182)
(32, 59, 7, 4, 200)
(299, 209, 0, 14, 78)
(299, 210, 0, 0, 0)
(62, 224, 70, 0, 40)
(299, 191, 2, 6, 161)
(221, 187, 78, 0, 165)
(208, 115, 0, 44, 151)
(185, 215, 85, 0, 62)
(109, 147, 64, 0, 252)
(274, 157, 2, 2, 118)
(105, 184, 55, 0, 43)
(90, 224, 134, 0, 185)
(207, 224, 31, 0, 97)
(48, 112, 5, 3, 189)
(295, 136, 4, 1, 183)
(299, 122, 0, 88, 28)
(253, 208, 1, 2, 165)
(226, 182, 33, 1, 220)
(91, 37, 3, 8, 156)
(199, 102, 0, 34, 158)
(78, 224, 162, 0, 150)
(55, 120, 5, 6, 211)
(154, 12, 0, 119, 242)
(286, 126, 2, 9, 228)
(279, 54, 0, 19, 87)
(268, 163, 0, 50, 87)
(280, 193, 0, 13, 8)
(299, 224, 0, 0, 68)
(290, 190, 4, 1, 146)
(203, 106, 0, 0, 84)
(285, 88, 0, 108, 165)
(139, 224, 116, 0, 23)
(253, 52, 1, 6, 185)
(279, 222, 20, 0, 0)
(188, 224, 109, 0, 226)
(254, 69, 0, 68, 104)
(43, 220, 208, 0, 235)
(222, 171, 0, 0, 96)
(227, 218, 0, 3, 83)
(251, 224, 28, 0, 112)
(297, 204, 0, 0, 226)
(194, 223, 11, 1, 169)
(0, 168, 34, 0, 106)
(99, 175, 2, 0, 165)
(255, 213, 0, 0, 130)
(299, 184, 0, 0, 235)
(270, 198, 0, 0, 176)
(187, 206, 47, 0, 50)
(145, 212, 8, 2, 246)
(252, 63, 0, 10, 219)
(148, 54, 3, 7, 136)
(122, 53, 5, 3, 114)
(286, 202, 0, 0, 171)
(73, 77, 4, 0, 136)
(182, 201, 11, 2, 164)
(180, 186, 0, 0, 190)
(191, 217, 7, 4, 194)
(289, 100, 0, 124, 209)
(299, 128, 0, 0, 255)
(254, 217, 10, 2, 188)
(241, 148, 0, 40, 17)
(292, 23, 1, 2, 142)
(131, 87, 3, 8, 177)
(238, 130, 2, 1, 173)
(271, 151, 7, 0, 7)
(255, 122, 0, 36, 214)
(291, 40, 3, 3, 151)
(255, 224, 2, 0, 196)
(159, 219, 19, 0, 242)
(244, 181, 0, 55, 201)
(244, 16, 2, 9, 148)
(196, 201, 6, 1, 186)
(211, 77, 57, 0, 101)
(89, 100, 1, 13, 114)
(104, 169, 25, 0, 255)
(107, 224, 133, 0, 148)
(246, 145, 0, 17, 120)
(299, 116, 0, 71, 196)
(225, 224, 74, 0, 226)
(145, 38, 2, 5, 214)
(299, 221, 0, 9, 255)
(294, 195, 0, 29, 0)
(299, 213, 0, 2, 150)
(290, 57, 0, 141, 191)
(299, 184, 0, 40, 162)
(260, 224, 24, 0, 226)
(299, 41, 0, 109, 2)
(157, 141, 4, 3, 220)
(299, 218, 0, 0, 183)
(167, 56, 0, 22, 37)
(249, 188, 4, 0, 157)
(191, 99, 3, 7, 162)
(129, 179, 9, 3, 194)
(296, 194, 0, 28, 162)
(263, 214, 8, 1, 154)
(135, 212, 0, 0, 31)
(258, 224, 10, 0, 191)
(214, 114, 0, 30, 50)
(208, 84, 8, 3, 126)
(128, 160, 3, 10, 86)
(246, 55, 4, 8, 168)
(278, 153, 0, 71, 191)
(281, 133, 0, 0, 114)
(204, 153, 5, 3, 247)
(261, 200, 0, 24, 132)
(155, 98, 8, 3, 124)
(168, 224, 117, 0, 170)
(235, 154, 3, 2, 112)
(195, 152, 3, 9, 77)
(145, 34, 4, 3, 115)
(260, 103, 37, 0, 34)
(286, 51, 1, 3, 146)
(161, 212, 29, 0, 28)
(299, 0, 0, 74, 149)
(154, 160, 2, 6, 105)
(276, 92, 3, 3, 191)
(296, 206, 3, 2, 193)
(188, 206, 5, 3, 237)
(181, 224, 87, 0, 36)
(225, 128, 4, 2, 245)
(121, 224, 139, 0, 255)
(260, 101, 0, 0, 255)
(252, 143, 61, 0, 114)
(240, 206, 42, 0, 72)
(161, 70, 4, 4, 198)
(175, 224, 124, 0, 134)
(126, 177, 6, 1, 239)
(72, 141, 0, 28, 20)
(249, 207, 1, 1, 228)
(264, 214, 3, 2, 160)
(227, 224, 31, 0, 75)
(59, 224, 206, 0, 10)
(188, 19, 0, 0, 154)
(241, 204, 0, 0, 175)
(251, 32, 1, 13, 177)
(213, 75, 4, 3, 144)
(42, 224, 135, 0, 31)
(12, 199, 264, 0, 167)
(240, 105, 18, 0, 113)
(111, 108, 3, 22, 218)
(275, 72, 1, 5, 168)
(48, 66, 174, 0, 147)
(164, 224, 68, 0, 23)
(151, 217, 6, 3, 202)
(205, 178, 1, 19, 238)
(277, 214, 4, 1, 157)
(260, 224, 11, 0, 91)
(207, 188, 26, 0, 99)
(100, 217, 123, 0, 255)
(0, 203, 230, 0, 196)
(284, 0, 0, 127, 203)
(44, 194, 53, 1, 219)
(69, 224, 0, 0, 192)
(256, 196, 6, 0, 165)
(282, 65, 0, 10, 181)
(275, 45, 0, 46, 253)
(292, 55, 0, 0, 19)
(287, 165, 0, 26, 151)
(68, 211, 0, 0, 147)
(265, 203, 0, 0, 149)
(59, 194, 3, 5, 219)
(299, 0, 0, 142, 90)
(292, 14, 3, 3, 173)
(177, 200, 6, 1, 193)
(259, 24, 0, 134, 188)
(139, 162, 1, 7, 97)
(21, 224, 138, 0, 59)
(256, 57, 2, 8, 214)
(149, 202, 47, 0, 109)
(278, 224, 0, 0, 188)
(174, 223, 2, 1, 186)
(22, 135, 235, 0, 145)
(53, 224, 0, 0, 245)
(45, 41, 6, 6, 198)
(268, 203, 9, 0, 143)
(278, 0, 2, 5, 143)
(75, 215, 71, 0, 160)
(225, 222, 63, 0, 144)
(259, 20, 4, 5, 211)
(225, 224, 0, 0, 135)
(299, 210, 0, 0, 90)
(202, 192, 75, 0, 92)
(272, 223, 0, 0, 182)
(256, 221, 0, 3, 1)
(298, 15, 0, 97, 76)
(69, 26, 2, 30, 224)
(23, 224, 74, 0, 98)
(0, 141, 196, 0, 178)
(266, 110, 18, 0, 104)
(180, 188, 2, 3, 221)
(208, 204, 37, 0, 206)
(0, 196, 195, 0, 145)
(247, 199, 0, 0, 224)
(200, 112, 5, 1, 195)
(243, 8, 29, 0, 50)
(72, 223, 7, 1, 174)
(175, 160, 2, 4, 195)
(95, 224, 140, 0, 255)
(285, 118, 0, 10, 204)
(147, 212, 0, 0, 210)
(89, 136, 4, 4, 103)
(274, 180, 13, 0, 21)
(173, 209, 15, 1, 213)
(123, 184, 3, 6, 238)
(67, 224, 178, 0, 73)
(279, 152, 0, 27, 111)
(299, 113, 0, 43, 50)
(232, 128, 0, 18, 26)
(138, 222, 15, 1, 205)
(92, 224, 8, 0, 233)
(286, 200, 0, 24, 61)
(299, 139, 0, 25, 16)
(162, 70, 16, 2, 160)
(280, 145, 0, 11, 18)
(295, 130, 3, 1, 185)
(11, 108, 11, 7, 75)
(97, 224, 65, 0, 15)
(0, 223, 5, 1, 153)
(124, 222, 42, 0, 19)
(139, 162, 23, 0, 175)
(284, 168, 0, 0, 236)
(280, 117, 8, 1, 225)
(168, 191, 86, 0, 224)
(263, 212, 3, 0, 189)
(191, 210, 4, 1, 219)
(185, 213, 0, 7, 34)
(284, 128, 6, 2, 203)
(166, 156, 1, 19, 174)
(49, 224, 81, 0, 68)
(289, 195, 0, 4, 68)
(234, 224, 1, 2, 186)
(135, 217, 19, 0, 38)
(299, 97, 0, 26, 212)
(299, 169, 0, 31, 226)
(220, 54, 0, 74, 24)
(284, 73, 0, 115, 0)
(299, 40, 0, 147, 217)
(0, 136, 61, 0, 179)
(299, 224, 0, 0, 0)
(0, 191, 13, 1, 168)
(275, 197, 0, 23, 224)
(18, 174, 181, 0, 102)
(283, 116, 1, 4, 213)
(164, 224, 0, 15, 123)
(299, 224, 0, 0, 99)
(299, 31, 0, 22, 226)
(229, 190, 23, 0, 156)
(94, 92, 5, 6, 173)
(277, 175, 0, 0, 16)
(150, 205, 57, 0, 180)
(101, 141, 95, 0, 41)
(272, 224, 0, 0, 141)
(254, 172, 4, 1, 230)
(299, 224, 22, 0, 92)
(208, 157, 3, 3, 214)
(143, 224, 44, 0, 73)
(0, 163, 5, 0, 181)
(299, 150, 0, 0, 235)
(263, 205, 17, 0, 80)
(28, 186, 5, 3, 118)
(285, 224, 0, 0, 221)
(176, 186, 46, 0, 215)
(204, 106, 0, 76, 255)
(277, 194, 19, 0, 255)
(70, 207, 115, 0, 137)
(172, 224, 115, 0, 239)
(298, 94, 1, 10, 218)
(278, 107, 0, 30, 100)
(299, 173, 0, 0, 27)
(209, 189, 25, 0, 146)
(12, 218, 0, 0, 147)
(0, 12, 212, 0, 65)
(228, 223, 3, 1, 143)
(132, 148, 2, 5, 94)
(279, 70, 3, 7, 152)
(250, 39, 4, 3, 213)
(211, 194, 3, 2, 141)
(100, 130, 5, 5, 109)
(98, 201, 58, 0, 0)
(154, 206, 18, 0, 71)
(155, 192, 118, 0, 13)
(185, 119, 12, 1, 109)
(55, 162, 11, 0, 174)
(273, 224, 6, 0, 172)
(212, 37, 0, 18, 198)
(299, 3, 0, 120, 224)
(35, 27, 52, 0, 198)
(77, 71, 5, 14, 175)
(78, 218, 10, 1, 178)
(151, 216, 65, 0, 221)
(277, 108, 0, 78, 56)
(220, 101, 1, 9, 172)
(31, 13, 8, 15, 208)
(275, 215, 0, 9, 209)
(299, 218, 0, 3, 193)
(124, 224, 50, 0, 209)
(196, 133, 1, 2, 177)
(201, 148, 0, 0, 255)
(237, 193, 0, 1, 0)
(299, 95, 0, 26, 170)
(168, 113, 1, 7, 138)
(253, 13, 3, 2, 148)
(178, 197, 121, 0, 101)
(256, 199, 0, 19, 141)
(299, 219, 0, 0, 149)
(222, 218, 49, 0, 208)
(17, 199, 23, 0, 63)
(299, 59, 0, 151, 79)
(299, 0, 0, 56, 120)
(280, 38, 0, 0, 146)
(280, 56, 4, 12, 202)
(299, 202, 0, 4, 15)
(232, 214, 52, 0, 56)
(250, 19, 0, 145, 255)
(230, 30, 3, 6, 131)
(256, 177, 17, 0, 109)
(283, 22, 0, 93, 152)
(294, 186, 1, 8, 171)
(209, 191, 25, 0, 195)
(299, 42, 0, 136, 58)
(75, 190, 4, 1, 213)
(147, 224, 37, 0, 0)
(111, 54, 1, 3, 210)
(174, 61, 0, 17, 53)
(283, 173, 16, 0, 26)
(59, 218, 8, 1, 178)
(109, 142, 11, 1, 241)
(149, 62, 4, 6, 179)
(299, 135, 6, 0, 61)
(293, 224, 0, 0, 52)
(47, 117, 4, 8, 202)
(51, 224, 25, 0, 97)
(151, 151, 0, 6, 185)
(102, 158, 8, 1, 182)
(119, 175, 0, 10, 16)
(248, 184, 0, 2, 130)
(63, 153, 15, 0, 142)
(255, 179, 0, 5, 114)
(299, 224, 0, 0, 251)
(146, 125, 6, 4, 133)
(280, 205, 0, 0, 190)
(299, 154, 0, 37, 195)
(12, 121, 6, 2, 180)
(299, 112, 0, 60, 83)
(254, 204, 11, 1, 159)
(251, 89, 0, 0, 42)
(267, 18, 0, 97, 179)
(234, 221, 0, 0, 175)
(179, 187, 0, 0, 193)
(92, 207, 163, 0, 129)
(256, 224, 6, 0, 85)
(99, 224, 200, 0, 213)
(5, 224, 100, 0, 236)
(76, 32, 60, 0, 139)
(115, 6, 0, 52, 15)
(189, 215, 0, 0, 33)
(299, 183, 0, 13, 202)
(135, 101, 2, 4, 42)
(190, 224, 29, 0, 138)
(136, 207, 80, 0, 31)
(274, 58, 0, 144, 60)
(205, 67, 5, 3, 134)
(279, 62, 0, 144, 188)
(148, 161, 2, 8, 206)
(299, 68, 0, 27, 217)
(198, 43, 17, 0, 9)
(285, 181, 11, 1, 204)
(139, 224, 122, 0, 55)
(0, 176, 0, 0, 255)
(151, 204, 0, 1, 156)
(237, 224, 0, 0, 224)
(56, 224, 138, 0, 130)
(299, 62, 10, 3, 214)
(203, 156, 3, 4, 98)
(71, 53, 63, 0, 0)
(270, 79, 0, 92, 52)
(27, 224, 7, 3, 185)
(274, 216, 0, 0, 196)
(263, 201, 2, 3, 188)
(136, 224, 96, 0, 178)
(67, 140, 4, 2, 244)
(34, 221, 29, 0, 62)
(299, 186, 0, 22, 24)
(12, 100, 10, 3, 141)
(299, 171, 0, 25, 7)
(0, 159, 204, 0, 251)
(145, 184, 0, 0, 178)
(275, 206, 9, 0, 14)
(245, 224, 1, 0, 76)
(84, 127, 6, 3, 248)
(166, 194, 18, 0, 71)
(272, 130, 1, 3, 241)
(273, 161, 3, 3, 225)
(188, 224, 3, 1, 192)
(87, 224, 143, 0, 225)
(299, 224, 0, 0, 152)
(260, 142, 4, 2, 250)
(34, 224, 238, 0, 113)
(256, 97, 0, 0, 226)
(297, 39, 0, 66, 25)
(299, 52, 0, 106, 47)
(282, 137, 0, 66, 255)
(0, 198, 96, 0, 91)
(291, 195, 0, 10, 160)
(92, 218, 1, 1, 179)
(205, 219, 19, 1, 188)
(270, 205, 1, 0, 72)
(180, 224, 0, 0, 0)
(244, 100, 16, 1, 234)
(33, 215, 101, 0, 49)
(254, 32, 0, 24, 62)
(286, 128, 2, 3, 210)
(213, 170, 8, 0, 226)
(288, 74, 0, 0, 217)
(11, 139, 1, 10, 91)
(156, 181, 63, 0, 243)
(299, 91, 0, 59, 185)
(28, 178, 18, 0, 60)
(71, 62, 4, 4, 210)
(279, 180, 0, 5, 64)
(214, 56, 0, 115, 32)
(0, 184, 53, 0, 179)
(223, 181, 12, 2, 215)
(270, 142, 0, 82, 208)
(278, 95, 0, 128, 60)
(278, 43, 0, 125, 0)
(69, 195, 0, 7, 71)
(184, 54, 2, 11, 127)
(136, 47, 1, 50, 166)
(16, 85, 27, 4, 126)
(36, 172, 204, 0, 96)
(200, 191, 9, 0, 187)
(12, 209, 113, 0, 207)
(299, 162, 0, 0, 231)
(268, 37, 0, 131, 190)
(285, 224, 4, 0, 140)
(296, 199, 3, 0, 210)
(291, 136, 0, 0, 113)
(285, 28, 35, 0, 173)
(210, 67, 1, 6, 236)
(299, 148, 0, 54, 153)
(293, 158, 1, 1, 149)
(245, 224, 1, 0, 162)
(1, 6, 26, 8, 193)
(217, 186, 81, 0, 80)
(58, 180, 176, 0, 206)
(299, 9, 0, 159, 161)
(89, 12, 23, 10, 218)
(291, 95, 0, 96, 45)
(244, 47, 0, 75, 142)
(171, 203, 2, 1, 214)
(158, 80, 10, 5, 124)
(214, 127, 1, 1, 180)
(162, 120, 1, 7, 86)
(299, 108, 0, 0, 1)
(299, 133, 0, 91, 54)
(228, 126, 5, 2, 99)
(299, 125, 0, 52, 255)
(295, 121, 0, 17, 0)
(76, 220, 69, 0, 40)
(24, 186, 190, 0, 57)
(278, 168, 0, 2, 125)
(265, 166, 3, 3, 234)
(299, 190, 0, 0, 33)
(254, 184, 1, 1, 172)
(149, 205, 7, 1, 138)
(299, 205, 0, 8, 127)
(0, 160, 31, 0, 23)
(150, 205, 133, 0, 125)
(7, 19, 11, 11, 203)
(216, 39, 0, 128, 255)
(258, 164, 10, 1, 216)
(40, 109, 7, 3, 208)
(213, 84, 2, 1, 177)
(209, 206, 11, 4, 211)
(281, 23, 0, 93, 169)
(25, 127, 85, 0, 73)
(208, 186, 0, 11, 227)
(183, 134, 2, 5, 165)
(67, 224, 11, 0, 0)
(41, 29, 3, 7, 132)
(237, 224, 0, 0, 190)
(155, 187, 10, 2, 205)
(101, 213, 156, 0, 81)
(299, 151, 0, 0, 229)
(241, 150, 2, 4, 239)
(120, 224, 43, 0, 127)
(154, 91, 7, 7, 175)
(209, 224, 53, 0, 191)
(244, 200, 8, 1, 230)
(190, 170, 5, 1, 162)
(110, 0, 7, 6, 223)
(183, 203, 0, 15, 193)
(299, 221, 0, 3, 14)
(293, 224, 0, 0, 61)
(52, 138, 10, 3, 147)
(260, 136, 0, 7, 96)
(243, 25, 2, 4, 196)
(76, 197, 3, 1, 119)
(252, 112, 0, 16, 205)
(184, 113, 3, 15, 114)
(106, 169, 18, 1, 232)
(41, 49, 28, 1, 143)
(270, 86, 0, 0, 36)
(273, 53, 0, 124, 80)
(292, 150, 0, 12, 53)
(292, 151, 0, 16, 131)
(299, 72, 0, 69, 53)
(206, 176, 72, 0, 61)
(292, 35, 3, 3, 232)
(211, 222, 41, 0, 231)
(216, 197, 3, 4, 205)
(260, 69, 5, 1, 170)
(216, 217, 34, 0, 255)
(214, 224, 12, 0, 97)
(25, 70, 165, 0, 220)
(159, 61, 0, 58, 255)
(117, 146, 26, 0, 207)
(70, 66, 1, 12, 118)
(254, 46, 2, 2, 236)
(299, 183, 0, 6, 176)
(280, 207, 0, 9, 119)
(84, 224, 0, 0, 241)
(290, 208, 0, 0, 245)
(290, 113, 0, 84, 228)
(299, 20, 0, 26, 77)
(161, 221, 40, 0, 139)
(221, 224, 46, 0, 58)
(278, 207, 0, 17, 12)
(23, 183, 10, 7, 107)
(44, 221, 26, 0, 121)
(13, 224, 43, 0, 132)
(202, 172, 9, 2, 224)
(272, 202, 0, 0, 80)
(219, 152, 4, 9, 101)
(299, 33, 0, 0, 39)
(35, 185, 12, 3, 170)
(277, 212, 0, 12, 154)
(35, 222, 8, 2, 194)
(182, 175, 0, 0, 13)
(144, 188, 2, 6, 181)
(290, 115, 0, 0, 120)
(128, 216, 0, 0, 246)
(299, 165, 0, 23, 44)
(237, 8, 8, 3, 230)
(131, 192, 1, 4, 190)
(117, 201, 0, 7, 238)
(250, 60, 0, 83, 246)
(286, 219, 1, 1, 122)
(299, 200, 0, 10, 210)
(276, 108, 0, 77, 114)
(270, 114, 0, 64, 191)
(277, 196, 4, 2, 209)
(299, 85, 0, 53, 142)
(209, 147, 5, 7, 120)
(145, 86, 0, 127, 238)
(238, 194, 0, 16, 23)
(250, 216, 5, 3, 172)
(223, 142, 0, 20, 151)
(260, 0, 0, 141, 129)
(131, 161, 4, 0, 95)
(226, 183, 0, 0, 86)
(278, 224, 21, 0, 249)
(296, 223, 0, 16, 29)
(264, 194, 0, 0, 234)
(200, 93, 3, 2, 190)
(286, 111, 0, 10, 74)
(288, 31, 0, 21, 254)
(291, 73, 8, 1, 146)
(283, 0, 0, 94, 140)
(258, 224, 0, 0, 190)
(269, 128, 0, 0, 100)
(299, 121, 0, 18, 175)
(299, 32, 0, 57, 0)
(252, 157, 0, 0, 184)
(293, 224, 0, 0, 225)
(176, 63, 1, 22, 116)
(66, 165, 1, 8, 100)
(214, 75, 1, 1, 217)
(102, 224, 175, 0, 100)
(285, 155, 0, 10, 22)
(50, 219, 2, 1, 235)
(149, 92, 133, 0, 103)
(74, 200, 216, 0, 78)
(278, 205, 0, 19, 70)
(107, 187, 1, 3, 98)
(164, 216, 2, 4, 235)
(15, 176, 45, 0, 56)
(138, 196, 5, 5, 136)
(299, 76, 0, 31, 220)
(40, 163, 259, 0, 30)
(31, 151, 9, 6, 156)
(151, 199, 61, 0, 247)
(243, 224, 28, 0, 167)
(299, 183, 0, 12, 255)
(270, 224, 0, 0, 98)
(299, 59, 0, 143, 214)
(155, 212, 0, 0, 98)
(228, 97, 1, 4, 140)
(285, 135, 6, 1, 208)
(287, 200, 2, 5, 192)
(274, 202, 0, 0, 133)
(272, 80, 0, 40, 144)
(233, 83, 22, 0, 4)
(268, 31, 0, 162, 151)
(241, 220, 3, 2, 162)
(279, 224, 1, 1, 231)
(247, 25, 1, 8, 124)
(63, 90, 3, 2, 66)
(177, 161, 12, 3, 62)
(277, 159, 0, 65, 196)
(62, 224, 150, 0, 241)
(42, 142, 13, 7, 239)
(265, 144, 6, 2, 252)
(95, 90, 1, 6, 111)
(271, 202, 8, 1, 162)
(299, 0, 0, 165, 8)
(235, 211, 2, 5, 180)
(232, 180, 55, 0, 16)
(198, 53, 2, 6, 96)
(254, 20, 0, 16, 233)
(74, 214, 8, 3, 188)
(134, 130, 0, 41, 244)
(255, 96, 0, 12, 232)
(279, 89, 5, 4, 197)
(144, 169, 0, 4, 6)
(299, 223, 0, 0, 137)
(252, 211, 22, 0, 134)
(294, 103, 0, 8, 234)
(280, 187, 1, 3, 209)
(299, 104, 0, 63, 166)
(179, 189, 57, 0, 207)
(299, 142, 0, 18, 116)
(153, 89, 2, 6, 98)
(260, 224, 8, 0, 37)
(272, 75, 27, 0, 79)
(299, 199, 0, 0, 0)
(269, 204, 1, 0, 50)
(229, 37, 2, 15, 205)
(195, 184, 2, 0, 13)
(194, 151, 2, 3, 89)
(150, 93, 2, 8, 179)
(67, 202, 0, 0, 19)
(140, 214, 62, 0, 91)
(140, 219, 3, 1, 187)
(299, 144, 0, 79, 0)
(122, 184, 74, 0, 97)
(216, 216, 4, 3, 194)
(188, 187, 4, 0, 216)
(0, 224, 254, 0, 24)
(174, 222, 110, 0, 187)
(290, 153, 0, 33, 127)
(270, 101, 2, 13, 211)
(299, 158, 0, 11, 3)
(272, 193, 0, 36, 141)
(189, 180, 93, 0, 137)
(259, 224, 5, 0, 21)
(296, 146, 1, 3, 163)
(293, 140, 0, 57, 67)
(174, 210, 86, 0, 169)
(299, 87, 21, 0, 200)
(3, 139, 9, 2, 67)
(251, 212, 11, 1, 174)
(234, 84, 2, 15, 198)
(299, 22, 0, 195, 13)
(251, 184, 0, 4, 237)
(99, 152, 0, 0, 26)
(103, 206, 12, 1, 208)
(255, 161, 0, 0, 73)
(269, 138, 4, 0, 134)
(295, 216, 9, 2, 129)
(207, 221, 9, 2, 168)
(0, 190, 221, 0, 103)
(139, 137, 0, 46, 58)
(130, 202, 9, 1, 234)
(100, 74, 0, 27, 161)
(87, 216, 106, 0, 76)
(31, 224, 144, 0, 171)
(111, 224, 0, 0, 247)
(11, 196, 288, 0, 131)
(186, 207, 35, 0, 165)
(261, 215, 36, 0, 238)
(82, 181, 26, 1, 119)
(250, 223, 3, 1, 195)
(271, 35, 0, 53, 121)
(197, 193, 85, 0, 242)
(0, 177, 16, 1, 68)
(46, 224, 112, 0, 167)
(268, 201, 2, 0, 79)
(271, 106, 0, 16, 37)
(246, 208, 0, 13, 255)
(47, 96, 30, 2, 129)
(299, 104, 0, 17, 86)
(191, 210, 74, 0, 46)
(227, 219, 58, 0, 69)
(218, 224, 10, 0, 73)
(299, 59, 0, 87, 235)
(231, 98, 0, 38, 15)
(192, 214, 44, 0, 13)
(271, 210, 0, 0, 249)
(103, 120, 4, 4, 143)
(239, 38, 12, 4, 163)
(64, 88, 17, 0, 71)
(218, 0, 0, 158, 223)
(129, 193, 2, 2, 237)
(299, 107, 0, 25, 103)
(265, 209, 0, 15, 96)
(243, 224, 1, 6, 150)
(281, 203, 0, 0, 147)
(299, 91, 0, 107, 38)
(299, 7, 24, 1, 209)
(276, 35, 0, 0, 130)
(115, 224, 43, 0, 69)
(257, 32, 1, 22, 163)
(28, 27, 1, 3, 80)
(299, 98, 0, 80, 173)
(71, 207, 8, 4, 229)
(23, 223, 4, 1, 186)
(16, 208, 78, 0, 29)
(79, 3, 18, 13, 208)
(10, 219, 86, 0, 167)
(116, 16, 1, 9, 179)
(235, 224, 64, 0, 23)
(289, 3, 7, 2, 161)
(299, 224, 0, 0, 210)
(261, 224, 0, 0, 176)
(167, 198, 1, 4, 185)
(297, 133, 0, 59, 74)
(75, 210, 16, 1, 208)
(72, 195, 1, 5, 242)
(263, 111, 17, 3, 220)
(0, 207, 92, 0, 162)
(299, 152, 0, 0, 64)
(277, 51, 0, 109, 88)
(202, 195, 73, 0, 97)
(299, 184, 0, 40, 148)
(161, 224, 10, 0, 94)
(262, 220, 26, 0, 180)
(13, 217, 4, 1, 229)
(188, 141, 3, 9, 225)
(233, 27, 44, 0, 104)
(181, 196, 2, 1, 229)
(299, 132, 0, 37, 42)
(256, 209, 55, 0, 64)
(161, 84, 1, 16, 164)
(93, 224, 17, 2, 190)
(247, 197, 18, 0, 121)
(72, 50, 1, 10, 145)
(44, 43, 211, 0, 150)
(129, 3, 25, 1, 187)
(265, 192, 0, 14, 225)
(141, 175, 2, 9, 63)
(56, 224, 155, 0, 85)
(129, 224, 0, 0, 81)
(292, 118, 0, 46, 23)
(299, 148, 0, 36, 66)
(299, 5, 0, 206, 93)
(223, 178, 0, 46, 100)
(299, 99, 0, 99, 176)
(257, 224, 39, 0, 140)
(247, 117, 0, 0, 127)
(242, 193, 42, 0, 48)
(254, 219, 3, 1, 175)
(299, 105, 0, 105, 40)
(166, 157, 4, 2, 195)
(281, 185, 0, 0, 49)
(299, 99, 37, 3, 232)
(158, 216, 34, 0, 255)
(41, 9, 39, 3, 202)
(217, 64, 0, 11, 73)
(115, 207, 0, 0, 118)
(243, 224, 36, 0, 42)
(241, 159, 0, 0, 53)
(247, 182, 0, 18, 125)
(295, 17, 0, 50, 242)
(299, 224, 0, 8, 170)
(269, 180, 0, 0, 187)
(274, 157, 0, 67, 126)
(192, 152, 2, 5, 191)
(210, 222, 17, 0, 178)
(269, 164, 1, 12, 215)
(261, 141, 30, 0, 0)
(226, 224, 44, 0, 235)
(84, 30, 1, 2, 75)
(138, 180, 2, 12, 62)
(298, 31, 0, 60, 0)
(40, 151, 18, 3, 226)
(294, 136, 0, 7, 88)
(281, 161, 10, 2, 220)
(282, 204, 4, 3, 163)
(276, 128, 3, 2, 243)
(299, 180, 0, 5, 67)
(276, 185, 0, 0, 157)
(240, 170, 0, 0, 157)
(11, 208, 206, 0, 87)
(238, 186, 0, 0, 61)
(238, 193, 19, 3, 173)
(198, 224, 72, 0, 69)
(132, 143, 3, 2, 220)
(237, 130, 0, 32, 70)
(272, 145, 6, 6, 227)
(240, 199, 0, 25, 138)
(248, 196, 5, 1, 194)
(251, 61, 2, 22, 166)
(80, 168, 6, 1, 228)
(288, 219, 1, 1, 131)
(282, 210, 17, 0, 0)
(270, 31, 4, 7, 222)
(267, 224, 0, 0, 188)
(200, 82, 9, 6, 104)
(0, 0, 10, 5, 178)
(59, 212, 2, 0, 0)
(201, 205, 91, 0, 157)
(42, 67, 0, 15, 37)
(206, 94, 0, 96, 84)
(260, 224, 0, 0, 0)
(136, 216, 22, 0, 53)
(272, 177, 4, 3, 218)
(299, 158, 4, 1, 104)
(181, 152, 4, 2, 118)
(299, 60, 0, 58, 178)
(275, 150, 0, 36, 0)
(41, 224, 24, 0, 80)
(249, 188, 6, 2, 197)
(171, 88, 0, 85, 137)
(284, 222, 1, 2, 211)
(275, 76, 0, 9, 255)
(290, 69, 5, 2, 181)
(270, 224, 29, 0, 4)
(250, 190, 27, 0, 213)
(234, 25, 4, 1, 220)
(254, 224, 2, 11, 161)
(55, 213, 3, 2, 215)
(299, 5, 0, 147, 65)
(220, 162, 0, 0, 235)
(205, 151, 0, 48, 188)
(245, 150, 3, 1, 127)
(280, 0, 0, 149, 255)
(121, 144, 5, 9, 196)
(147, 191, 3, 4, 209)
(233, 59, 2, 6, 142)
(280, 221, 41, 0, 118)
(190, 78, 0, 0, 178)
(299, 85, 0, 80, 92)
(209, 173, 0, 1, 255)
(0, 157, 113, 0, 128)
(105, 224, 73, 0, 115)
(291, 193, 7, 1, 179)
(6, 181, 3, 1, 92)
(299, 101, 0, 52, 84)
(299, 140, 0, 18, 51)
(299, 11, 0, 31, 160)
(299, 205, 0, 0, 172)
(73, 217, 65, 0, 108)
(234, 64, 6, 2, 211)
(241, 33, 1, 2, 124)
(200, 136, 0, 29, 102)
(82, 43, 99, 0, 197)
(106, 224, 205, 0, 73)
(10, 224, 168, 0, 171)
(262, 165, 0, 14, 177)
(125, 224, 174, 0, 180)
(264, 224, 0, 0, 159)
(299, 72, 0, 52, 255)
(31, 97, 6, 13, 190)
(193, 209, 0, 0, 218)
(214, 221, 33, 0, 79)
(299, 30, 0, 48, 20)
(77, 172, 50, 0, 139)
(235, 197, 10, 3, 197)
(155, 224, 74, 0, 1)
(299, 72, 0, 109, 29)
(166, 215, 5, 1, 225)
(78, 163, 137, 0, 239)
(101, 217, 3, 1, 196)
(284, 224, 0, 0, 251)
(230, 68, 0, 124, 222)
(157, 161, 7, 0, 92)
(150, 224, 16, 0, 25)
(299, 197, 0, 27, 86)
(221, 116, 1, 6, 203)
(218, 224, 28, 0, 189)
(264, 208, 1, 0, 107)
(286, 224, 0, 5, 250)
(156, 224, 88, 0, 12)
(299, 121, 0, 0, 160)
(296, 51, 0, 0, 72)
(253, 215, 26, 0, 107)
(120, 221, 3, 3, 190)
(97, 97, 1, 11, 68)
(244, 220, 2, 3, 148)
(231, 224, 0, 0, 142)
(232, 50, 3, 2, 168)
(242, 65, 0, 17, 171)
(269, 224, 10, 0, 36)
(253, 161, 0, 5, 73)
(299, 185, 0, 8, 131)
(286, 215, 1, 4, 135)
(265, 95, 0, 0, 82)
(0, 224, 112, 0, 170)
(299, 175, 0, 13, 122)
(280, 134, 0, 80, 107)
(240, 190, 0, 0, 54)
(88, 224, 35, 0, 122)
(271, 47, 0, 89, 32)
(89, 202, 103, 0, 45)
(299, 153, 0, 41, 173)
(90, 224, 41, 0, 125)
(92, 217, 114, 0, 223)
(230, 216, 0, 0, 195)
(253, 172, 0, 22, 255)
(117, 221, 126, 0, 0)
(219, 185, 25, 1, 232)
(259, 116, 2, 3, 162)
(299, 19, 0, 17, 144)
(281, 218, 0, 0, 184)
(123, 224, 0, 0, 139)
(285, 163, 5, 3, 226)
(265, 143, 9, 1, 188)
(135, 224, 96, 0, 130)
(265, 104, 1, 19, 208)
(91, 203, 105, 0, 241)
(147, 224, 37, 0, 0)
(73, 128, 232, 0, 172)
(148, 208, 30, 0, 229)
(243, 218, 10, 0, 66)
(169, 214, 106, 0, 78)
(29, 172, 94, 0, 19)
(271, 205, 0, 0, 240)
(131, 103, 15, 0, 1)
(161, 195, 0, 0, 31)
(253, 224, 16, 0, 129)
(167, 158, 4, 2, 142)
(299, 185, 0, 1, 90)
(266, 109, 2, 2, 169)
(250, 224, 0, 0, 132)
(299, 198, 0, 2, 212)
(223, 199, 6, 2, 221)
(36, 153, 3, 9, 97)
(184, 162, 45, 0, 201)
(52, 202, 28, 0, 224)
(269, 168, 0, 37, 221)
(99, 180, 11, 1, 187)
(270, 125, 2, 4, 144)
(287, 215, 12, 0, 0)
(262, 202, 0, 0, 116)
(0, 205, 65, 0, 126)
(235, 222, 1, 2, 161)
(287, 54, 0, 149, 246)
(280, 165, 0, 6, 250)
(285, 0, 0, 109, 159)
(232, 31, 2, 16, 145)
(299, 41, 0, 22, 102)
(127, 204, 172, 0, 142)
(299, 0, 0, 134, 230)
(75, 160, 10, 1, 98)
(253, 31, 0, 134, 0)
(268, 169, 0, 0, 255)
(217, 217, 15, 0, 150)
(244, 147, 5, 0, 87)
(247, 178, 3, 0, 69)
(219, 73, 45, 0, 253)
(97, 161, 90, 0, 187)
(299, 176, 0, 26, 70)
(0, 168, 0, 0, 192)
(265, 221, 6, 3, 148)
(258, 224, 41, 0, 154)
(253, 93, 1, 29, 212)
(138, 220, 8, 1, 206)
(117, 224, 0, 0, 98)
(257, 122, 1, 1, 128)
(271, 187, 0, 0, 123)
(299, 224, 0, 0, 98)
(290, 100, 2, 4, 174)
(2, 32, 9, 3, 129)
(299, 144, 0, 54, 91)
(289, 158, 0, 17, 213)
(15, 216, 215, 0, 226)
(281, 50, 0, 23, 1)
(177, 218, 104, 0, 167)
(196, 218, 9, 3, 191)
(278, 202, 21, 0, 108)
(153, 224, 88, 0, 215)
(291, 114, 0, 21, 93)
(267, 116, 0, 38, 134)
(165, 224, 9, 10, 199)
(221, 105, 2, 3, 178)
(299, 0, 0, 108, 109)
(198, 223, 58, 0, 15)
(299, 150, 0, 39, 167)
(140, 68, 3, 3, 137)
(0, 152, 2, 2, 127)
(122, 92, 159, 0, 85)
(133, 174, 37, 0, 97)
(174, 102, 1, 11, 196)
(248, 206, 9, 1, 201)
(75, 224, 216, 0, 57)
(174, 224, 50, 0, 18)
(186, 173, 3, 6, 240)
(19, 213, 0, 14, 88)
(264, 221, 38, 0, 161)
(281, 88, 6, 1, 192)
(66, 219, 4, 1, 193)
(185, 210, 105, 0, 221)
(253, 0, 42, 0, 181)
(82, 202, 169, 0, 64)
(299, 0, 0, 34, 24)
(105, 223, 23, 1, 199)
(286, 144, 0, 3, 86)
(110, 224, 108, 0, 149)
(293, 207, 24, 0, 148)
(246, 77, 0, 0, 127)
(270, 92, 26, 1, 173)
(155, 0, 7, 9, 213)
(15, 125, 210, 0, 169)
(184, 194, 94, 0, 36)
(25, 208, 26, 1, 200)
(44, 224, 38, 0, 185)
(241, 216, 0, 0, 97)
(196, 122, 14, 0, 230)
(236, 224, 15, 0, 142)
(90, 224, 81, 0, 26)
(222, 48, 0, 53, 188)
(103, 26, 7, 8, 185)
(0, 44, 8, 4, 61)
(194, 166, 0, 19, 154)
(119, 219, 82, 0, 249)
(157, 174, 0, 22, 151)
(299, 211, 0, 0, 0)
(45, 173, 12, 2, 59)
(217, 200, 0, 6, 190)
(156, 40, 1, 2, 109)
(290, 39, 0, 131, 3)
(107, 224, 2, 2, 169)
(60, 224, 6, 0, 113)
(112, 149, 2, 1, 181)
(276, 221, 23, 0, 235)
(236, 150, 0, 0, 52)
(243, 77, 2, 2, 214)
(104, 93, 3, 16, 217)
(292, 123, 0, 54, 174)
(293, 196, 2, 2, 174)
(299, 206, 0, 7, 177)
(151, 167, 1, 18, 220)
(14, 213, 11, 0, 183)
(46, 199, 0, 0, 83)
(222, 32, 3, 5, 228)
(263, 139, 0, 85, 177)
(267, 224, 35, 0, 93)
(235, 0, 5, 7, 234)
(287, 203, 0, 0, 0)
(254, 221, 1, 3, 142)
(46, 83, 1, 23, 155)
(99, 173, 8, 2, 234)
(112, 224, 187, 0, 83)
(165, 125, 9, 1, 167)
(171, 224, 40, 0, 53)
(260, 224, 64, 0, 87)
(138, 79, 1, 9, 118)
(299, 34, 0, 28, 0)
(31, 122, 4, 5, 205)
(92, 139, 121, 0, 55)
(195, 108, 7, 2, 106)
(247, 178, 4, 6, 231)
(276, 224, 0, 0, 214)
(206, 114, 0, 17, 95)
(57, 206, 2, 0, 150)
(223, 224, 41, 0, 79)
(271, 196, 0, 0, 196)
(76, 97, 12, 10, 64)
(179, 224, 0, 0, 46)
(270, 36, 3, 5, 198)
(213, 75, 1, 2, 243)
(150, 215, 0, 8, 169)
(298, 214, 5, 0, 138)
(115, 177, 9, 1, 74)
(83, 73, 4, 9, 141)
(289, 204, 0, 0, 57)
(299, 123, 0, 33, 46)
(224, 19, 0, 131, 233)
(294, 224, 0, 0, 107)
(107, 224, 138, 0, 58)
(228, 59, 1, 3, 120)
(299, 2, 0, 27, 36)
(256, 133, 1, 9, 220)
(148, 113, 2, 12, 75)
(299, 72, 0, 0, 31)
(252, 198, 7, 1, 228)
(109, 88, 3, 6, 172)
(75, 203, 1, 2, 189)
(29, 164, 178, 0, 216)
(246, 3, 17, 1, 167)
(224, 224, 4, 0, 79)
(218, 87, 77, 0, 54)
(222, 224, 15, 0, 203)
(239, 147, 2, 4, 140)
(136, 171, 88, 0, 128)
(15, 119, 5, 0, 230)
(119, 69, 1, 6, 134)
(179, 17, 35, 0, 27)
(115, 129, 2, 2, 235)
(153, 224, 122, 0, 42)
(294, 3, 0, 63, 32)
(289, 208, 0, 9, 91)
(153, 38, 2, 8, 180)
(75, 224, 1, 6, 180)
(219, 218, 37, 0, 39)
(10, 224, 150, 0, 227)
(299, 32, 0, 86, 178)
(275, 120, 7, 2, 178)
(182, 224, 23, 0, 96)
(153, 129, 5, 3, 171)
(4, 221, 105, 0, 120)
(0, 126, 4, 6, 189)
(286, 171, 13, 0, 24)
(259, 7, 0, 76, 141)
(281, 146, 0, 34, 25)
(51, 23, 136, 0, 216)
(273, 0, 0, 33, 170)
(245, 224, 0, 12, 174)
(290, 37, 0, 182, 231)
(44, 209, 6, 2, 196)
(148, 221, 9, 1, 220)
(54, 162, 19, 0, 65)
(216, 220, 4, 1, 169)
(290, 182, 0, 0, 138)
(199, 208, 0, 13, 134)
(62, 224, 0, 0, 24)
(253, 210, 46, 0, 61)
(299, 17, 0, 55, 84)
(33, 213, 88, 0, 96)
(282, 63, 0, 110, 0)
(296, 165, 0, 0, 0)
(273, 224, 0, 0, 133)
(194, 209, 6, 2, 215)
(138, 94, 2, 2, 214)
(292, 102, 0, 0, 134)
(286, 57, 0, 122, 219)
(222, 84, 2, 2, 136)
(217, 224, 12, 0, 155)
(285, 221, 0, 0, 104)
(238, 175, 2, 1, 211)
(273, 113, 0, 14, 44)
(182, 148, 1, 10, 128)
(78, 172, 111, 0, 78)
(55, 47, 8, 0, 30)
(299, 149, 0, 75, 209)
(257, 221, 14, 0, 121)
(235, 128, 3, 2, 225)
(299, 206, 0, 18, 6)
(284, 167, 0, 32, 13)
(251, 80, 2, 12, 188)
(299, 178, 0, 15, 0)
(275, 106, 5, 1, 193)
(234, 223, 10, 0, 130)
(288, 130, 0, 52, 55)
(79, 80, 95, 0, 83)
(261, 102, 8, 2, 186)
(285, 148, 4, 5, 205)
(208, 169, 2, 2, 242)
(210, 170, 5, 2, 219)
(268, 216, 0, 8, 66)
(98, 25, 3, 15, 199)
(245, 96, 0, 0, 10)
(238, 129, 3, 1, 136)
(272, 204, 3, 1, 189)
(289, 224, 0, 0, 165)
(22, 151, 3, 7, 93)
(0, 224, 107, 0, 214)
(233, 224, 66, 0, 179)
(295, 55, 4, 0, 207)
(207, 70, 2, 1, 128)
(90, 166, 0, 21, 128)
(194, 172, 58, 0, 157)
(265, 10, 2, 17, 194)
(266, 141, 23, 0, 158)
(61, 210, 3, 3, 223)
(12, 161, 0, 5, 93)
(176, 98, 2, 8, 111)
(299, 55, 0, 21, 196)
(206, 179, 1, 18, 235)
(229, 64, 0, 84, 246)
(85, 220, 164, 0, 65)
(117, 128, 4, 3, 202)
(208, 196, 0, 2, 37)
(279, 150, 2, 1, 113)
(30, 211, 119, 0, 210)
(256, 99, 22, 0, 180)
(299, 154, 0, 53, 10)
(32, 221, 73, 0, 87)
(246, 62, 0, 13, 95)
(40, 212, 102, 0, 161)
(279, 133, 2, 2, 237)
(244, 184, 1, 4, 212)
(73, 224, 33, 0, 255)
(253, 215, 1, 1, 180)
(126, 224, 14, 5, 183)
(149, 36, 2, 5, 150)
(173, 214, 3, 2, 225)
(251, 197, 69, 0, 90)
(179, 224, 67, 0, 49)
(0, 188, 27, 1, 111)
(84, 224, 0, 0, 165)
(131, 207, 50, 0, 182)
(0, 78, 8, 6, 85)
(143, 104, 0, 89, 188)
(144, 0, 4, 14, 173)
(75, 204, 97, 0, 5)
(123, 224, 62, 0, 143)
(283, 200, 16, 0, 61)
(146, 164, 2, 15, 106)
(35, 224, 0, 0, 185)
(101, 219, 114, 0, 55)
(160, 147, 1, 11, 191)
(299, 0, 0, 116, 255)
(103, 150, 6, 1, 70)
(299, 216, 0, 8, 51)
(293, 164, 0, 34, 217)
(279, 21, 3, 6, 155)
(206, 157, 0, 11, 16)
(18, 104, 252, 0, 196)
(109, 224, 34, 0, 158)
(280, 206, 37, 0, 132)
(259, 73, 0, 71, 159)
(224, 148, 0, 0, 178)
(268, 18, 0, 22, 213)
(239, 222, 4, 1, 98)
(288, 0, 3, 3, 186)
(282, 85, 3, 2, 131)
(228, 5, 16, 0, 35)
(217, 170, 30, 0, 0)
(299, 91, 0, 12, 179)
(299, 89, 0, 6, 254)
(277, 224, 1, 3, 182)
(299, 165, 0, 21, 103)
(299, 224, 0, 0, 155)
(76, 190, 120, 0, 40)
(229, 169, 0, 30, 143)
(299, 190, 0, 38, 116)
(192, 224, 16, 0, 176)
(141, 202, 5, 2, 138)
(13, 73, 7, 2, 206)
(206, 179, 0, 14, 0)
(259, 200, 0, 6, 9)
(269, 127, 0, 14, 139)
(225, 23, 12, 2, 225)
(172, 224, 4, 1, 188)
(294, 106, 0, 46, 106)
(45, 224, 129, 0, 209)
(211, 0, 0, 93, 28)
(149, 224, 39, 0, 250)
(296, 204, 3, 2, 160)
(289, 203, 0, 3, 245)
(138, 182, 91, 0, 48)
(274, 86, 0, 1, 93)
(247, 224, 0, 0, 65)
(77, 154, 18, 3, 157)
(275, 198, 0, 38, 128)
(292, 94, 0, 5, 0)
(299, 117, 0, 50, 255)
(260, 206, 0, 0, 237)
(299, 192, 0, 19, 202)
(19, 224, 225, 0, 239)
(188, 214, 44, 0, 160)
(288, 70, 1, 2, 153)
(255, 124, 0, 0, 95)
(245, 224, 13, 0, 28)
(238, 224, 31, 0, 46)
(299, 10, 0, 71, 188)
(181, 224, 29, 0, 33)
(5, 224, 112, 0, 30)
(49, 187, 0, 0, 255)
(264, 196, 0, 8, 215)
(236, 224, 18, 0, 16)
(258, 147, 0, 0, 224)
(275, 204, 24, 0, 182)
(186, 127, 34, 0, 194)
(0, 183, 13, 2, 101)
(54, 145, 7, 1, 183)
(299, 33, 0, 22, 223)
(242, 171, 0, 0, 92)
(299, 183, 0, 11, 226)
(299, 50, 0, 86, 129)
(299, 160, 0, 16, 50)
(54, 56, 0, 21, 53)
(177, 164, 1, 7, 174)
(230, 204, 4, 0, 52)
(299, 30, 0, 97, 63)
(62, 167, 0, 12, 21)
(211, 169, 104, 0, 234)
(87, 224, 178, 0, 45)
(105, 218, 7, 1, 221)
(278, 179, 4, 1, 218)
(57, 180, 46, 0, 118)
(126, 190, 1, 5, 53)
(238, 132, 56, 0, 16)
(270, 146, 0, 31, 108)
(22, 202, 217, 0, 63)
(253, 27, 3, 5, 195)
(226, 187, 7, 5, 222)
(21, 224, 194, 0, 93)
(143, 176, 0, 0, 35)
(203, 172, 3, 2, 185)
(294, 210, 2, 6, 164)
(148, 187, 0, 0, 255)
(27, 221, 5, 3, 194)
(167, 94, 8, 2, 113)
(298, 0, 0, 113, 149)
(53, 147, 108, 0, 109)
(51, 192, 15, 4, 221)
(209, 198, 51, 0, 106)
(140, 180, 48, 0, 28)
(298, 193, 1, 0, 20)
(295, 140, 0, 6, 97)
(169, 121, 6, 6, 181)
(143, 172, 156, 0, 140)
(277, 224, 0, 0, 177)
(108, 211, 0, 0, 71)
(16, 188, 19, 2, 119)
(94, 213, 64, 0, 82)
(155, 103, 10, 1, 126)
(198, 80, 38, 0, 110)
(140, 149, 0, 20, 18)
(217, 7, 0, 107, 204)
(210, 184, 0, 37, 185)
(241, 209, 22, 0, 46)
(203, 221, 76, 0, 0)
(110, 58, 1, 9, 110)
(237, 157, 2, 3, 231)
(274, 85, 0, 101, 183)
(192, 46, 4, 4, 163)
(175, 153, 1, 15, 236)
(163, 174, 4, 1, 116)
(196, 213, 0, 0, 237)
(283, 218, 1, 3, 126)
(221, 164, 60, 0, 37)
(40, 217, 27, 0, 211)
(277, 224, 22, 0, 76)
(296, 65, 6, 2, 185)
(228, 224, 5, 0, 172)
(283, 98, 0, 51, 206)
(106, 220, 0, 0, 25)
(270, 125, 1, 2, 184)
(172, 210, 10, 2, 221)
(299, 58, 0, 38, 45)
(264, 177, 10, 1, 193)
(111, 57, 5, 3, 164)
(173, 174, 39, 0, 81)
(43, 224, 238, 0, 19)
(37, 206, 166, 0, 0)
(115, 180, 26, 0, 197)
(275, 151, 0, 38, 109)
(239, 224, 59, 0, 174)
(296, 223, 2, 1, 103)
(289, 207, 1, 4, 230)
(113, 224, 83, 0, 193)
(295, 183, 4, 1, 178)
(155, 41, 0, 0, 97)
(51, 203, 118, 0, 40)
(64, 150, 95, 0, 189)
(299, 210, 0, 0, 141)
(103, 224, 156, 0, 228)
(129, 135, 12, 1, 111)
(143, 141, 4, 18, 221)
(185, 130, 0, 3, 172)
(255, 203, 38, 0, 236)
(125, 15, 1, 4, 67)
(111, 162, 0, 8, 203)
(284, 206, 12, 0, 92)
(81, 146, 115, 0, 185)
(149, 181, 0, 11, 115)
(88, 212, 123, 0, 244)
(217, 60, 0, 25, 0)
(292, 141, 0, 0, 233)
(211, 224, 76, 0, 115)
(111, 217, 163, 0, 59)
(299, 105, 0, 65, 207)
(290, 0, 0, 76, 54)
(4, 224, 247, 0, 240)
(168, 209, 100, 0, 195)
(299, 77, 0, 81, 227)
(229, 224, 20, 0, 250)
(137, 165, 0, 6, 100)
(89, 210, 2, 5, 213)
(208, 180, 0, 22, 188)
(117, 132, 7, 2, 135)
(203, 78, 2, 3, 195)
(181, 72, 3, 1, 124)
(94, 206, 65, 0, 246)
(252, 188, 47, 0, 232)
(256, 217, 0, 0, 251)
(50, 112, 47, 0, 240)
(253, 98, 0, 46, 11)
(67, 224, 16, 0, 233)
(268, 218, 0, 6, 152)
(171, 37, 2, 3, 144)
(261, 186, 0, 27, 137)
(241, 84, 1, 15, 218)
(291, 224, 0, 0, 205)
(147, 200, 1, 3, 159)
(152, 224, 79, 0, 29)
(297, 224, 6, 0, 156)
(174, 107, 17, 1, 198)
(274, 205, 0, 9, 249)
(249, 156, 1, 4, 171)
(174, 131, 6, 6, 117)
(242, 224, 2, 0, 10)
(299, 166, 0, 9, 42)
(83, 224, 216, 0, 246)
(299, 197, 0, 27, 0)
(207, 206, 7, 8, 209)
(144, 196, 5, 1, 129)
(299, 83, 0, 45, 255)
(219, 91, 2, 5, 113)
(160, 193, 3, 7, 79)
(158, 181, 7, 1, 101)
(295, 6, 0, 111, 247)
(109, 18, 11, 3, 178)
(272, 224, 0, 0, 199)
(273, 79, 0, 35, 90)
(125, 136, 2, 6, 158)
(285, 213, 0, 0, 200)
(268, 100, 0, 153, 131)
(299, 212, 0, 0, 173)
(292, 118, 6, 5, 195)
(118, 209, 18, 0, 18)
(299, 222, 0, 2, 113)
(299, 111, 0, 77, 125)
(46, 213, 222, 0, 156)
(187, 205, 112, 0, 0)
(260, 205, 28, 0, 247)
(120, 224, 67, 0, 41)
(64, 202, 183, 0, 206)
(154, 202, 15, 0, 3)
(272, 149, 1, 5, 156)
(126, 203, 10, 0, 18)
(13, 168, 0, 0, 184)
(4, 54, 2, 10, 83)
(293, 55, 0, 23, 92)
(179, 185, 5, 1, 105)
(254, 221, 5, 1, 157)
(272, 168, 1, 5, 234)
(299, 157, 0, 14, 142)
(299, 187, 0, 4, 14)
(169, 84, 2, 13, 105)
(299, 185, 0, 0, 205)
(299, 176, 0, 27, 242)
(269, 128, 2, 2, 117)
(275, 123, 3, 3, 194)
(176, 224, 55, 0, 2)
(299, 108, 0, 105, 29)
(265, 155, 0, 9, 227)
(267, 93, 2, 8, 211)
(295, 188, 0, 1, 203)
(286, 118, 0, 43, 212)
(299, 102, 2, 0, 126)
(127, 211, 0, 14, 55)
(74, 209, 176, 0, 195)
(19, 23, 7, 5, 162)
(84, 132, 1, 2, 146)
(85, 224, 38, 0, 255)
(54, 224, 0, 0, 25)
(271, 118, 0, 3, 218)
(231, 19, 0, 0, 220)
(250, 188, 0, 9, 0)
(236, 211, 14, 0, 96)
(284, 212, 2, 1, 131)
(137, 134, 0, 0, 90)
(277, 203, 0, 0, 87)
(298, 224, 1, 0, 0)
(284, 51, 0, 5, 40)
(272, 224, 8, 0, 141)
(221, 0, 26, 0, 255)
(287, 142, 0, 21, 138)
(299, 97, 0, 61, 146)
(190, 199, 0, 6, 118)
(9, 205, 0, 0, 196)
(30, 183, 87, 0, 178)
(299, 176, 0, 7, 133)
(206, 193, 93, 0, 215)
(139, 151, 4, 10, 235)
(31, 141, 26, 2, 214)
(271, 177, 0, 0, 255)
(268, 220, 0, 0, 0)
(96, 198, 69, 0, 196)
(280, 13, 7, 2, 198)
(283, 84, 0, 16, 207)
(201, 197, 5, 0, 233)
(172, 224, 47, 0, 44)
(80, 184, 0, 0, 143)
(52, 70, 10, 11, 192)
(245, 0, 0, 150, 151)
(213, 125, 0, 20, 6)
(299, 157, 0, 0, 232)
(189, 204, 13, 3, 228)
(172, 207, 19, 0, 104)
(284, 112, 0, 0, 255)
(276, 191, 0, 23, 139)
(265, 91, 0, 49, 212)
(250, 201, 0, 12, 52)
(44, 122, 12, 4, 203)
(249, 144, 6, 2, 243)
(299, 82, 0, 87, 255)
(138, 78, 100, 0, 255)
(211, 224, 27, 0, 137)
(66, 211, 153, 0, 3)
(297, 146, 7, 2, 221)
(274, 224, 0, 0, 155)
(111, 224, 7, 10, 203)
(23, 224, 80, 0, 193)
(280, 82, 1, 4, 240)
(15, 130, 0, 0, 111)
(13, 210, 181, 0, 51)
(87, 79, 9, 9, 139)
(299, 102, 0, 0, 123)
(177, 43, 85, 0, 68)
(233, 105, 0, 6, 128)
(279, 199, 27, 0, 76)
(283, 141, 0, 8, 10)
(279, 223, 5, 1, 192)
(88, 224, 134, 0, 28)
(295, 138, 4, 0, 168)
(254, 131, 1, 1, 247)
(22, 196, 10, 2, 218)
(264, 224, 8, 0, 124)
(299, 175, 0, 37, 100)
(68, 146, 48, 0, 119)
(160, 206, 9, 0, 105)
(239, 190, 8, 0, 192)
(131, 205, 101, 0, 218)
(0, 224, 7, 0, 80)
(74, 21, 123, 0, 186)
(276, 219, 23, 0, 224)
(3, 187, 150, 0, 19)
(193, 207, 24, 0, 255)
(131, 224, 40, 0, 37)
(282, 169, 0, 2, 165)
(139, 111, 1, 1, 43)
(2, 156, 0, 0, 169)
(155, 41, 1, 3, 119)
(219, 95, 0, 81, 89)
(144, 200, 45, 0, 35)
(286, 204, 0, 2, 236)
(299, 173, 0, 10, 255)
(299, 91, 0, 47, 223)
(269, 47, 0, 59, 149)
(238, 106, 0, 40, 184)
(145, 168, 80, 0, 185)
(277, 179, 22, 0, 64)
(261, 224, 32, 0, 17)
(16, 224, 193, 0, 102)
(274, 215, 2, 4, 154)
(244, 86, 0, 32, 31)
(299, 79, 0, 13, 119)
(282, 132, 0, 70, 130)
(23, 224, 257, 0, 249)
(221, 0, 17, 3, 231)
(242, 148, 3, 3, 240)
(252, 180, 23, 0, 113)
(181, 141, 4, 3, 249)
(286, 189, 0, 24, 149)
(116, 208, 5, 3, 222)
(16, 224, 66, 0, 22)
(254, 75, 39, 0, 111)
(299, 43, 0, 87, 227)
(299, 85, 0, 67, 211)
(181, 209, 1, 13, 202)
(299, 121, 0, 29, 230)
(283, 142, 0, 28, 204)
(163, 199, 100, 0, 31)
(251, 202, 48, 0, 156)
(253, 117, 2, 2, 214)
(239, 224, 56, 0, 171)
(299, 174, 0, 0, 183)
(223, 209, 0, 0, 148)
(0, 178, 41, 0, 255)
(95, 7, 75, 0, 130)
(292, 214, 0, 0, 103)
(298, 163, 0, 39, 128)
(204, 145, 0, 8, 190)
(237, 111, 4, 2, 114)
(255, 205, 6, 1, 172)
(255, 215, 0, 0, 159)
(292, 147, 0, 46, 17)
(290, 169, 0, 21, 194)
(289, 97, 3, 2, 223)
(45, 154, 61, 0, 156)
(214, 82, 3, 2, 197)
(219, 28, 1, 4, 226)
(33, 202, 24, 1, 208)
(181, 81, 116, 0, 212)
(121, 3, 3, 3, 132)
(194, 224, 67, 0, 34)
(281, 195, 0, 0, 197)
(280, 118, 0, 106, 155)
(102, 185, 91, 0, 169)
(98, 224, 19, 0, 113)
(292, 150, 0, 0, 144)
(211, 0, 0, 10, 249)
(66, 186, 140, 0, 246)
(123, 205, 7, 1, 225)
(92, 76, 3, 9, 171)
(42, 200, 0, 0, 208)
(168, 184, 85, 0, 112)
(299, 120, 0, 65, 131)
(281, 57, 28, 0, 79)
(263, 71, 4, 3, 232)
(260, 203, 42, 0, 113)
(169, 224, 146, 0, 12)
(261, 176, 12, 0, 182)
(299, 76, 0, 41, 133)
(198, 224, 21, 0, 251)
(299, 37, 0, 4, 246)
(132, 95, 1, 8, 96)
(125, 200, 117, 0, 225)
(150, 165, 1, 11, 167)
(239, 74, 23, 1, 163)
(299, 0, 0, 179, 47)
(245, 155, 0, 52, 174)
(295, 203, 1, 2, 189)
(299, 215, 0, 12, 236)
(299, 46, 0, 63, 205)
(149, 224, 135, 0, 255)
(298, 70, 0, 81, 26)
(214, 97, 4, 4, 131)
(180, 224, 82, 0, 202)
(299, 20, 0, 85, 9)
(135, 90, 32, 0, 253)
(299, 99, 0, 59, 186)
(252, 132, 1, 3, 211)
(0, 142, 6, 5, 86)
(53, 187, 110, 0, 65)
(84, 172, 13, 2, 246)
(128, 190, 37, 0, 0)
(222, 64, 0, 0, 135)
(207, 171, 2, 1, 176)
(180, 2, 0, 78, 236)
(197, 219, 0, 0, 255)
(251, 114, 0, 5, 82)
(271, 201, 0, 0, 21)
(299, 28, 0, 165, 101)
(286, 201, 0, 0, 58)
(104, 224, 42, 0, 179)
(136, 183, 13, 3, 74)
(70, 149, 84, 0, 15)
(299, 199, 0, 2, 137)
(65, 224, 45, 0, 90)
(239, 115, 1, 9, 114)
(165, 156, 0, 9, 163)
(19, 123, 14, 2, 160)
(99, 224, 114, 0, 0)
(112, 223, 28, 0, 164)
(181, 77, 9, 3, 129)
(299, 0, 0, 98, 103)
(299, 105, 0, 94, 46)
(210, 0, 0, 23, 243)
(44, 163, 27, 1, 160)
(146, 133, 135, 0, 241)
(258, 210, 27, 0, 54)
(231, 69, 0, 11, 52)
(266, 170, 0, 7, 95)
(117, 224, 58, 0, 255)
(299, 72, 27, 1, 154)
(299, 117, 0, 4, 9)
(107, 202, 89, 0, 64)
(0, 132, 0, 35, 147)
(292, 224, 0, 0, 94)
(67, 224, 55, 0, 158)
(183, 224, 79, 0, 166)
(26, 34, 3, 1, 112)
(232, 147, 55, 0, 245)
(266, 174, 0, 0, 93)
(299, 109, 0, 25, 37)
(244, 178, 0, 5, 155)
(114, 154, 113, 0, 25)
(290, 0, 0, 48, 180)
(299, 224, 0, 1, 76)
(211, 139, 0, 21, 39)
(184, 164, 46, 0, 190)
(296, 117, 3, 1, 158)
(8, 104, 5, 8, 99)
(26, 182, 0, 0, 62)
(21, 224, 48, 0, 9)
(275, 224, 0, 0, 137)
(48, 202, 42, 0, 96)
(266, 191, 0, 19, 39)
(237, 221, 0, 0, 87)
(222, 199, 27, 0, 200)
(160, 76, 9, 4, 167)
(278, 132, 0, 72, 121)
(212, 223, 62, 0, 109)
(83, 209, 0, 0, 247)
(108, 171, 83, 0, 156)
(283, 142, 0, 52, 0)
(298, 48, 1, 10, 180)
(135, 224, 36, 0, 234)
(299, 0, 0, 103, 143)
(257, 186, 0, 0, 134)
(160, 165, 27, 0, 244)
(223, 216, 5, 1, 188)
(281, 224, 2, 3, 207)
(32, 224, 167, 0, 35)
(211, 132, 0, 13, 17)
(291, 75, 0, 119, 128)
(212, 190, 1, 4, 201)
(174, 160, 58, 0, 130)
(110, 200, 1, 1, 187)
(223, 0, 0, 27, 90)
(299, 132, 0, 22, 141)
(285, 97, 0, 67, 102)
(275, 179, 0, 25, 217)
(185, 219, 10, 0, 73)
(221, 224, 32, 0, 243)
(256, 169, 10, 1, 178)
(234, 48, 5, 2, 221)
(39, 224, 178, 0, 16)
(299, 121, 0, 9, 138)
(106, 167, 3, 2, 102)
(208, 130, 3, 2, 184)
(37, 190, 43, 0, 19)
(80, 56, 3, 5, 109)
(294, 131, 0, 64, 255)
(96, 224, 154, 0, 0)
(246, 215, 45, 0, 186)
(294, 93, 0, 17, 0)
(217, 181, 27, 0, 117)
(188, 87, 8, 10, 132)
(286, 114, 5, 1, 223)
(271, 171, 0, 4, 51)
(272, 207, 0, 0, 172)
(60, 143, 148, 0, 156)
(208, 189, 2, 1, 164)
(128, 224, 91, 0, 0)
(167, 191, 4, 6, 249)
(89, 25, 1, 12, 175)
(49, 157, 11, 2, 176)
(252, 163, 47, 0, 32)
(208, 107, 8, 2, 164)
(244, 206, 0, 0, 14)
(271, 30, 0, 78, 119)
(179, 172, 7, 5, 238)
(78, 120, 3, 4, 104)
(28, 224, 180, 0, 73)
(299, 224, 24, 0, 74)
(65, 173, 20, 1, 203)
(130, 203, 105, 0, 18)
(199, 177, 47, 1, 243)
(250, 18, 0, 16, 121)
(196, 57, 3, 7, 112)
(165, 224, 12, 0, 215)
(262, 172, 2, 4, 232)
(145, 192, 111, 0, 15)
(164, 194, 1, 5, 178)
(0, 0, 0, 0, 0)
