Background: 198
(0, 43, 216, 148, 155)
(185, 130, 70, 61, 223)
(0, 153, 41, 34, 70)
(150, 152, 90, 13, 137)
(27, 109, 115, 47, 185)
(181, 66, 49, 61, 132)
(212, 61, 49, 28, 172)
(236, 205, 67, 20, 163)
(71, 35, 156, 30, 167)
(245, 184, 54, 13, 179)
(0, 87, 220, 21, 134)
(251, 0, 49, 95, 185)
(253, 163, 49, 14, 228)
(228, 109, 18, 21, 135)
(216, 219, 83, 7, 149)
(0, 59, 29, 57, 107)
(113, 0, 22, 61, 142)
(38, 62, 84, 26, 186)
(80, 191, 113, 15, 168)
(69, 169, 67, 12, 194)
(171, 166, 65, 16, 237)
(159, 0, 74, 30, 225)
(154, 202, 68, 12, 215)
(130, 34, 47, 32, 181)
(229, 24, 21, 19, 167)
(142, 80, 17, 46, 111)
(132, 137, 24, 29, 216)
(104, 73, 11, 116, 191)
(60, 94, 29, 20, 90)
(47, 209, 144, 6, 218)
(230, 155, 69, 7, 187)
(57, 181, 47, 8, 90)
(85, 130, 59, 12, 132)
(80, 154, 49, 16, 107)
(192, 24, 7, 29, 226)
(202, 199, 67, 3, 219)
(197, 53, 4, 109, 119)
(155, 73, 27, 35, 141)
(139, 163, 10, 38, 102)
(282, 35, 18, 36, 205)
(249, 0, 51, 15, 168)
(51, 189, 26, 23, 223)
(295, 183, 4, 41, 156)
(157, 101, 46, 7, 161)
(38, 150, 75, 9, 172)
(93, 103, 35, 19, 208)
(103, 34, 13, 31, 114)
(94, 214, 87, 5, 211)
(19, 132, 12, 9, 213)
(151, 157, 4, 31, 230)
(261, 19, 11, 61, 196)
(118, 168, 16, 49, 203)
(231, 205, 33, 13, 182)
(52, 218, 42, 7, 175)
(41, 104, 18, 53, 199)
(120, 173, 5, 12, 92)
(255, 42, 18, 10, 167)
(287, 217, 13, 8, 118)
(208, 131, 27, 16, 246)
(176, 223, 33, 5, 178)
(0, 87, 17, 66, 111)
(44, 136, 58, 6, 191)
(172, 151, 5, 34, 221)
(66, 0, 15, 58, 204)
(82, 74, 12, 19, 153)
(111, 187, 5, 17, 80)
(234, 16, 12, 8, 151)
(236, 137, 54, 7, 185)
(247, 2, 3, 5, 148)
(8, 165, 49, 11, 65)
(178, 55, 19, 46, 128)
(0, 179, 19, 3, 158)
(260, 48, 4, 21, 221)
(165, 196, 24, 10, 184)
(279, 72, 16, 34, 176)
(272, 201, 14, 23, 160)
(234, 174, 32, 8, 231)
(125, 85, 16, 27, 140)
(92, 196, 16, 5, 209)
(263, 105, 12, 23, 215)
(292, 187, 16, 22, 167)
(56, 168, 13, 5, 102)
(82, 25, 15, 8, 119)
(225, 70, 35, 11, 154)
(202, 162, 6, 33, 235)
(12, 69, 13, 15, 156)
(136, 11, 8, 12, 149)
(32, 62, 32, 17, 194)
(166, 132, 9, 25, 133)
(210, 165, 31, 1, 175)
(161, 188, 10, 9, 230)
(67, 98, 18, 18, 64)
(299, 87, 1, 41, 217)
(77, 157, 22, 10, 88)
(37, 180, 17, 11, 183)
(185, 0, 61, 14, 226)
(102, 153, 10, 9, 243)
(295, 44, 8, 11, 180)
(19, 191, 34, 14, 211)
(0, 211, 34, 10, 182)
(194, 114, 22, 17, 106)
(200, 39, 2, 104, 137)
(140, 213, 9, 5, 255)
(216, 156, 16, 5, 92)
(37, 119, 7, 10, 134)
(107, 82, 3, 28, 233)
(157, 151, 7, 50, 112)
(135, 184, 6, 14, 90)
(141, 0, 3, 11, 136)
(68, 192, 31, 4, 217)
(279, 178, 5, 11, 210)
(0, 71, 8, 19, 77)
(299, 149, 10, 12, 156)
(174, 192, 28, 9, 157)
(255, 203, 13, 7, 164)
(73, 127, 12, 7, 250)
(107, 120, 31, 13, 196)
(219, 216, 18, 5, 168)
(160, 175, 19, 5, 158)
(142, 188, 22, 4, 148)
(184, 77, 32, 11, 114)
(201, 148, 77, 5, 207)
(96, 202, 15, 4, 95)
(242, 111, 19, 13, 180)
(191, 172, 35, 16, 238)
(203, 139, 8, 18, 226)
(54, 121, 87, 6, 202)
(214, 33, 7, 19, 140)
(283, 86, 13, 7, 152)
(188, 124, 5, 19, 242)
(260, 0, 2, 41, 166)
(198, 96, 7, 8, 210)
(262, 144, 22, 5, 222)
(145, 192, 13, 5, 228)
(290, 186, 10, 7, 157)
(253, 163, 32, 11, 219)
(279, 197, 15, 3, 225)
(295, 6, 4, 16, 183)
(286, 206, 7, 7, 191)
(233, 16, 2, 4, 120)
(91, 0, 25, 20, 214)
(274, 34, 19, 10, 197)
(255, 140, 7, 19, 218)
(198, 162, 6, 20, 242)
(139, 220, 27, 8, 211)
(217, 74, 10, 17, 202)
(238, 192, 59, 5, 174)
(252, 113, 5, 30, 186)
(250, 10, 4, 9, 140)
(0, 119, 23, 13, 144)
(129, 200, 12, 6, 217)
(270, 131, 27, 8, 209)
(281, 29, 9, 5, 150)
(145, 197, 8, 9, 111)
(290, 110, 9, 21, 210)
(58, 20, 19, 11, 218)
(181, 196, 19, 3, 203)
(135, 153, 8, 8, 238)
(132, 27, 7, 42, 178)
(199, 59, 41, 9, 173)
(0, 32, 14, 18, 122)
(283, 215, 8, 5, 132)
(78, 89, 14, 9, 89)
(144, 64, 6, 30, 143)
(172, 77, 9, 6, 112)
(186, 204, 5, 2, 220)
(187, 21, 11, 17, 233)
(174, 154, 1, 31, 235)
(211, 118, 5, 2, 213)
(233, 118, 3, 19, 120)
(297, 221, 3, 3, 94)
(281, 161, 18, 5, 215)
(236, 82, 2, 60, 196)
(112, 53, 3, 32, 156)
(169, 162, 8, 11, 231)
(209, 197, 32, 5, 216)
(77, 0, 21, 21, 208)
(217, 191, 11, 18, 215)
(256, 7, 2, 15, 206)
(256, 55, 4, 6, 234)
(0, 203, 7, 23, 177)
(282, 188, 8, 7, 169)
(71, 174, 21, 5, 148)
(275, 222, 11, 2, 197)
(177, 156, 14, 9, 67)
(125, 154, 6, 18, 96)
(246, 222, 3, 9, 113)
(22, 14, 47, 8, 206)
(118, 205, 29, 5, 192)
(272, 79, 14, 3, 223)
(150, 127, 7, 12, 234)
(288, 0, 0, 72, 195)
(122, 189, 7, 11, 127)
(149, 224, 41, 0, 0)
(33, 31, 22, 5, 168)
(95, 90, 6, 23, 142)
(177, 146, 4, 7, 253)
(269, 205, 21, 4, 175)
(39, 141, 23, 13, 231)
(155, 196, 4, 18, 237)
(88, 43, 14, 17, 131)
(274, 209, 11, 8, 148)
(227, 78, 7, 6, 130)
(242, 188, 17, 3, 191)
(114, 10, 12, 6, 113)
(225, 95, 22, 2, 219)
(207, 161, 0, 20, 79)
(238, 222, 6, 2, 123)
(164, 188, 17, 1, 147)
(95, 65, 3, 33, 143)
(295, 218, 3, 6, 105)
(286, 44, 11, 2, 173)
(295, 216, 4, 2, 130)
(249, 146, 16, 2, 188)
(278, 224, 8, 2, 203)
(128, 171, 3, 29, 236)
(275, 98, 16, 2, 209)
(250, 222, 5, 4, 188)
(231, 121, 21, 7, 123)
(159, 188, 6, 4, 235)
(254, 182, 24, 10, 188)
(299, 183, 10, 17, 155)
(0, 0, 19, 11, 187)
(207, 148, 6, 5, 129)
(222, 91, 25, 4, 213)
(299, 113, 0, 90, 48)
(278, 72, 21, 4, 156)
(130, 72, 5, 13, 94)
(221, 27, 10, 6, 186)
(199, 115, 9, 5, 94)
(4, 142, 25, 11, 104)
(242, 214, 9, 4, 166)
(127, 144, 9, 10, 134)
(76, 224, 64, 8, 189)
(86, 183, 15, 9, 84)
(243, 139, 23, 2, 218)
(239, 133, 0, 25, 210)
(41, 205, 258, 0, 195)
(154, 160, 2, 6, 105)
(119, 12, 13, 8, 116)
(117, 179, 4, 9, 86)
(168, 224, 3, 0, 229)
(266, 120, 3, 11, 229)
(251, 96, 9, 14, 210)
(16, 42, 62, 7, 181)
(238, 49, 5, 22, 195)
(54, 188, 15, 4, 199)
(273, 170, 9, 9, 230)
(180, 167, 12, 16, 236)
(260, 202, 3, 0, 74)
(69, 152, 14, 13, 122)
(281, 157, 18, 4, 146)
(156, 165, 5, 16, 96)
(23, 101, 26, 19, 168)
(299, 20, 9, 4, 91)
(20, 177, 12, 13, 104)
(289, 207, 8, 2, 225)
(0, 223, 11, 4, 83)
(298, 87, 1, 67, 208)
(270, 183, 6, 4, 192)
(292, 13, 7, 6, 155)
(299, 138, 0, 58, 27)
(13, 141, 11, 9, 132)
(64, 211, 24, 4, 201)
(282, 101, 0, 123, 130)
(299, 100, 0, 82, 128)
(241, 144, 5, 21, 205)
(236, 90, 1, 43, 203)
(119, 155, 2, 10, 50)
(77, 135, 3, 25, 160)
(216, 213, 7, 7, 199)
(157, 27, 13, 19, 207)
(101, 136, 21, 3, 82)
(229, 88, 11, 4, 205)
(229, 94, 2, 21, 169)
(189, 130, 64, 0, 234)
(288, 147, 6, 4, 154)
(191, 71, 0, 135, 242)
(284, 171, 16, 4, 222)
(61, 148, 6, 18, 162)
(181, 139, 8, 11, 223)
(57, 221, 20, 3, 161)
(138, 196, 10, 6, 128)
(214, 33, 1, 9, 186)
(275, 120, 13, 8, 173)
(266, 140, 9, 3, 147)
(180, 44, 8, 31, 136)
(72, 38, 6, 31, 194)
(74, 169, 47, 5, 225)
(44, 128, 24, 12, 167)
(164, 180, 4, 6, 129)
(273, 87, 7, 5, 157)
(109, 143, 3, 12, 70)
(108, 167, 16, 5, 208)
(112, 33, 39, 6, 148)
(218, 212, 0, 8, 226)
(255, 223, 5, 1, 104)
(71, 115, 13, 3, 115)
(290, 77, 4, 8, 203)
(13, 179, 29, 1, 87)
(299, 65, 0, 108, 78)
(264, 132, 5, 6, 115)
(259, 207, 12, 2, 153)
(254, 122, 2, 13, 163)
(284, 184, 0, 3, 116)
(171, 84, 17, 4, 147)
(77, 196, 14, 4, 122)
(209, 219, 8, 4, 174)
(131, 99, 19, 11, 92)
(224, 162, 3, 3, 177)
(298, 215, 15, 3, 128)
(232, 158, 7, 3, 238)
(245, 184, 10, 4, 193)
(284, 139, 4, 2, 158)
(295, 38, 6, 4, 228)
(209, 53, 12, 21, 181)
(202, 171, 42, 4, 228)
(235, 125, 1, 7, 184)
(200, 173, 8, 4, 232)
(156, 224, 23, 0, 100)
(111, 152, 5, 3, 50)
(208, 6, 6, 33, 226)
(196, 222, 13, 2, 177)
(284, 55, 6, 11, 218)
(291, 109, 0, 0, 75)
(168, 199, 9, 2, 248)
(107, 205, 9, 16, 220)
(23, 130, 38, 1, 212)
(48, 178, 10, 1, 188)
(172, 192, 20, 4, 133)
(284, 153, 6, 5, 176)
(38, 50, 9, 8, 98)
(190, 224, 20, 19, 167)
(261, 218, 0, 6, 130)
(194, 112, 6, 5, 136)
(64, 130, 4, 8, 116)
(197, 218, 26, 2, 191)
(260, 220, 7, 0, 15)
(149, 205, 23, 2, 165)
(262, 212, 8, 2, 177)
(231, 204, 25, 10, 186)
(257, 215, 6, 3, 213)
(186, 146, 12, 6, 214)
(298, 76, 0, 6, 94)
(243, 218, 8, 1, 152)
(250, 97, 0, 86, 94)
(151, 207, 5, 8, 243)
(163, 201, 10, 5, 144)
(254, 219, 1, 5, 156)
(143, 220, 37, 0, 4)
(105, 129, 33, 5, 170)
(261, 101, 7, 4, 182)
(197, 195, 45, 0, 148)
(255, 215, 77, 0, 53)
(171, 190, 20, 3, 141)
(293, 72, 6, 8, 165)
(136, 37, 2, 23, 152)
(126, 16, 15, 7, 139)
(126, 85, 6, 13, 164)
(282, 93, 6, 7, 220)
(171, 18, 0, 106, 57)
(296, 224, 5, 1, 97)
(275, 109, 4, 6, 223)
(251, 69, 12, 2, 163)
(171, 194, 1, 6, 254)
(165, 207, 16, 6, 229)
(265, 169, 4, 2, 164)
(90, 145, 38, 2, 207)
(199, 127, 8, 7, 164)
(264, 123, 2, 11, 197)
(196, 0, 37, 26, 227)
(122, 84, 2, 12, 209)
(256, 224, 11, 0, 58)
(148, 54, 4, 7, 138)
(297, 207, 2, 1, 200)
(195, 99, 12, 3, 207)
(164, 174, 7, 14, 131)
(149, 204, 150, 0, 17)
(275, 79, 7, 7, 208)
(207, 206, 13, 9, 209)
(249, 116, 7, 4, 221)
(240, 188, 0, 0, 71)
(19, 154, 20, 3, 102)
(272, 128, 10, 6, 194)
(181, 224, 118, 0, 103)
(37, 207, 7, 12, 207)
(258, 189, 15, 9, 179)
(186, 223, 6, 3, 186)
(219, 152, 3, 6, 106)
(242, 77, 1, 26, 208)
(293, 117, 6, 7, 194)
(103, 48, 19, 6, 85)
(299, 0, 0, 67, 138)
(165, 199, 48, 0, 118)
(96, 196, 1, 4, 107)
(183, 68, 45, 0, 64)
(268, 76, 7, 4, 216)
(264, 101, 0, 8, 140)
(78, 224, 125, 0, 0)
(258, 79, 6, 2, 207)
(293, 91, 6, 4, 160)
(285, 166, 9, 5, 237)
(250, 48, 4, 7, 222)
(292, 206, 7, 1, 190)
(272, 150, 1, 4, 185)
(167, 167, 15, 5, 226)
(299, 159, 0, 2, 79)
(258, 19, 4, 7, 215)
(156, 122, 9, 8, 121)
(115, 159, 10, 5, 48)
(193, 188, 2, 9, 246)
(267, 223, 32, 0, 215)
(246, 160, 53, 1, 153)
(291, 40, 2, 5, 153)
(187, 181, 13, 1, 205)
(290, 83, 11, 2, 224)
(199, 89, 19, 3, 126)
(275, 79, 0, 34, 0)
(178, 191, 3, 7, 118)
(33, 78, 9, 21, 132)
(205, 220, 4, 4, 181)
(299, 84, 0, 91, 34)
(8, 224, 268, 0, 48)
(0, 207, 46, 0, 153)
(255, 214, 2, 3, 223)
(93, 101, 4, 10, 188)
(20, 190, 17, 1, 191)
(150, 93, 12, 4, 177)
(299, 80, 0, 53, 49)
(252, 143, 15, 2, 238)
(235, 210, 24, 0, 178)
(241, 142, 3, 6, 133)
(82, 158, 7, 3, 51)
(146, 224, 96, 0, 94)
(87, 205, 191, 0, 169)
(138, 204, 8, 2, 247)
(253, 202, 8, 4, 165)
(97, 211, 18, 5, 227)
(270, 46, 0, 19, 218)
(7, 51, 11, 3, 81)
(131, 205, 29, 0, 238)
(284, 126, 11, 9, 218)
(104, 120, 4, 10, 165)
(228, 223, 7, 1, 111)
(246, 50, 3, 26, 167)
(127, 146, 1, 11, 219)
(266, 178, 14, 2, 218)
(299, 224, 0, 0, 44)
(284, 178, 11, 2, 186)
(27, 193, 153, 0, 108)
(287, 218, 6, 7, 121)
(23, 207, 0, 17, 212)
(178, 187, 4, 4, 221)
(201, 128, 16, 3, 145)
(245, 198, 13, 3, 228)
(276, 196, 17, 1, 196)
(293, 162, 7, 3, 207)
(123, 180, 9, 6, 227)
(179, 127, 4, 13, 109)
(299, 3, 0, 32, 117)
(179, 209, 28, 4, 221)
(17, 95, 6, 25, 88)
(141, 113, 6, 4, 173)
(42, 83, 5, 40, 168)
(13, 224, 117, 0, 198)
(59, 209, 0, 0, 68)
(21, 224, 5, 4, 114)
(138, 179, 8, 7, 62)
(69, 176, 108, 0, 50)
(228, 110, 0, 92, 68)
(254, 19, 0, 44, 70)
(258, 13, 0, 103, 194)
(220, 163, 8, 2, 180)
(293, 185, 3, 7, 164)
(265, 188, 0, 0, 149)
(0, 188, 25, 3, 111)
(150, 149, 21, 6, 152)
(137, 224, 21, 0, 105)
(147, 0, 7, 4, 167)
(128, 141, 5, 1, 191)
(173, 201, 5, 1, 198)
(126, 188, 2, 9, 76)
(264, 224, 11, 7, 147)
(263, 114, 1, 5, 190)
(260, 215, 0, 0, 224)
(267, 83, 8, 3, 158)
(47, 41, 5, 48, 197)
(216, 93, 6, 19, 148)
(282, 83, 4, 5, 141)
(135, 166, 2, 17, 210)
(224, 50, 0, 55, 156)
(194, 224, 31, 0, 53)
(285, 150, 0, 10, 25)
(79, 204, 14, 7, 204)
(130, 210, 9, 3, 232)
(97, 165, 9, 6, 119)
(205, 171, 6, 2, 197)
(271, 133, 0, 91, 255)
(240, 0, 4, 18, 231)
(155, 186, 4, 3, 207)
(255, 203, 3, 0, 46)
(231, 161, 2, 4, 118)
(106, 219, 13, 3, 207)
(130, 32, 5, 36, 189)
(267, 32, 8, 1, 222)
(39, 22, 6, 12, 148)
(281, 195, 10, 1, 188)
(299, 72, 0, 33, 76)
(181, 189, 0, 2, 0)
(57, 50, 8, 8, 87)
(184, 151, 6, 5, 92)
(152, 148, 2, 14, 181)
(266, 128, 1, 6, 215)
(299, 0, 0, 121, 62)
(48, 214, 10, 5, 227)
(256, 63, 2, 33, 179)
(291, 56, 0, 133, 117)
(117, 179, 0, 14, 94)
(293, 99, 3, 10, 196)
(267, 21, 5, 17, 212)
(299, 141, 0, 56, 38)
(194, 203, 15, 3, 235)
(243, 78, 2, 3, 200)
(290, 207, 2, 3, 252)
(263, 68, 24, 3, 210)
(167, 192, 4, 7, 247)
(249, 216, 0, 8, 53)
(291, 176, 6, 2, 194)
(239, 165, 0, 5, 123)
(68, 172, 10, 3, 203)
(151, 29, 37, 12, 199)
(156, 0, 62, 10, 221)
(39, 75, 27, 8, 202)
(163, 204, 3, 4, 208)
(166, 224, 0, 0, 173)
(181, 104, 3, 15, 175)
(119, 220, 102, 0, 51)
(296, 37, 0, 53, 162)
(117, 113, 15, 8, 218)
(256, 213, 18, 1, 177)
(75, 203, 20, 2, 180)
(222, 116, 3, 8, 103)
(249, 222, 2, 1, 136)
(236, 205, 12, 3, 184)
(195, 192, 63, 0, 243)
(28, 94, 3, 15, 121)
(274, 116, 13, 4, 210)
(80, 139, 7, 6, 236)
(228, 35, 2, 13, 215)
(163, 134, 4, 6, 237)
(118, 125, 7, 11, 165)
(222, 179, 0, 0, 0)
(144, 189, 3, 7, 195)
(164, 144, 3, 8, 95)
(262, 191, 37, 0, 210)
(296, 221, 3, 2, 94)
(23, 224, 43, 0, 28)
(65, 133, 4, 2, 171)
(291, 107, 0, 0, 92)
(251, 208, 0, 2, 24)
(67, 191, 0, 33, 18)
(251, 106, 1, 12, 152)
(256, 168, 10, 2, 181)
(196, 82, 0, 97, 31)
(269, 148, 2, 3, 182)
(95, 133, 4, 11, 225)
(55, 193, 12, 12, 233)
(224, 108, 9, 7, 164)
(21, 26, 8, 5, 161)
(273, 162, 4, 1, 234)
(198, 182, 3, 4, 161)
(245, 107, 2, 2, 146)
(282, 88, 5, 6, 180)
(156, 205, 6, 4, 203)
(264, 75, 0, 72, 172)
(122, 204, 18, 1, 218)
(51, 157, 1, 14, 93)
(137, 141, 23, 2, 219)
(26, 224, 124, 0, 177)
(94, 216, 8, 1, 239)
(166, 109, 2, 8, 204)
(125, 215, 64, 0, 127)
(97, 66, 1, 13, 104)
(91, 147, 4, 8, 99)
(107, 142, 1, 7, 231)
(264, 60, 22, 1, 203)
(35, 185, 2, 27, 209)
(285, 31, 0, 33, 18)
(81, 137, 15, 1, 165)
(228, 148, 5, 2, 144)
(241, 224, 0, 0, 195)
(272, 120, 12, 4, 187)
(282, 15, 6, 14, 203)
(281, 91, 2, 6, 163)
(156, 140, 0, 38, 0)
(222, 161, 5, 3, 206)
(175, 181, 4, 6, 207)
(282, 224, 0, 15, 186)
(165, 91, 22, 7, 124)
(77, 20, 13, 6, 153)
(92, 224, 92, 0, 239)
(50, 90, 12, 10, 151)
(67, 108, 23, 2, 38)
(108, 78, 23, 3, 207)
(246, 213, 29, 0, 119)
(248, 203, 0, 0, 8)
(299, 103, 0, 63, 29)
(261, 210, 6, 3, 173)
(273, 20, 10, 9, 161)
(143, 159, 3, 6, 116)
(86, 190, 9, 2, 134)
(259, 80, 0, 112, 182)
(57, 108, 5, 22, 203)
(282, 119, 0, 10, 8)
(189, 224, 15, 0, 187)
(115, 77, 2, 4, 112)
(0, 93, 4, 5, 172)
(230, 181, 42, 0, 142)
(297, 13, 0, 67, 243)
(17, 120, 3, 13, 112)
(119, 41, 5, 27, 144)
(236, 137, 17, 2, 161)
(75, 86, 6, 7, 170)
(54, 99, 169, 0, 49)
(9, 77, 8, 49, 113)
(179, 179, 20, 2, 213)
(250, 175, 0, 5, 90)
(194, 151, 3, 11, 86)
(280, 64, 2, 7, 194)
(18, 189, 0, 0, 106)
(239, 99, 1, 0, 246)
(283, 79, 5, 1, 223)
(15, 202, 11, 10, 194)
(299, 224, 0, 0, 12)
(16, 217, 236, 0, 152)
(250, 126, 2, 2, 218)
(50, 224, 226, 0, 164)
(43, 178, 6, 8, 203)
(282, 14, 17, 0, 133)
(65, 135, 28, 3, 130)
(157, 0, 10, 29, 215)
(124, 73, 1, 15, 178)
(293, 96, 1, 5, 147)
(247, 124, 0, 87, 154)
(145, 224, 18, 8, 221)
(18, 221, 10, 3, 214)
(237, 224, 21, 0, 80)
(147, 103, 5, 22, 87)
(117, 188, 5, 14, 226)
(243, 11, 0, 20, 0)
(68, 116, 4, 22, 166)
(280, 160, 14, 1, 182)
(119, 187, 6, 4, 246)
(248, 31, 3, 5, 236)
(33, 224, 92, 0, 129)
(183, 168, 9, 5, 251)
(185, 204, 7, 4, 234)
(292, 212, 7, 2, 170)
(241, 190, 32, 2, 188)
(27, 200, 22, 10, 208)
(201, 134, 7, 9, 189)
(265, 87, 3, 3, 153)
(0, 149, 16, 26, 58)
(227, 68, 2, 26, 151)
(64, 67, 27, 7, 169)
(175, 152, 4, 5, 248)
(125, 188, 140, 0, 22)
(189, 108, 8, 3, 101)
(105, 224, 79, 0, 10)
(202, 199, 12, 2, 236)
(207, 151, 2, 9, 236)
(93, 198, 5, 6, 197)
(222, 54, 6, 19, 141)
(61, 141, 3, 6, 242)
(287, 150, 2, 2, 208)
(299, 224, 0, 0, 230)
(266, 86, 2, 1, 133)
(299, 142, 0, 0, 213)
(250, 206, 1, 8, 202)
(106, 224, 62, 0, 146)
(291, 95, 0, 78, 152)
(31, 83, 6, 13, 106)
(296, 95, 3, 6, 225)
(66, 162, 188, 0, 134)
(281, 137, 5, 3, 162)
(188, 224, 102, 0, 73)
(299, 200, 0, 7, 205)
(199, 60, 23, 3, 193)
(296, 145, 2, 7, 165)
(122, 207, 5, 3, 145)
(144, 218, 33, 0, 237)
(177, 164, 1, 5, 168)
(230, 220, 11, 2, 133)
(291, 200, 4, 1, 216)
(126, 199, 6, 9, 195)
(242, 144, 0, 0, 223)
(132, 218, 8, 6, 192)
(277, 36, 3, 12, 202)
(218, 86, 28, 2, 199)
(188, 161, 33, 1, 99)
(267, 0, 4, 16, 188)
(200, 93, 6, 2, 196)
(255, 191, 0, 0, 210)
(227, 190, 10, 2, 224)
(209, 176, 48, 1, 248)
(137, 224, 72, 0, 121)
(0, 223, 5, 1, 163)
(108, 197, 191, 0, 208)
(276, 169, 3, 1, 186)
(89, 54, 94, 0, 39)
(216, 124, 4, 4, 225)
(241, 150, 2, 11, 234)
(191, 199, 75, 0, 90)
(284, 210, 15, 0, 33)
(76, 48, 7, 9, 230)
(291, 130, 0, 15, 140)
(66, 222, 240, 0, 130)
(174, 224, 29, 0, 112)
(209, 111, 9, 4, 103)
(30, 211, 7, 13, 190)
(226, 182, 0, 23, 225)
(195, 163, 9, 6, 253)
(251, 141, 15, 2, 168)
(288, 216, 0, 8, 206)
(61, 224, 82, 0, 182)
(237, 97, 1, 25, 210)
(114, 193, 118, 0, 30)
(168, 16, 41, 12, 230)
(51, 145, 0, 13, 207)
(282, 158, 17, 2, 115)
(299, 172, 0, 4, 82)
(284, 224, 10, 0, 95)
(9, 100, 13, 4, 145)
(271, 224, 0, 5, 120)
(218, 135, 16, 5, 234)
(257, 162, 16, 0, 26)
(226, 199, 19, 6, 208)
(217, 127, 13, 3, 234)
(16, 218, 4, 3, 109)
(128, 185, 1, 9, 161)
(275, 208, 8, 1, 159)
(98, 207, 107, 0, 18)
(199, 168, 48, 2, 240)
(299, 49, 1, 8, 155)
(0, 137, 13, 14, 85)
(269, 172, 0, 14, 117)
(287, 223, 5, 2, 136)
(268, 104, 5, 11, 219)
(125, 37, 11, 13, 168)
(205, 188, 0, 0, 59)
(20, 192, 35, 3, 220)
(284, 159, 2, 2, 201)
(140, 105, 140, 0, 97)
(141, 166, 5, 15, 77)
(107, 184, 5, 7, 216)
(231, 156, 6, 2, 119)
(120, 209, 3, 5, 211)
(115, 224, 76, 0, 61)
(208, 189, 3, 3, 169)
(221, 126, 12, 1, 96)
(268, 136, 1, 4, 206)
(98, 170, 14, 3, 176)
(277, 150, 7, 1, 114)
(194, 45, 2, 5, 165)
(216, 201, 3, 4, 228)
(292, 139, 1, 22, 189)
(297, 145, 2, 1, 154)
(250, 0, 3, 3, 195)
(187, 63, 13, 8, 98)
(86, 59, 10, 18, 193)
(45, 216, 49, 0, 8)
(299, 68, 0, 0, 227)
(139, 46, 25, 3, 198)
(182, 218, 32, 1, 192)
(148, 215, 24, 5, 211)
(44, 221, 11, 3, 181)
(218, 24, 3, 9, 188)
(48, 181, 94, 0, 208)
(265, 81, 0, 21, 101)
(23, 224, 82, 0, 187)
(103, 66, 5, 7, 124)
(224, 181, 2, 0, 152)
(246, 124, 2, 1, 232)
(258, 181, 10, 1, 200)
(64, 86, 2, 9, 65)
(288, 109, 2, 5, 150)
(185, 224, 67, 0, 147)
(293, 183, 6, 1, 178)
(299, 172, 0, 0, 26)
(225, 224, 22, 0, 73)
(56, 220, 27, 1, 168)
(0, 113, 119, 0, 9)
(156, 149, 3, 7, 75)
(192, 112, 2, 14, 109)
(192, 224, 9, 0, 143)
(84, 200, 3, 2, 79)
(258, 14, 2, 30, 198)
(157, 211, 0, 0, 72)
(258, 7, 4, 6, 141)
(274, 96, 6, 4, 221)
(199, 224, 123, 0, 182)
(76, 168, 10, 4, 239)
(252, 15, 8, 1, 196)
(283, 7, 8, 6, 158)
(264, 106, 0, 36, 226)
(297, 29, 2, 9, 171)
(297, 160, 2, 6, 191)
(1, 173, 98, 0, 43)
(104, 135, 10, 6, 73)
(161, 95, 3, 21, 151)
(163, 220, 7, 4, 201)
(126, 17, 4, 6, 184)
(252, 221, 11, 1, 160)
(80, 224, 129, 0, 0)
(274, 102, 2, 5, 149)
(256, 172, 0, 3, 126)
(299, 38, 0, 28, 156)
(297, 158, 3, 1, 93)
(258, 171, 13, 2, 208)
(96, 197, 164, 0, 61)
(299, 86, 0, 45, 143)
(282, 205, 4, 3, 163)
(150, 29, 3, 16, 214)
(87, 76, 1, 19, 142)
(162, 103, 3, 20, 119)
(134, 106, 1, 6, 168)
(164, 47, 14, 14, 196)
(151, 193, 4, 2, 246)
(185, 202, 9, 1, 161)
(299, 219, 0, 5, 144)
(197, 197, 0, 0, 75)
(156, 194, 110, 0, 161)
(299, 185, 0, 20, 120)
(253, 21, 2, 18, 211)
(169, 186, 7, 2, 98)
(250, 161, 21, 1, 151)
(299, 135, 5, 7, 170)
(299, 3, 0, 85, 12)
(288, 123, 0, 4, 191)
(57, 224, 11, 1, 164)
(132, 194, 2, 3, 91)
(228, 201, 12, 2, 199)
(268, 130, 2, 3, 108)
(64, 143, 9, 1, 116)
(169, 181, 0, 0, 0)
(299, 59, 0, 96, 110)
(239, 131, 18, 1, 237)
(97, 221, 9, 3, 205)
(149, 161, 1, 11, 221)
(152, 224, 7, 0, 204)
(224, 159, 3, 3, 209)
(167, 133, 12, 14, 124)
(118, 172, 121, 0, 254)
(299, 134, 0, 40, 209)
(99, 207, 22, 3, 219)
(230, 29, 7, 10, 151)
(221, 196, 13, 5, 220)
(272, 224, 16, 0, 90)
(220, 195, 79, 0, 50)
(184, 60, 28, 0, 0)
(268, 167, 18, 2, 215)
(288, 210, 2, 1, 224)
(180, 10, 0, 98, 85)
(299, 206, 11, 4, 182)
(299, 224, 0, 0, 197)
(275, 171, 0, 50, 153)
(279, 124, 11, 1, 120)
(164, 216, 11, 3, 223)
(188, 151, 20, 0, 141)
(74, 34, 6, 0, 215)
(74, 214, 16, 4, 190)
(264, 171, 0, 53, 137)
(298, 16, 1, 19, 184)
(220, 51, 0, 81, 255)
(272, 221, 3, 2, 176)
(138, 210, 0, 13, 38)
(226, 117, 0, 6, 69)
(122, 191, 5, 5, 67)
(205, 107, 17, 5, 152)
(288, 108, 0, 8, 26)
(154, 99, 4, 6, 103)
(52, 224, 14, 0, 44)
(196, 131, 1, 6, 162)
(286, 145, 2, 2, 149)
(235, 61, 24, 0, 21)
(37, 176, 30, 1, 104)
(68, 207, 165, 0, 160)
(70, 66, 2, 6, 93)
(117, 205, 7, 3, 149)
(291, 131, 8, 3, 202)
(296, 196, 0, 12, 249)
(299, 134, 0, 21, 27)
(0, 222, 0, 0, 181)
(299, 141, 0, 19, 100)
(268, 165, 2, 23, 209)
(278, 125, 2, 2, 119)
(245, 20, 2, 11, 194)
(107, 195, 0, 0, 154)
(232, 68, 4, 15, 136)
(15, 140, 188, 0, 44)
(268, 88, 4, 16, 201)
(106, 177, 9, 7, 203)
(115, 184, 2, 5, 65)
(237, 94, 4, 6, 232)
(274, 117, 4, 7, 178)
(115, 44, 4, 2, 192)
(299, 195, 27, 2, 163)
(288, 53, 2, 21, 203)
(236, 107, 2, 8, 171)
(82, 221, 14, 3, 182)
(253, 192, 31, 2, 173)
(236, 189, 7, 2, 205)
(278, 132, 4, 2, 214)
(116, 128, 0, 31, 242)
(239, 153, 2, 6, 222)
(242, 208, 15, 0, 0)
(249, 224, 1, 9, 81)
(120, 179, 4, 4, 76)
(205, 39, 1, 17, 130)
(112, 57, 2, 6, 204)
(169, 116, 12, 4, 167)
(244, 183, 0, 4, 55)
(138, 140, 5, 2, 226)
(170, 100, 4, 18, 135)
(234, 196, 5, 10, 197)
(206, 73, 3, 3, 165)
(191, 27, 0, 119, 146)
(102, 224, 146, 0, 8)
(280, 181, 0, 0, 200)
(268, 154, 5, 1, 215)
(75, 203, 9, 0, 14)
(123, 171, 4, 4, 92)
(211, 159, 2, 2, 107)
(62, 34, 7, 6, 174)
(145, 203, 119, 0, 79)
(74, 213, 162, 0, 191)
(286, 197, 8, 3, 210)
(288, 3, 0, 61, 189)
(156, 49, 6, 7, 145)
(0, 159, 14, 19, 57)
(149, 134, 2, 9, 243)
(254, 75, 0, 139, 0)
(53, 159, 12, 3, 194)
(167, 174, 0, 20, 146)
(139, 113, 81, 0, 110)
(43, 145, 47, 1, 200)
(262, 188, 9, 2, 175)
(0, 224, 26, 0, 37)
(288, 115, 4, 3, 187)
(299, 132, 0, 36, 157)
(59, 108, 4, 4, 141)
(283, 47, 16, 3, 218)
(264, 112, 0, 68, 6)
(155, 133, 85, 0, 92)
(258, 190, 0, 17, 226)
(195, 65, 6, 6, 123)
(284, 172, 6, 0, 65)
(37, 200, 13, 0, 185)
(44, 216, 255, 0, 179)
(231, 222, 3, 1, 125)
(251, 21, 2, 17, 161)
(299, 190, 0, 28, 123)
(91, 142, 85, 0, 197)
(245, 149, 4, 3, 155)
(253, 99, 2, 23, 209)
(268, 148, 2, 7, 225)
(198, 56, 5, 0, 53)
(254, 40, 0, 0, 196)
(299, 224, 0, 0, 108)
(277, 220, 24, 0, 147)
(220, 214, 5, 6, 183)
(103, 224, 101, 0, 211)
(104, 201, 13, 3, 72)
(199, 182, 27, 1, 228)
(230, 224, 13, 0, 9)
(273, 148, 4, 3, 228)
(97, 224, 145, 0, 185)
(262, 31, 4, 11, 183)
(132, 206, 5, 3, 169)
(110, 168, 12, 2, 238)
(77, 191, 8, 3, 216)
(166, 153, 2, 11, 177)
(266, 216, 0, 8, 147)
(117, 96, 10, 5, 98)
(299, 125, 0, 28, 245)
(141, 211, 4, 2, 138)
(185, 221, 52, 0, 39)
(72, 188, 21, 2, 96)
(148, 206, 17, 1, 168)
(258, 205, 6, 0, 42)
(286, 81, 3, 3, 148)
(201, 38, 5, 14, 137)
(133, 224, 33, 0, 166)
(218, 152, 0, 0, 10)
(297, 77, 0, 107, 154)
(103, 105, 0, 27, 118)
(299, 88, 0, 0, 13)
(65, 224, 146, 0, 15)
(184, 200, 12, 2, 141)
(176, 61, 2, 45, 129)
(233, 202, 15, 0, 36)
(123, 216, 117, 0, 110)
(95, 224, 112, 0, 200)
(236, 53, 4, 4, 169)
(292, 148, 0, 0, 170)
(263, 26, 0, 181, 26)
(223, 149, 0, 33, 116)
(196, 224, 66, 0, 31)
(253, 38, 0, 13, 64)
(160, 76, 10, 4, 167)
(263, 185, 0, 0, 25)
(297, 138, 3, 2, 204)
(59, 114, 92, 0, 15)
(246, 39, 0, 103, 236)
(144, 42, 1, 16, 215)
(103, 202, 124, 0, 70)
(211, 92, 4, 6, 175)
(159, 211, 0, 0, 186)
(193, 174, 20, 1, 236)
(35, 127, 4, 19, 199)
(109, 183, 0, 0, 112)
(286, 114, 5, 0, 147)
(134, 209, 2, 0, 51)
(193, 148, 2, 3, 109)
(0, 169, 18, 8, 54)
(111, 64, 1, 14, 218)
(290, 215, 6, 1, 152)
(200, 105, 8, 4, 111)
(240, 114, 4, 2, 211)
(240, 204, 8, 1, 191)
(299, 37, 0, 8, 40)
(291, 210, 1, 7, 157)
(299, 45, 0, 27, 151)
(125, 128, 6, 4, 155)
(219, 212, 0, 0, 127)
(259, 194, 14, 2, 184)
(299, 0, 0, 194, 43)
(0, 122, 9, 7, 180)
(277, 0, 3, 5, 150)
(90, 126, 59, 0, 154)
(299, 132, 0, 56, 225)
(299, 121, 0, 20, 255)
(210, 22, 4, 21, 226)
(10, 217, 4, 7, 210)
(245, 176, 10, 1, 240)
(0, 174, 241, 0, 101)
(192, 117, 88, 0, 114)
(153, 191, 7, 2, 95)
(200, 91, 0, 7, 196)
(128, 218, 14, 0, 23)
(291, 212, 0, 2, 250)
(281, 181, 0, 0, 207)
(183, 224, 100, 0, 42)
(79, 209, 5, 2, 226)
(229, 221, 2, 4, 143)
(141, 208, 10, 3, 189)
(206, 218, 9, 1, 201)
(285, 96, 3, 9, 171)
(97, 117, 41, 3, 220)
(290, 188, 3, 4, 151)
(89, 210, 27, 0, 201)
(290, 188, 0, 62, 66)
(283, 175, 0, 20, 197)
(294, 220, 5, 1, 106)
(251, 94, 9, 0, 90)
(133, 166, 1, 10, 166)
(105, 209, 5, 4, 240)
(105, 82, 2, 26, 217)
(129, 161, 0, 28, 220)
(81, 25, 4, 6, 98)
(134, 15, 3, 9, 83)
(164, 212, 11, 1, 248)
(117, 133, 29, 0, 169)
(38, 98, 4, 7, 67)
(145, 17, 0, 72, 199)
(198, 42, 5, 4, 149)
(81, 126, 8, 5, 250)
(271, 224, 19, 0, 144)
(102, 148, 10, 4, 56)
(282, 74, 1, 3, 218)
(252, 79, 1, 51, 187)
(276, 158, 0, 40, 107)
(271, 33, 0, 141, 131)
(192, 131, 4, 13, 247)
(299, 224, 0, 0, 19)
(254, 150, 3, 2, 175)
(266, 218, 6, 0, 2)
(252, 224, 2, 1, 224)
(279, 122, 12, 1, 207)
(97, 99, 3, 10, 87)
(283, 207, 2, 2, 170)
(250, 82, 0, 61, 135)
(201, 212, 1, 0, 84)
(276, 222, 0, 0, 115)
(214, 149, 3, 6, 227)
(299, 59, 0, 114, 207)
(43, 195, 21, 2, 210)
(196, 107, 7, 1, 118)
(266, 144, 12, 2, 237)
(168, 224, 68, 0, 163)
(299, 188, 0, 17, 220)
(257, 173, 3, 1, 151)
(298, 0, 8, 4, 149)
(0, 188, 261, 0, 221)
(22, 219, 7, 2, 156)
(241, 145, 0, 33, 124)
(189, 54, 96, 0, 7)
(151, 6, 3, 8, 167)
(234, 224, 2, 1, 189)
(112, 101, 12, 2, 164)
(266, 175, 5, 6, 208)
(299, 121, 0, 69, 110)
(122, 60, 2, 6, 76)
(109, 109, 15, 4, 228)
(215, 141, 6, 10, 240)
(131, 219, 39, 0, 108)
(174, 9, 76, 1, 226)
(213, 149, 2, 4, 111)
(294, 202, 1, 3, 189)
(183, 207, 0, 10, 249)
(0, 221, 16, 1, 194)
(281, 25, 18, 2, 204)
(238, 141, 1, 20, 209)
(261, 108, 21, 2, 207)
(297, 120, 0, 0, 56)
(277, 25, 0, 62, 8)
(143, 150, 87, 0, 9)
(246, 101, 0, 74, 86)
(274, 204, 0, 0, 171)
(208, 54, 3, 3, 112)
(164, 63, 12, 9, 170)
(55, 97, 13, 9, 102)
(110, 210, 105, 0, 211)
(0, 182, 23, 4, 84)
(265, 196, 15, 0, 221)
(207, 177, 26, 3, 243)
(141, 195, 37, 0, 99)
(274, 171, 0, 5, 50)
(238, 137, 3, 4, 140)
(245, 174, 0, 48, 185)
(147, 189, 6, 3, 109)
(0, 44, 9, 5, 70)
(213, 224, 6, 2, 186)
(230, 208, 0, 4, 75)
(255, 218, 9, 1, 188)
(205, 224, 0, 0, 99)
(263, 114, 0, 29, 189)
(191, 193, 1, 9, 129)
(11, 15, 5, 20, 204)
(177, 213, 111, 0, 89)
(271, 10, 0, 115, 5)
(148, 167, 0, 63, 203)
(126, 141, 2, 5, 97)
(272, 54, 8, 5, 169)
(251, 37, 3, 5, 213)
(288, 224, 0, 0, 4)
(185, 214, 20, 0, 95)
(0, 176, 90, 0, 227)
(281, 24, 18, 2, 198)
(298, 42, 3, 5, 210)
(27, 75, 37, 4, 193)
(260, 118, 2, 4, 146)
(254, 200, 5, 2, 198)
(216, 222, 8, 2, 144)
(264, 58, 5, 18, 206)
(276, 122, 0, 0, 196)
(204, 197, 8, 0, 133)
(242, 100, 19, 3, 220)
(213, 45, 0, 56, 223)
(125, 28, 1, 11, 191)
(169, 184, 4, 7, 119)
(64, 180, 37, 1, 224)
(37, 205, 157, 0, 193)
(207, 28, 9, 5, 240)
(260, 224, 0, 0, 49)
(288, 218, 9, 1, 111)
(269, 174, 0, 11, 238)
(60, 153, 6, 2, 226)
(32, 201, 164, 0, 115)
(18, 134, 3, 5, 224)
(265, 203, 5, 1, 210)
(69, 199, 66, 0, 7)
(85, 177, 35, 1, 183)
(268, 14, 9, 3, 162)
(152, 213, 62, 0, 192)
(295, 171, 6, 2, 211)
(283, 121, 0, 49, 222)
(292, 125, 0, 0, 142)
(150, 224, 100, 0, 40)
(246, 204, 5, 2, 169)
(18, 217, 191, 0, 157)
(289, 217, 0, 0, 255)
(204, 224, 100, 0, 142)
(205, 224, 0, 0, 68)
(121, 208, 120, 0, 218)
(165, 224, 0, 0, 3)
(103, 207, 175, 0, 45)
(129, 224, 101, 0, 65)
(264, 224, 0, 0, 99)
(92, 210, 83, 0, 216)
(182, 190, 1, 4, 214)
(173, 78, 29, 1, 95)
(3, 117, 3, 6, 181)
(296, 27, 2, 5, 196)
(220, 224, 0, 0, 47)
(106, 162, 0, 22, 94)
(27, 186, 66, 0, 58)
(254, 224, 2, 1, 169)
(256, 176, 10, 3, 225)
(299, 111, 0, 29, 148)
(114, 24, 9, 11, 119)
(226, 209, 9, 4, 192)
(237, 171, 77, 0, 255)
(251, 193, 34, 0, 158)
(147, 94, 3, 4, 71)
(256, 205, 14, 2, 169)
(299, 45, 0, 105, 114)
(299, 98, 3, 4, 231)
(203, 63, 2, 35, 128)
(299, 224, 0, 0, 217)
(273, 222, 2, 1, 214)
(299, 49, 0, 0, 157)
(1, 178, 3, 5, 193)
(201, 58, 7, 7, 193)
(218, 144, 0, 5, 135)
(261, 83, 9, 0, 188)
(260, 62, 3, 2, 185)
(299, 181, 0, 21, 35)
(297, 18, 0, 131, 97)
(106, 181, 2, 14, 198)
(37, 63, 59, 2, 205)
(299, 69, 0, 41, 117)
(297, 61, 2, 3, 217)
(79, 224, 210, 0, 178)
(0, 224, 110, 0, 212)
(296, 149, 0, 17, 47)
(228, 126, 5, 2, 99)
(298, 57, 0, 0, 210)
(258, 224, 0, 0, 49)
(133, 109, 13, 2, 121)
(261, 219, 10, 2, 144)
(102, 50, 1, 23, 117)
(139, 213, 2, 2, 164)
(299, 55, 0, 102, 192)
(259, 133, 3, 6, 169)
(185, 206, 2, 2, 210)
(274, 19, 0, 51, 214)
(137, 216, 1, 8, 181)
(297, 115, 0, 49, 28)
(255, 62, 4, 3, 194)
(115, 3, 6, 6, 199)
(268, 197, 31, 0, 75)
(292, 48, 3, 2, 175)
(201, 224, 54, 0, 9)
(280, 224, 13, 0, 50)
(251, 30, 1, 3, 211)
(3, 224, 227, 0, 241)
(223, 181, 36, 2, 220)
(127, 73, 3, 5, 184)
(282, 36, 0, 120, 139)
(67, 175, 176, 0, 86)
(294, 40, 0, 39, 73)
(163, 103, 7, 4, 173)
(271, 202, 0, 0, 222)
(179, 198, 4, 1, 154)
(272, 145, 9, 2, 220)
(172, 216, 0, 0, 0)
(299, 46, 0, 108, 34)
(165, 106, 14, 4, 168)
(265, 209, 11, 2, 153)
(275, 201, 0, 8, 24)
(82, 224, 68, 0, 21)
(53, 203, 29, 0, 153)
(39, 142, 0, 19, 147)
(286, 190, 0, 34, 215)
(2, 84, 6, 3, 184)
(286, 32, 0, 35, 1)
(118, 175, 2, 4, 118)
(279, 111, 0, 42, 104)
(253, 201, 2, 13, 182)
(58, 22, 0, 85, 72)
(277, 94, 0, 15, 118)
(277, 224, 1, 1, 182)
(175, 208, 89, 0, 30)
(121, 219, 37, 1, 199)
(249, 202, 0, 0, 221)
(228, 102, 3, 9, 177)
(29, 145, 6, 12, 150)
(173, 224, 0, 0, 144)
(160, 214, 37, 1, 207)
(197, 175, 0, 1, 158)
(285, 89, 0, 27, 226)
(269, 159, 8, 0, 255)
(28, 160, 15, 5, 67)
(299, 173, 0, 0, 19)
(16, 89, 11, 2, 190)
(21, 65, 3, 2, 144)
(299, 26, 0, 173, 23)
(295, 87, 0, 0, 243)
(299, 208, 8, 0, 59)
(27, 224, 122, 0, 32)
(289, 101, 0, 19, 155)
(235, 139, 0, 40, 37)
(101, 224, 36, 0, 142)
(284, 164, 1, 2, 231)
(216, 224, 21, 0, 0)
(286, 203, 10, 1, 194)
(298, 214, 2, 1, 176)
(299, 104, 0, 41, 161)
(299, 202, 0, 7, 236)
(264, 124, 1, 12, 195)
(226, 162, 4, 4, 183)
(76, 152, 0, 43, 175)
(68, 205, 0, 17, 177)
(267, 12, 0, 43, 254)
(59, 177, 8, 5, 150)
(9, 76, 4, 10, 135)
(178, 161, 4, 5, 66)
(292, 219, 5, 1, 105)
(154, 10, 6, 9, 190)
(220, 216, 8, 2, 177)
(246, 224, 0, 0, 227)
(299, 28, 0, 45, 0)
(63, 2, 0, 120, 21)
(112, 81, 2, 8, 143)
(86, 224, 4, 8, 176)
(0, 224, 231, 0, 55)
(233, 220, 3, 1, 157)
(299, 64, 0, 160, 156)
(273, 86, 1, 3, 200)
(60, 202, 63, 0, 191)
(267, 215, 0, 9, 24)
(74, 160, 54, 0, 170)
(172, 201, 8, 1, 227)
(27, 191, 24, 3, 221)
(22, 224, 0, 0, 131)
(295, 130, 1, 27, 205)
(288, 116, 0, 18, 174)
(299, 100, 0, 122, 41)
(299, 18, 0, 75, 127)
(88, 12, 24, 10, 216)
(262, 3, 14, 0, 4)
(283, 193, 0, 31, 0)
(209, 82, 9, 4, 122)
(156, 197, 0, 27, 15)
(264, 7, 8, 2, 163)
(122, 224, 124, 0, 255)
(264, 166, 5, 1, 246)
(269, 132, 0, 0, 210)
(291, 79, 3, 2, 163)
(175, 221, 17, 1, 206)
(253, 28, 2, 2, 175)
(248, 160, 20, 1, 139)
(55, 198, 93, 0, 172)
(118, 56, 8, 5, 178)
(217, 217, 61, 0, 133)
(15, 51, 13, 8, 132)
(20, 87, 62, 0, 255)
(0, 135, 3, 4, 56)
(277, 152, 4, 5, 208)
(167, 190, 40, 0, 32)
(85, 83, 14, 7, 143)
(296, 105, 0, 61, 117)
(299, 187, 0, 17, 161)
(97, 45, 1, 6, 81)
(117, 212, 1, 4, 194)
(298, 43, 1, 14, 174)
(147, 186, 5, 5, 94)
(236, 224, 0, 0, 46)
(167, 130, 78, 0, 221)
(55, 182, 9, 6, 119)
(9, 48, 4, 6, 60)
(281, 159, 0, 0, 167)
(290, 104, 8, 5, 186)
(299, 123, 0, 77, 159)
(84, 183, 1, 5, 83)
(238, 163, 11, 1, 176)
(299, 169, 0, 55, 42)
(244, 66, 3, 2, 236)
(145, 138, 3, 21, 232)
(14, 158, 11, 8, 78)
(293, 224, 0, 0, 137)
(217, 179, 0, 0, 66)
(155, 81, 13, 4, 121)
(245, 224, 13, 0, 87)
(281, 25, 1, 9, 169)
(282, 193, 0, 0, 47)
(258, 224, 20, 0, 98)
(293, 30, 3, 3, 142)
(87, 207, 10, 4, 201)
(297, 65, 2, 2, 181)
(271, 65, 0, 0, 69)
(160, 125, 2, 19, 107)
(186, 101, 26, 0, 60)
(298, 44, 1, 4, 219)
(26, 209, 28, 0, 162)
(35, 214, 14, 2, 215)
(93, 170, 0, 0, 22)
(116, 224, 104, 0, 230)
(266, 184, 7, 1, 217)
(281, 138, 1, 4, 223)
(241, 17, 1, 34, 168)
(299, 160, 0, 0, 194)
(282, 50, 0, 136, 107)
(299, 129, 0, 5, 10)
(240, 102, 0, 9, 119)
(132, 144, 9, 3, 213)
(213, 163, 23, 0, 168)
(286, 12, 1, 16, 214)
(11, 150, 275, 0, 189)
(299, 224, 0, 0, 255)
(231, 201, 0, 0, 255)
(136, 169, 0, 17, 0)
(131, 183, 150, 0, 111)
(226, 37, 0, 117, 246)
(297, 135, 2, 3, 183)
(110, 30, 4, 8, 149)
(299, 73, 0, 34, 225)
(242, 108, 0, 47, 46)
(84, 188, 3, 3, 132)
(203, 224, 56, 0, 100)
(103, 224, 80, 0, 227)
(222, 224, 53, 0, 112)
(120, 203, 0, 0, 183)
(280, 14, 0, 147, 112)
(220, 189, 0, 7, 178)
(208, 202, 13, 0, 240)
(195, 162, 9, 2, 219)
(216, 187, 5, 7, 219)
(130, 87, 7, 6, 176)
(162, 142, 3, 14, 88)
(102, 70, 4, 3, 89)
(87, 78, 0, 0, 22)
(76, 177, 96, 0, 141)
(25, 182, 5, 2, 199)
(66, 138, 56, 0, 18)
(149, 174, 0, 53, 208)
(1, 224, 225, 0, 155)
(33, 224, 162, 0, 231)
(292, 58, 0, 19, 204)
(218, 224, 63, 0, 91)
(136, 197, 6, 3, 135)
(90, 152, 52, 0, 44)
(109, 204, 71, 0, 41)
(236, 219, 4, 5, 138)
(78, 118, 6, 2, 228)
(141, 214, 61, 0, 50)
(120, 151, 1, 2, 186)
(155, 202, 119, 0, 189)
(223, 224, 0, 0, 216)
(55, 76, 26, 0, 8)
(30, 206, 50, 0, 177)
(0, 224, 227, 0, 234)
(265, 129, 0, 29, 189)
(290, 181, 0, 0, 74)
(299, 52, 0, 73, 0)
(270, 0, 0, 87, 138)
(242, 117, 5, 7, 150)
(289, 147, 0, 0, 216)
(166, 205, 7, 1, 94)
(299, 166, 2, 0, 54)
(177, 189, 2, 3, 101)
(210, 211, 0, 0, 101)
(193, 26, 41, 0, 115)
(65, 138, 12, 2, 227)
(275, 125, 1, 10, 167)
(286, 176, 13, 0, 255)
(116, 224, 31, 0, 112)
(156, 62, 10, 8, 188)
(299, 153, 0, 0, 90)
(154, 206, 78, 0, 193)
(66, 195, 9, 3, 242)
(299, 196, 0, 0, 93)
(157, 150, 132, 0, 22)
(166, 224, 133, 0, 136)
(294, 199, 5, 1, 157)
(132, 151, 1, 5, 89)
(57, 216, 0, 1, 71)
(146, 142, 2, 4, 106)
(248, 204, 0, 18, 226)
(134, 216, 92, 0, 218)
(299, 167, 0, 31, 112)
(30, 42, 35, 0, 231)
(133, 20, 3, 5, 70)
(201, 177, 3, 12, 241)
(235, 218, 63, 0, 210)
(179, 200, 2, 0, 181)
(287, 79, 0, 23, 49)
(0, 179, 2, 2, 96)
(202, 70, 0, 20, 20)
(23, 130, 20, 4, 207)
(215, 76, 0, 86, 202)
(296, 81, 3, 3, 166)
(244, 186, 13, 1, 189)
(103, 224, 0, 0, 69)
(138, 182, 1, 10, 65)
(82, 215, 98, 0, 78)
(199, 194, 6, 1, 159)
(0, 49, 8, 8, 199)
(298, 123, 0, 40, 210)
(0, 189, 58, 0, 195)
(290, 96, 2, 4, 224)
(254, 204, 11, 1, 158)
(299, 125, 0, 89, 234)
(153, 198, 4, 2, 226)
(229, 42, 0, 0, 206)
(136, 52, 8, 7, 144)
(299, 150, 0, 57, 67)
(284, 52, 0, 2, 93)
(230, 75, 3, 2, 209)
(0, 224, 245, 0, 130)
(251, 123, 3, 2, 138)
(248, 146, 0, 0, 233)
(261, 224, 0, 0, 139)
(220, 202, 0, 0, 173)
(299, 116, 0, 43, 126)
(278, 51, 16, 1, 216)
(159, 129, 1, 6, 79)
(239, 69, 0, 107, 0)
(89, 149, 105, 0, 39)
(67, 222, 137, 0, 190)
(238, 224, 29, 0, 66)
(113, 224, 0, 1, 5)
(28, 217, 69, 0, 153)
(31, 220, 148, 0, 18)
(286, 0, 0, 122, 7)
(130, 208, 2, 2, 213)
(201, 211, 5, 1, 231)
(78, 175, 14, 1, 108)
(152, 208, 0, 0, 40)
(37, 203, 227, 0, 39)
(113, 224, 36, 0, 255)
(283, 73, 1, 3, 198)
(297, 82, 2, 9, 210)
(29, 201, 207, 0, 62)
(299, 144, 0, 0, 141)
(272, 112, 4, 5, 228)
(284, 217, 11, 0, 30)
(299, 51, 0, 54, 71)
(288, 79, 11, 0, 55)
(197, 197, 0, 25, 141)
(250, 41, 1, 29, 197)
(11, 220, 151, 0, 160)
(216, 45, 0, 34, 0)
(154, 17, 74, 0, 38)
(116, 22, 16, 3, 166)
(231, 222, 0, 38, 204)
(247, 93, 2, 5, 151)
(245, 161, 0, 38, 65)
(215, 44, 0, 105, 196)
(220, 83, 0, 116, 17)
(247, 191, 24, 0, 166)
(110, 222, 8, 3, 202)
(214, 141, 22, 3, 250)
(288, 64, 0, 37, 195)
(230, 224, 4, 0, 9)
(160, 0, 131, 0, 213)
(260, 149, 9, 1, 225)
(235, 12, 6, 3, 188)
(299, 67, 0, 19, 199)
(299, 44, 0, 0, 197)
(217, 156, 1, 3, 111)
(299, 147, 0, 12, 105)
(297, 210, 2, 2, 147)
(291, 143, 2, 2, 154)
(197, 216, 15, 0, 238)
(299, 91, 4, 2, 160)
(97, 200, 48, 0, 240)
(246, 224, 38, 0, 122)
(138, 56, 3, 4, 214)
(262, 144, 0, 17, 93)
(171, 144, 5, 4, 148)
(264, 224, 2, 1, 121)
(234, 171, 6, 1, 189)
(212, 147, 0, 0, 166)
(299, 80, 0, 118, 179)
(203, 122, 2, 13, 140)
(273, 109, 0, 98, 201)
(2, 91, 5, 7, 174)
(272, 31, 2, 9, 223)
(299, 106, 0, 111, 198)
(0, 210, 115, 0, 54)
(299, 129, 0, 31, 230)
(247, 9, 2, 6, 222)
(205, 183, 1, 13, 236)
(297, 105, 2, 3, 219)
(49, 218, 170, 0, 255)
(204, 171, 0, 30, 0)
(163, 166, 22, 0, 36)
(249, 64, 0, 0, 147)
(292, 223, 3, 2, 125)
(145, 116, 13, 5, 77)
(250, 223, 37, 0, 138)
(39, 214, 2, 0, 58)
(219, 32, 3, 13, 160)
(299, 66, 0, 40, 182)
(264, 41, 5, 12, 155)
(55, 224, 68, 0, 137)
(226, 66, 1, 2, 224)
(296, 82, 0, 141, 209)
(171, 215, 34, 2, 204)
(282, 166, 3, 2, 195)
(0, 224, 32, 0, 249)
(293, 137, 2, 2, 197)
(19, 158, 0, 14, 109)
(255, 3, 0, 35, 167)
(216, 68, 18, 1, 191)
(295, 194, 4, 3, 167)
(214, 224, 11, 0, 194)
(192, 224, 6, 0, 58)
(289, 174, 0, 0, 202)
(69, 26, 2, 29, 225)
(267, 106, 4, 3, 240)
(13, 38, 8, 5, 158)
(137, 224, 125, 0, 114)
(269, 182, 0, 28, 101)
(133, 224, 0, 0, 101)
(282, 38, 0, 16, 106)
(221, 34, 3, 3, 222)
(297, 33, 2, 3, 147)
(249, 54, 1, 5, 171)
(186, 93, 1, 12, 125)
(299, 27, 0, 0, 113)
(23, 159, 0, 0, 192)
(298, 181, 0, 31, 121)
(209, 24, 2, 3, 246)
(299, 86, 0, 11, 71)
(111, 11, 36, 0, 195)
(14, 202, 60, 0, 162)
(169, 56, 11, 3, 180)
(299, 224, 1, 1, 88)
(106, 142, 14, 1, 239)
(20, 169, 0, 23, 214)
(216, 145, 6, 5, 237)
(0, 101, 9, 11, 94)
(0, 147, 2, 7, 109)
(256, 71, 0, 72, 204)
(204, 165, 12, 2, 211)
(221, 82, 4, 4, 158)
(263, 76, 7, 3, 174)
(299, 69, 0, 12, 113)
(162, 100, 0, 108, 213)
(27, 224, 77, 0, 238)
(270, 153, 0, 43, 20)
(235, 109, 8, 1, 185)
(153, 224, 85, 0, 240)
(68, 179, 15, 1, 217)
(299, 141, 0, 24, 242)
(145, 219, 78, 0, 253)
(232, 187, 28, 0, 232)
(42, 209, 47, 0, 212)
(270, 197, 15, 0, 236)
(181, 92, 0, 0, 93)
(299, 83, 0, 11, 186)
(18, 91, 0, 21, 146)
(104, 205, 35, 0, 56)
(270, 155, 3, 2, 214)
(272, 143, 0, 0, 134)
(223, 0, 0, 197, 243)
(272, 204, 3, 1, 180)
(248, 59, 0, 99, 185)
(155, 221, 103, 0, 160)
(299, 59, 0, 30, 179)
(201, 154, 3, 5, 99)
(270, 224, 0, 0, 0)
(257, 224, 26, 0, 231)
(256, 94, 3, 1, 120)
(234, 110, 2, 12, 103)
(196, 173, 0, 9, 82)
(286, 221, 1, 3, 160)
(192, 71, 13, 2, 104)
(157, 142, 4, 2, 215)
(210, 224, 69, 0, 29)
(299, 152, 10, 3, 179)
(265, 151, 0, 38, 95)
(291, 217, 0, 0, 90)
(71, 41, 5, 15, 159)
(101, 181, 5, 3, 96)
(33, 146, 235, 0, 14)
(293, 22, 4, 7, 193)
(299, 206, 0, 0, 43)
(297, 107, 2, 6, 193)
(192, 151, 2, 6, 195)
(297, 111, 2, 6, 219)
(201, 186, 4, 2, 217)
(157, 208, 5, 2, 210)
(143, 224, 84, 0, 192)
(216, 223, 1, 1, 170)
(299, 182, 8, 3, 171)
(70, 214, 86, 0, 194)
(210, 172, 0, 13, 147)
(262, 205, 0, 7, 255)
(299, 202, 0, 5, 218)
(246, 153, 0, 36, 119)
(84, 202, 8, 2, 148)
(115, 167, 12, 1, 160)
(190, 194, 1, 4, 120)
(299, 160, 0, 25, 129)
(152, 224, 147, 0, 196)
(157, 89, 5, 9, 174)
(209, 158, 2, 2, 190)
(299, 153, 0, 14, 27)
(299, 37, 0, 186, 185)
(298, 224, 0, 0, 91)
(252, 167, 0, 51, 162)
(179, 204, 3, 2, 139)
(276, 55, 8, 1, 157)
(260, 158, 0, 13, 115)
(66, 215, 9, 4, 199)
(74, 143, 3, 5, 151)
(242, 196, 30, 0, 116)
(268, 158, 0, 30, 119)
(161, 59, 2, 15, 187)
(283, 209, 6, 1, 157)
(68, 91, 8, 9, 102)
(89, 59, 0, 78, 142)
(68, 206, 11, 4, 229)
(288, 170, 0, 37, 230)
(244, 38, 7, 1, 140)
(159, 224, 67, 0, 26)
(245, 188, 26, 0, 125)
(190, 183, 7, 3, 250)
(204, 224, 0, 0, 78)
(6, 96, 9, 3, 71)
(278, 212, 1, 2, 163)
(185, 197, 2, 2, 231)
(246, 118, 7, 1, 219)
(287, 143, 1, 2, 108)
(298, 39, 0, 130, 29)
(120, 69, 0, 62, 77)
(276, 61, 3, 4, 201)
(273, 176, 0, 26, 64)
(180, 88, 48, 0, 88)
(32, 141, 25, 1, 211)
(224, 118, 0, 68, 205)
(154, 184, 84, 0, 160)
(174, 206, 145, 0, 28)
(280, 210, 17, 0, 116)
(257, 159, 1, 1, 216)
(219, 65, 5, 2, 135)
(240, 68, 21, 1, 189)
(280, 210, 0, 3, 39)
(87, 218, 17, 1, 194)
(297, 157, 0, 0, 160)
(221, 224, 3, 1, 120)
(276, 150, 0, 17, 200)
(278, 0, 0, 122, 143)
(38, 146, 17, 3, 242)
(299, 202, 0, 13, 160)
(294, 188, 1, 2, 181)
(91, 177, 16, 3, 226)
(299, 168, 0, 5, 80)
(241, 130, 13, 3, 248)
(235, 191, 6, 2, 179)
(167, 224, 72, 0, 255)
(299, 212, 1, 0, 171)
(231, 209, 0, 0, 87)
(299, 84, 0, 74, 214)
(108, 224, 13, 0, 153)
(299, 202, 0, 0, 0)
(113, 195, 76, 0, 140)
(214, 224, 73, 0, 165)
(287, 194, 5, 1, 162)
(287, 69, 8, 3, 182)
(190, 224, 7, 0, 85)
(1, 80, 72, 0, 157)
(84, 91, 2, 17, 59)
(282, 200, 4, 3, 178)
(154, 176, 159, 0, 118)
(26, 154, 4, 5, 71)
(242, 102, 0, 0, 65)
(264, 63, 0, 83, 255)
(297, 117, 1, 1, 125)
(277, 142, 0, 4, 179)
(225, 83, 0, 141, 162)
(92, 175, 21, 3, 178)
(289, 124, 0, 0, 77)
(273, 145, 26, 0, 75)
(231, 87, 3, 11, 224)
(227, 56, 4, 3, 206)
(270, 172, 0, 0, 151)
(128, 202, 3, 2, 160)
(53, 186, 218, 0, 94)
(284, 206, 0, 0, 178)
(243, 22, 0, 117, 56)
(117, 125, 0, 102, 105)
(156, 223, 0, 0, 0)
(291, 217, 8, 1, 133)
(226, 90, 2, 3, 118)
(299, 145, 0, 16, 0)
(280, 13, 3, 5, 197)
(207, 166, 59, 0, 69)
(287, 161, 2, 8, 235)
(283, 33, 3, 3, 148)
(233, 150, 2, 5, 209)
(204, 191, 1, 4, 197)
(221, 212, 9, 0, 254)
(189, 76, 4, 1, 87)
(168, 218, 47, 0, 255)
(299, 0, 0, 75, 255)
(247, 94, 9, 3, 188)
(227, 152, 12, 2, 175)
(299, 220, 0, 0, 108)
(271, 215, 36, 0, 94)
(295, 185, 4, 3, 154)
(271, 224, 0, 0, 0)
(267, 224, 27, 0, 162)
(292, 75, 6, 1, 210)
(27, 224, 7, 6, 185)
(299, 96, 0, 30, 26)
(130, 205, 67, 0, 184)
(299, 197, 0, 0, 0)
(86, 166, 9, 1, 152)
(88, 195, 143, 0, 162)
(288, 143, 1, 4, 173)
(299, 198, 0, 10, 4)
(61, 148, 7, 4, 135)
(96, 224, 150, 0, 127)
(241, 184, 18, 0, 113)
(264, 200, 0, 5, 237)
(34, 208, 118, 0, 102)
(175, 221, 0, 3, 226)
(54, 210, 32, 0, 49)
(299, 198, 0, 16, 66)
(299, 196, 0, 0, 81)
(240, 158, 3, 0, 214)
(195, 223, 6, 1, 172)
(59, 154, 95, 0, 251)
(273, 224, 23, 0, 23)
(266, 113, 0, 0, 110)
(218, 128, 43, 0, 9)
(299, 211, 7, 2, 145)
(3, 68, 10, 7, 70)
(113, 178, 3, 1, 95)
(204, 123, 0, 31, 147)
(154, 144, 5, 2, 81)
(246, 196, 5, 1, 203)
(276, 194, 7, 0, 94)
(246, 163, 53, 0, 111)
(48, 53, 9, 3, 122)
(59, 213, 10, 5, 194)
(187, 205, 6, 0, 156)
(63, 224, 198, 0, 85)
(203, 178, 0, 36, 219)
(252, 208, 8, 5, 179)
(219, 27, 7, 0, 212)
(217, 92, 6, 2, 111)
(299, 66, 0, 121, 99)
(255, 74, 2, 19, 179)
(148, 212, 5, 3, 241)
(182, 183, 5, 2, 157)
(230, 158, 34, 1, 216)
(285, 185, 0, 22, 59)
(266, 144, 0, 0, 198)
(206, 224, 0, 0, 117)
(299, 102, 0, 34, 134)
(198, 96, 3, 11, 201)
(219, 224, 78, 0, 163)
(179, 147, 106, 0, 194)
(276, 213, 10, 2, 152)
(168, 211, 100, 0, 250)
(204, 140, 1, 6, 250)
(290, 224, 9, 0, 0)
(44, 28, 19, 5, 202)
(207, 145, 1, 3, 131)
(290, 150, 2, 1, 93)
(295, 99, 4, 2, 227)
(103, 186, 5, 4, 192)
(121, 198, 3, 6, 228)
(293, 142, 6, 0, 227)
(286, 118, 2, 7, 171)
(43, 97, 3, 16, 194)
(136, 182, 13, 4, 73)
(117, 224, 0, 0, 119)
(299, 224, 1, 0, 111)
(299, 181, 19, 0, 94)
(292, 96, 3, 1, 110)
(299, 113, 0, 86, 230)
(242, 200, 2, 0, 227)
(278, 72, 0, 51, 135)
(50, 9, 30, 7, 203)
(178, 106, 23, 1, 195)
(299, 142, 0, 2, 187)
(299, 224, 0, 0, 224)
(299, 169, 0, 6, 160)
(299, 163, 0, 17, 68)
(276, 162, 0, 22, 139)
(258, 178, 0, 0, 255)
(176, 160, 1, 3, 168)
(28, 195, 227, 0, 111)
(108, 118, 0, 6, 104)
(284, 198, 2, 3, 202)
(263, 152, 0, 29, 182)
(175, 224, 65, 0, 194)
(161, 203, 0, 9, 108)
(250, 115, 0, 18, 40)
(299, 104, 0, 51, 208)
(180, 214, 2, 0, 17)
(269, 70, 0, 154, 159)
(156, 222, 130, 0, 81)
(191, 114, 2, 11, 109)
(296, 122, 2, 0, 240)
(259, 222, 5, 1, 119)
(14, 224, 163, 0, 202)
(91, 211, 70, 0, 83)
(195, 159, 0, 19, 238)
(299, 64, 0, 111, 255)
(291, 134, 0, 90, 255)
(212, 194, 3, 3, 149)
(289, 107, 0, 10, 94)
(299, 61, 0, 130, 28)
(36, 186, 16, 4, 177)
(249, 223, 1, 1, 125)
(109, 223, 190, 0, 160)
(72, 218, 45, 0, 142)
(247, 224, 24, 0, 174)
(39, 33, 64, 0, 233)
(199, 164, 36, 0, 73)
(280, 83, 0, 0, 60)
(299, 129, 0, 82, 96)
(56, 86, 188, 0, 200)
(252, 219, 6, 1, 164)
(270, 91, 5, 3, 167)
(212, 130, 0, 4, 18)
(177, 205, 122, 0, 244)
(273, 124, 1, 7, 226)
(291, 224, 0, 0, 27)
(244, 117, 5, 0, 123)
(25, 37, 7, 16, 191)
(235, 75, 27, 2, 143)
(279, 31, 0, 42, 246)
(28, 216, 4, 2, 192)
(123, 210, 6, 1, 202)
(286, 208, 0, 3, 137)
(205, 117, 0, 96, 181)
(165, 171, 8, 2, 198)
(135, 66, 9, 10, 173)
(116, 224, 49, 0, 250)
(101, 224, 16, 0, 188)
(165, 212, 52, 0, 11)
(289, 209, 1, 2, 230)
(4, 224, 172, 0, 94)
(59, 217, 0, 0, 20)
(292, 224, 7, 0, 137)
(262, 189, 0, 31, 235)
(245, 71, 15, 1, 169)
(299, 179, 0, 24, 53)
(299, 211, 0, 7, 199)
(280, 27, 8, 1, 215)
(15, 121, 0, 0, 205)
(101, 224, 155, 0, 175)
(299, 118, 0, 23, 171)
(259, 147, 4, 2, 208)
(110, 193, 3, 8, 120)
(195, 203, 8, 4, 228)
(240, 138, 0, 63, 209)
(139, 183, 1, 8, 59)
(269, 151, 8, 1, 178)
(249, 224, 0, 0, 111)
(148, 63, 1, 11, 100)
(253, 171, 2, 1, 157)
(249, 206, 9, 1, 200)
(148, 224, 150, 0, 118)
(130, 207, 23, 1, 200)
(299, 183, 1, 0, 209)
(79, 115, 65, 0, 0)
(263, 221, 1, 3, 149)
(296, 208, 3, 1, 164)
(188, 186, 2, 1, 118)
(299, 203, 0, 0, 229)
(21, 224, 17, 0, 221)
(150, 163, 1, 18, 175)
(118, 211, 143, 0, 166)
(299, 199, 0, 39, 144)
(293, 147, 1, 10, 189)
(123, 212, 126, 0, 20)
(48, 202, 42, 0, 162)
(67, 45, 2, 10, 220)
(299, 120, 6, 0, 0)
(187, 150, 14, 0, 101)
(206, 224, 42, 0, 207)
(90, 135, 2, 6, 119)
(211, 80, 4, 11, 111)
(264, 70, 4, 4, 229)
(297, 158, 0, 66, 175)
(159, 184, 7, 3, 106)
(219, 210, 13, 1, 199)
(151, 195, 0, 0, 244)
(194, 79, 6, 2, 77)
(126, 209, 2, 3, 150)
(299, 179, 0, 19, 119)
(153, 61, 3, 12, 138)
(219, 211, 3, 5, 201)
(77, 182, 0, 20, 89)
(163, 55, 4, 6, 199)
(70, 168, 0, 56, 115)
(279, 206, 20, 0, 152)
(266, 116, 0, 16, 17)
(252, 100, 0, 19, 113)
(239, 224, 0, 0, 111)
(251, 210, 1, 1, 223)
(252, 45, 0, 27, 248)
(232, 43, 1, 4, 113)
(10, 224, 31, 0, 191)
(191, 198, 8, 1, 153)
(274, 71, 0, 88, 16)
(94, 147, 3, 10, 146)
(19, 196, 13, 0, 64)
(1, 224, 6, 1, 63)
(171, 224, 128, 0, 74)
(172, 79, 9, 3, 121)
(299, 135, 0, 36, 108)
(299, 58, 0, 80, 183)
(246, 179, 13, 3, 234)
(0, 174, 272, 0, 44)
(243, 203, 0, 9, 181)
(297, 120, 0, 76, 208)
(72, 205, 147, 0, 236)
(245, 192, 0, 0, 155)
(299, 6, 3, 5, 189)
(179, 206, 0, 0, 239)
(36, 145, 52, 0, 44)
(299, 62, 0, 51, 69)
(258, 93, 6, 3, 173)
(261, 173, 0, 0, 136)
(124, 144, 3, 13, 197)
(19, 224, 199, 0, 210)
(161, 210, 0, 9, 103)
(299, 211, 0, 0, 131)
(161, 146, 2, 6, 173)
(299, 127, 0, 19, 95)
(299, 186, 7, 0, 151)
(32, 151, 26, 0, 112)
(280, 224, 0, 0, 64)
(268, 58, 0, 148, 155)
(296, 207, 1, 0, 72)
(265, 119, 22, 1, 217)
(299, 38, 0, 13, 0)
(207, 135, 0, 34, 14)
(130, 209, 80, 0, 207)
(299, 17, 0, 118, 175)
(277, 156, 26, 0, 112)
(209, 200, 0, 0, 9)
(223, 193, 7, 2, 196)
(46, 203, 8, 1, 211)
(299, 179, 0, 28, 55)
(189, 224, 110, 0, 41)
(299, 79, 0, 74, 53)
(233, 224, 16, 0, 49)
(266, 11, 2, 15, 189)
(130, 146, 1, 24, 71)
(263, 202, 0, 0, 95)
(299, 170, 0, 0, 45)
(277, 50, 4, 4, 206)
(25, 183, 2, 6, 112)
(34, 224, 104, 0, 154)
(253, 224, 20, 0, 100)
(299, 121, 0, 20, 207)
(289, 173, 9, 2, 227)
(18, 73, 1, 11, 190)
(299, 177, 0, 0, 182)
(69, 72, 27, 0, 165)
(158, 170, 6, 5, 128)
(151, 211, 3, 0, 0)
(197, 12, 0, 173, 7)
(299, 11, 0, 164, 17)
(34, 99, 4, 12, 188)
(238, 217, 18, 0, 151)
(299, 90, 0, 70, 46)
(129, 99, 39, 1, 121)
(273, 104, 1, 4, 152)
(271, 129, 2, 4, 229)
(246, 223, 28, 0, 213)
(283, 101, 2, 10, 158)
(141, 32, 3, 2, 213)
(299, 145, 0, 0, 98)
(211, 104, 43, 0, 241)
(18, 0, 32, 4, 191)
(271, 123, 2, 6, 152)
(121, 224, 181, 0, 100)
(299, 48, 0, 32, 0)
(83, 210, 22, 0, 103)
(299, 2, 0, 161, 175)
(125, 159, 3, 6, 69)
(253, 135, 10, 3, 185)
(251, 75, 1, 20, 188)
(168, 121, 11, 6, 175)
(247, 199, 17, 1, 229)
(201, 185, 2, 10, 205)
(111, 127, 11, 4, 205)
(171, 186, 0, 0, 74)
(200, 159, 2, 3, 165)
(262, 173, 0, 25, 108)
(264, 193, 0, 22, 93)
(272, 118, 0, 23, 168)
(258, 181, 1, 0, 201)
(208, 0, 0, 1, 123)
(215, 207, 84, 0, 201)
(161, 213, 3, 10, 203)
(299, 208, 0, 29, 67)
(214, 131, 7, 3, 254)
(296, 129, 3, 2, 196)
(240, 88, 2, 7, 233)
(62, 191, 198, 0, 184)
(161, 176, 0, 0, 222)
(192, 224, 18, 0, 47)
(247, 47, 1, 17, 162)
(248, 102, 3, 7, 208)
(297, 75, 1, 10, 169)
(107, 197, 4, 4, 174)
(299, 94, 0, 84, 73)
(236, 200, 35, 0, 55)
(239, 125, 6, 4, 103)
(297, 134, 0, 0, 164)
(28, 190, 155, 0, 139)
(145, 184, 111, 0, 84)
(272, 224, 0, 0, 173)
(299, 37, 0, 104, 183)
(265, 210, 1, 3, 181)
(8, 125, 4, 14, 129)
(299, 96, 0, 57, 96)
(15, 77, 2, 9, 58)
(285, 119, 1, 7, 155)
(288, 32, 3, 5, 214)
(148, 85, 2, 2, 59)
(299, 202, 0, 0, 248)
(296, 30, 0, 15, 170)
(275, 224, 34, 0, 190)
(203, 18, 0, 36, 248)
(275, 7, 4, 6, 182)
(180, 142, 3, 7, 251)
(202, 222, 5, 1, 177)
(69, 97, 4, 10, 44)
(299, 107, 0, 105, 56)
(299, 171, 0, 0, 255)
(62, 58, 9, 7, 157)
(288, 193, 0, 8, 91)
(280, 9, 0, 37, 219)
(116, 177, 9, 1, 76)
(178, 197, 0, 10, 79)
(236, 165, 0, 55, 255)
(299, 122, 0, 0, 42)
(224, 222, 41, 0, 208)
(58, 224, 38, 0, 37)
(86, 170, 9, 4, 246)
(45, 60, 104, 0, 218)
(77, 190, 105, 0, 123)
(201, 213, 46, 0, 193)
(299, 136, 0, 45, 255)
(299, 65, 0, 0, 192)
(246, 127, 7, 2, 174)
(11, 133, 240, 0, 0)
(52, 87, 24, 2, 152)
(208, 82, 0, 67, 235)
(182, 184, 0, 31, 53)
(211, 188, 88, 0, 236)
(171, 224, 92, 0, 80)
(204, 188, 90, 0, 154)
(202, 146, 5, 9, 237)
(206, 128, 7, 0, 206)
(288, 78, 0, 103, 215)
(268, 24, 0, 75, 36)
(87, 156, 2, 10, 55)
(29, 193, 0, 17, 108)
(54, 224, 224, 0, 0)
(21, 224, 87, 0, 212)
(269, 212, 2, 1, 183)
(295, 135, 0, 26, 229)
(229, 151, 4, 4, 216)
(162, 40, 49, 0, 24)
(190, 164, 0, 0, 216)
(279, 70, 2, 9, 145)
(152, 217, 170, 0, 105)
(299, 113, 0, 91, 99)
(257, 187, 2, 1, 157)
(299, 34, 0, 93, 161)
(103, 94, 13, 2, 226)
(299, 160, 0, 18, 110)
(299, 196, 0, 0, 178)
(173, 35, 3, 12, 156)
(299, 53, 0, 40, 193)
(275, 156, 1, 4, 135)
(299, 224, 0, 0, 134)
(244, 215, 7, 3, 159)
(34, 224, 85, 0, 233)
(19, 92, 7, 9, 76)
(21, 201, 18, 0, 255)
(207, 147, 0, 71, 244)
(251, 211, 1, 8, 184)
(84, 208, 0, 0, 255)
(266, 91, 19, 0, 204)
(211, 103, 0, 8, 182)
(23, 206, 276, 0, 195)
(84, 224, 0, 0, 38)
(131, 217, 102, 0, 85)
(299, 14, 0, 169, 171)
(299, 33, 0, 26, 181)
(25, 224, 59, 0, 5)
(236, 24, 2, 3, 214)
(299, 53, 0, 98, 0)
(258, 177, 3, 3, 218)
(210, 203, 60, 0, 177)
(286, 197, 0, 24, 87)
(265, 121, 0, 0, 175)
(14, 131, 28, 0, 67)
(96, 224, 56, 0, 132)
(124, 20, 1, 22, 174)
(30, 203, 128, 0, 176)
(86, 131, 10, 5, 88)
(284, 126, 0, 21, 146)
(292, 89, 0, 95, 11)
(88, 38, 16, 6, 136)
(244, 84, 3, 3, 219)
(299, 169, 0, 2, 154)
(275, 129, 0, 1, 87)
(288, 41, 6, 3, 156)
(14, 224, 96, 0, 28)
(206, 201, 53, 0, 0)
(288, 112, 0, 12, 146)
(273, 208, 5, 0, 66)
(252, 184, 0, 19, 156)
(33, 208, 117, 0, 66)
(268, 171, 0, 0, 8)
(165, 193, 32, 0, 230)
(182, 192, 0, 15, 80)
(86, 125, 123, 0, 0)
(23, 142, 8, 3, 143)
(228, 85, 1, 10, 172)
(299, 84, 0, 59, 94)
(120, 224, 41, 0, 115)
(259, 46, 3, 6, 201)
(233, 39, 6, 2, 138)
(297, 68, 0, 46, 0)
(297, 224, 0, 0, 50)
(251, 169, 0, 0, 212)
(299, 209, 0, 0, 28)
(292, 35, 5, 4, 227)
(298, 159, 0, 0, 160)
(276, 201, 9, 1, 177)
(31, 204, 23, 3, 205)
(200, 159, 0, 14, 211)
(226, 200, 0, 0, 234)
(127, 224, 157, 0, 170)
(295, 54, 0, 79, 236)
(209, 183, 2, 2, 226)
(299, 224, 0, 0, 180)
(299, 8, 0, 0, 9)
(30, 88, 0, 3, 223)
(289, 183, 8, 0, 62)
(273, 117, 0, 19, 43)
(249, 203, 19, 0, 9)
(271, 36, 2, 2, 185)
(279, 116, 17, 1, 211)
(270, 218, 5, 1, 154)
(277, 99, 1, 5, 240)
(174, 208, 2, 9, 222)
(299, 190, 0, 9, 232)
(114, 196, 1, 8, 54)
(241, 220, 2, 2, 164)
(113, 50, 2, 7, 92)
(299, 224, 6, 0, 181)
(266, 88, 0, 121, 22)
(109, 205, 17, 0, 174)
(189, 169, 7, 2, 209)
(261, 10, 0, 146, 214)
(0, 219, 253, 0, 30)
(299, 118, 0, 23, 136)
(239, 178, 0, 25, 13)
(273, 98, 7, 2, 228)
(286, 71, 2, 6, 156)
(295, 44, 0, 38, 181)
(265, 4, 1, 5, 127)
(259, 123, 13, 1, 222)
(216, 224, 13, 0, 157)
(0, 211, 289, 0, 106)
(299, 81, 0, 0, 212)
(161, 193, 2, 10, 81)
(111, 27, 0, 144, 223)
(272, 176, 0, 15, 171)
(236, 150, 4, 3, 159)
(299, 208, 0, 16, 108)
(22, 224, 251, 0, 188)
(215, 194, 2, 5, 169)
(207, 220, 100, 0, 37)
(267, 193, 2, 0, 43)
(190, 160, 9, 1, 80)
(135, 224, 96, 0, 0)
(201, 224, 0, 0, 0)
(209, 224, 84, 0, 10)
(97, 224, 80, 0, 42)
(266, 15, 15, 0, 169)
(270, 206, 26, 0, 33)
(239, 27, 7, 9, 162)
(185, 202, 47, 0, 255)
(0, 224, 230, 0, 62)
(293, 55, 0, 109, 6)
(268, 224, 63, 0, 63)
(105, 165, 106, 0, 82)
(298, 82, 0, 100, 208)
(280, 221, 19, 0, 93)
(273, 198, 0, 0, 59)
(127, 161, 0, 59, 115)
(159, 149, 2, 10, 178)
(37, 212, 179, 0, 167)
(141, 204, 36, 0, 188)
(263, 201, 8, 1, 194)
(165, 74, 5, 0, 72)
(299, 189, 0, 38, 39)
(4, 54, 2, 10, 67)
(253, 224, 35, 0, 90)
(220, 183, 12, 1, 220)
(274, 171, 0, 39, 135)
(216, 222, 28, 0, 182)
(286, 224, 1, 5, 175)
(209, 221, 57, 0, 92)
(138, 161, 1, 9, 184)
(215, 224, 12, 0, 187)
(257, 223, 40, 0, 112)
(276, 124, 4, 4, 127)
(238, 22, 2, 5, 113)
(97, 212, 42, 0, 38)
(208, 130, 0, 0, 185)
(84, 25, 86, 0, 83)
(202, 214, 11, 1, 207)
(299, 151, 0, 0, 150)
(185, 216, 11, 2, 191)
(29, 224, 51, 0, 71)
(260, 0, 2, 3, 146)
(91, 222, 0, 2, 255)
(296, 59, 0, 13, 122)
(101, 192, 34, 0, 245)
(271, 205, 0, 1, 16)
(260, 223, 39, 0, 47)
(279, 107, 0, 22, 213)
(258, 125, 0, 137, 134)
(0, 224, 123, 0, 125)
(215, 167, 18, 2, 245)
(299, 31, 0, 153, 101)
(221, 62, 2, 10, 137)
(279, 214, 0, 9, 53)
(299, 224, 0, 0, 147)
(299, 89, 0, 84, 114)
(0, 208, 149, 0, 163)
(78, 208, 57, 0, 18)
(271, 149, 1, 3, 134)
(52, 224, 87, 0, 182)
(219, 164, 4, 2, 167)
(259, 94, 1, 8, 211)
(233, 224, 93, 0, 19)
(297, 30, 0, 81, 201)
(105, 224, 193, 0, 231)
(26, 211, 0, 13, 8)
(128, 224, 163, 0, 127)
(100, 221, 0, 3, 192)
(299, 49, 0, 0, 184)
(249, 189, 0, 0, 205)
(90, 204, 164, 0, 175)
(281, 185, 0, 16, 216)
(279, 195, 0, 7, 133)
(231, 8, 0, 80, 204)
(226, 224, 0, 0, 9)
(0, 39, 0, 30, 246)
(299, 48, 0, 81, 79)
(173, 224, 63, 0, 188)
(299, 6, 0, 155, 220)
(4, 213, 0, 0, 236)
(221, 144, 4, 5, 243)
(259, 172, 0, 0, 103)
(299, 190, 0, 5, 96)
(60, 46, 24, 1, 204)
(224, 156, 0, 53, 8)
(162, 187, 0, 0, 14)
(265, 176, 1, 2, 187)
(162, 208, 37, 0, 100)
(247, 188, 0, 12, 114)
(197, 120, 22, 3, 103)
(299, 224, 0, 0, 212)
(141, 104, 2, 12, 74)
(299, 174, 0, 16, 166)
(294, 215, 33, 0, 237)
(130, 224, 58, 0, 212)
(195, 197, 23, 0, 76)
(275, 41, 7, 2, 206)
(216, 129, 9, 1, 172)
(166, 201, 3, 2, 184)
(109, 182, 4, 2, 164)
(288, 214, 0, 26, 212)
(116, 88, 8, 1, 181)
(61, 223, 16, 1, 166)
(276, 188, 23, 0, 48)
(268, 163, 12, 3, 228)
(19, 140, 0, 48, 40)
(94, 178, 42, 0, 187)
(268, 159, 0, 0, 204)
(278, 112, 0, 51, 165)
(83, 204, 151, 0, 0)
(264, 167, 0, 38, 145)
(255, 59, 6, 2, 245)
(193, 81, 12, 2, 149)
(80, 144, 0, 47, 163)
(299, 205, 0, 0, 228)
(229, 105, 20, 2, 185)
(139, 162, 2, 1, 126)
(259, 160, 0, 51, 228)
(187, 220, 75, 0, 207)
(288, 32, 1, 12, 192)
(217, 214, 0, 10, 246)
(275, 212, 2, 0, 80)
(169, 127, 3, 19, 122)
(278, 198, 6, 2, 232)
(44, 223, 14, 0, 238)
(0, 72, 7, 6, 60)
(222, 174, 45, 0, 28)
(255, 223, 0, 1, 185)
(287, 213, 9, 1, 170)
(49, 188, 20, 2, 196)
(116, 221, 54, 0, 0)
(127, 222, 6, 1, 217)
(285, 134, 0, 42, 0)
(289, 186, 3, 1, 170)
(245, 172, 7, 2, 205)
(19, 196, 158, 0, 122)
(210, 186, 2, 4, 249)
(129, 104, 79, 0, 0)
(274, 155, 1, 4, 122)
(57, 57, 3, 4, 156)
(299, 0, 0, 33, 119)
(256, 224, 25, 0, 169)
(247, 25, 1, 7, 128)
(141, 176, 3, 8, 63)
(166, 210, 133, 0, 159)
(89, 224, 203, 0, 227)
(252, 224, 0, 0, 0)
(299, 37, 0, 30, 19)
(274, 1, 0, 166, 62)
(213, 195, 16, 0, 255)
(264, 11, 0, 173, 126)
(126, 45, 0, 77, 129)
(299, 26, 0, 86, 252)
(295, 97, 0, 107, 149)
(201, 48, 55, 0, 0)
(299, 46, 0, 78, 239)
(114, 224, 70, 0, 115)
(242, 224, 3, 2, 153)
(211, 163, 6, 1, 80)
(236, 81, 3, 14, 195)
(25, 35, 8, 4, 212)
(293, 224, 0, 0, 92)
(244, 54, 13, 2, 196)
(277, 99, 0, 1, 48)
(298, 50, 0, 10, 123)
(299, 144, 0, 18, 167)
(261, 160, 1, 7, 207)
(277, 123, 0, 19, 0)
(239, 197, 0, 0, 192)
(299, 78, 0, 73, 6)
(299, 150, 0, 46, 33)
(112, 224, 94, 0, 131)
(287, 203, 0, 0, 101)
(34, 114, 3, 12, 172)
(83, 5, 0, 6, 134)
(25, 224, 98, 0, 43)
(223, 174, 28, 1, 216)
(221, 216, 13, 0, 156)
(11, 58, 21, 7, 105)
(299, 213, 7, 0, 48)
(250, 224, 0, 0, 99)
(254, 216, 0, 0, 33)
(1, 213, 8, 2, 177)
(91, 210, 32, 0, 135)
(297, 216, 2, 0, 56)
(142, 129, 6, 7, 123)
(284, 176, 0, 0, 191)
(287, 220, 1, 1, 167)
(22, 202, 295, 0, 167)
(296, 162, 4, 2, 212)
(249, 218, 0, 6, 115)
(281, 59, 2, 2, 160)
(265, 116, 3, 4, 227)
(28, 210, 146, 0, 254)
(78, 207, 174, 0, 37)
(227, 221, 3, 3, 149)
(281, 0, 0, 110, 90)
(33, 133, 8, 0, 93)
(33, 224, 167, 0, 58)
(49, 186, 41, 0, 217)
(298, 221, 0, 3, 130)
(0, 224, 13, 0, 255)
(271, 204, 0, 0, 178)
(272, 186, 0, 0, 61)
(81, 224, 0, 0, 162)
(227, 221, 37, 0, 139)
(260, 207, 9, 3, 146)
(261, 142, 2, 1, 228)
(187, 224, 0, 0, 192)
(294, 60, 0, 138, 166)
(297, 26, 11, 2, 206)
(242, 34, 2, 6, 132)
(299, 135, 0, 74, 6)
(241, 119, 0, 28, 96)
(94, 204, 6, 3, 121)
(86, 184, 21, 0, 204)
(202, 224, 0, 0, 142)
(278, 223, 2, 4, 218)
(291, 44, 2, 3, 183)
(194, 159, 0, 35, 255)
(115, 181, 4, 1, 174)
(299, 186, 2, 7, 153)
(64, 224, 58, 0, 156)
(112, 12, 2, 1, 148)
(288, 148, 0, 11, 57)
(30, 215, 141, 0, 100)
(299, 57, 0, 58, 58)
(55, 212, 2, 7, 211)
(236, 147, 1, 5, 222)
(255, 14, 0, 169, 237)
(117, 224, 55, 0, 138)
(299, 224, 0, 0, 251)
(112, 224, 166, 0, 118)
(263, 99, 0, 58, 131)
(36, 160, 73, 0, 0)
(299, 190, 0, 0, 190)
(299, 158, 0, 17, 18)
(299, 199, 15, 0, 255)
(213, 83, 2, 2, 186)
(286, 123, 7, 1, 211)
(157, 224, 47, 0, 57)
(252, 224, 0, 0, 216)
(275, 73, 0, 144, 158)
(210, 59, 2, 6, 152)
(291, 31, 0, 125, 187)
(268, 175, 0, 43, 14)
(132, 198, 3, 5, 229)
(172, 89, 8, 6, 145)
(104, 39, 9, 9, 95)
(214, 214, 1, 0, 182)
(238, 183, 6, 5, 239)
(48, 143, 6, 7, 246)
(21, 116, 29, 0, 51)
(142, 54, 0, 169, 87)
(0, 170, 0, 39, 90)
(201, 164, 0, 0, 239)
(7, 134, 3, 4, 175)
(193, 83, 16, 4, 105)
(276, 122, 1, 3, 198)
(255, 191, 0, 9, 255)
(299, 212, 0, 0, 119)
(233, 0, 14, 10, 232)
(273, 129, 6, 0, 215)
(238, 193, 0, 10, 74)
(256, 61, 54, 0, 20)
(242, 86, 15, 0, 129)
(114, 122, 1, 9, 170)
(76, 224, 21, 0, 142)
(156, 167, 17, 0, 25)
(237, 122, 0, 0, 65)
(199, 173, 38, 2, 228)
(185, 12, 110, 0, 117)
(166, 142, 4, 7, 96)
(34, 174, 0, 21, 147)
(230, 211, 45, 0, 159)
(197, 56, 3, 19, 115)
(264, 133, 4, 0, 204)
(76, 106, 14, 3, 47)
(254, 119, 0, 76, 91)
(109, 35, 4, 3, 181)
(299, 45, 0, 97, 117)
(263, 209, 2, 2, 169)
(299, 54, 0, 77, 20)
(19, 177, 6, 5, 85)
(274, 134, 7, 4, 218)
(296, 80, 3, 1, 213)
(159, 205, 72, 0, 29)
(278, 130, 0, 52, 141)
(28, 45, 15, 4, 157)
(299, 169, 0, 7, 87)
(180, 192, 64, 0, 171)
(299, 58, 0, 0, 255)
(78, 224, 6, 9, 213)
(184, 220, 12, 0, 175)
(299, 29, 0, 48, 175)
(21, 211, 4, 5, 191)
(153, 224, 89, 0, 62)
(171, 32, 3, 17, 165)
(271, 89, 1, 17, 202)
(291, 224, 0, 0, 228)
(49, 115, 4, 2, 125)
(34, 193, 219, 0, 51)
(290, 110, 5, 4, 220)
(270, 108, 0, 100, 181)
(84, 132, 3, 5, 87)
(174, 156, 114, 0, 98)
(159, 224, 32, 0, 160)
(299, 153, 0, 0, 33)
(270, 204, 0, 4, 95)
(100, 87, 4, 19, 167)
(214, 206, 23, 0, 111)
(299, 85, 0, 13, 121)
(210, 224, 66, 0, 16)
(272, 218, 0, 6, 205)
(299, 183, 0, 0, 177)
(287, 210, 1, 2, 213)
(214, 188, 2, 4, 238)
(19, 204, 159, 0, 204)
(250, 197, 36, 0, 16)
(94, 213, 218, 0, 98)
(27, 177, 98, 0, 156)
(264, 29, 0, 166, 222)
(265, 138, 4, 3, 206)
(237, 46, 2, 3, 226)
(299, 131, 0, 85, 62)
(55, 224, 1, 7, 206)
(268, 175, 0, 0, 182)
(299, 178, 0, 0, 173)
(285, 93, 1, 4, 212)
(33, 224, 34, 0, 36)
(94, 224, 75, 0, 112)
(230, 224, 22, 0, 115)
(123, 5, 10, 2, 117)
(99, 55, 13, 7, 117)
(32, 110, 4, 11, 121)
(199, 220, 10, 1, 185)
(125, 12, 4, 2, 184)
(205, 224, 37, 0, 166)
(264, 194, 0, 22, 15)
(222, 119, 29, 0, 141)
(271, 170, 28, 1, 229)
(97, 89, 5, 6, 155)
(171, 28, 2, 5, 222)
(151, 224, 4, 3, 215)
(190, 54, 6, 7, 154)
(108, 214, 0, 3, 158)
(237, 187, 5, 3, 213)
(215, 191, 3, 2, 238)
(201, 194, 1, 2, 133)
(286, 68, 0, 7, 28)
(250, 188, 49, 0, 104)
(185, 111, 9, 9, 117)
(293, 206, 4, 0, 116)
(50, 202, 131, 0, 81)
(299, 185, 0, 56, 18)
(294, 31, 0, 1, 54)
(49, 101, 1, 9, 200)
(299, 177, 0, 0, 26)
(60, 60, 11, 4, 134)
(284, 180, 9, 3, 195)
(177, 106, 8, 10, 172)
(64, 219, 10, 1, 181)
(66, 224, 191, 0, 89)
(299, 149, 0, 7, 177)
(90, 204, 5, 4, 189)
(40, 176, 2, 4, 104)
(286, 189, 0, 0, 219)
(299, 23, 0, 0, 171)
(192, 49, 1, 18, 150)
(251, 140, 11, 1, 231)
(179, 123, 0, 14, 66)
(217, 129, 0, 31, 66)
(265, 224, 18, 0, 0)
(252, 182, 3, 8, 198)
(96, 137, 5, 2, 255)
(230, 21, 39, 0, 141)
(170, 131, 4, 4, 165)
(294, 90, 2, 6, 146)
(58, 220, 8, 0, 107)
(285, 135, 6, 1, 188)
(236, 224, 7, 0, 209)
(244, 206, 13, 0, 177)
(292, 216, 7, 0, 22)
(278, 78, 0, 92, 76)
(237, 224, 34, 0, 224)
(150, 90, 1, 12, 178)
(269, 174, 0, 0, 66)
(27, 149, 13, 5, 161)
(257, 210, 42, 0, 104)
(163, 196, 2, 8, 123)
(299, 82, 0, 106, 207)
(282, 35, 0, 75, 32)
(232, 212, 0, 0, 10)
(63, 206, 82, 0, 73)
(186, 42, 5, 5, 136)
(195, 181, 4, 2, 156)
(283, 191, 0, 12, 167)
(230, 182, 5, 3, 208)
(195, 182, 1, 1, 194)
(225, 204, 25, 0, 18)
(206, 0, 0, 29, 23)
(70, 161, 33, 1, 71)
(189, 146, 4, 7, 226)
(299, 134, 0, 88, 178)
(280, 224, 0, 0, 233)
(36, 198, 42, 0, 175)
(197, 106, 8, 1, 132)
(130, 202, 116, 0, 111)
(210, 49, 3, 4, 210)
(272, 40, 0, 84, 39)
(200, 212, 99, 0, 90)
(153, 196, 1, 2, 245)
(241, 220, 14, 0, 206)
(134, 87, 0, 0, 55)
(184, 224, 0, 0, 216)
(225, 175, 0, 1, 128)
(133, 87, 3, 2, 116)
(56, 222, 62, 0, 207)
(124, 220, 113, 0, 26)
(278, 193, 32, 0, 88)
(201, 152, 28, 0, 1)
(0, 182, 1, 1, 141)
(96, 224, 110, 0, 25)
(108, 224, 52, 0, 206)
(285, 44, 0, 40, 36)
(133, 224, 135, 0, 201)
(0, 157, 220, 0, 147)
(241, 143, 6, 2, 147)
(287, 49, 0, 96, 248)
(64, 191, 6, 2, 203)
(299, 150, 0, 36, 241)
(202, 224, 97, 0, 64)
(249, 43, 50, 0, 193)
(299, 102, 0, 45, 176)
(269, 51, 0, 162, 249)
(294, 183, 0, 2, 10)
(269, 205, 0, 7, 34)
(149, 17, 1, 18, 209)
(299, 0, 0, 47, 16)
(234, 224, 18, 0, 28)
(30, 217, 0, 22, 108)
(253, 94, 2, 6, 161)
(277, 39, 0, 181, 0)
(253, 1, 0, 219, 116)
(196, 224, 31, 0, 0)
(0, 31, 9, 3, 131)
(159, 9, 0, 126, 85)
(33, 224, 20, 0, 87)
(277, 72, 1, 3, 156)
(276, 38, 4, 5, 211)
(95, 30, 3, 15, 121)
(221, 224, 47, 0, 255)
(284, 181, 10, 1, 204)
(84, 224, 76, 0, 119)
(257, 194, 0, 0, 30)
(179, 207, 59, 0, 31)
(160, 193, 1, 8, 79)
(109, 89, 4, 4, 166)
(69, 162, 3, 8, 121)
(245, 86, 53, 0, 34)
(195, 159, 0, 0, 240)
(142, 224, 17, 0, 255)
(0, 224, 115, 0, 92)
(95, 175, 0, 0, 237)
(247, 139, 0, 22, 144)
(286, 41, 0, 53, 34)
(241, 96, 0, 5, 193)
(299, 163, 0, 0, 0)
(188, 51, 4, 7, 158)
(258, 190, 0, 10, 150)
(0, 217, 113, 0, 171)
(261, 71, 15, 1, 215)
(147, 199, 36, 0, 239)
(221, 50, 14, 3, 176)
(289, 161, 0, 6, 53)
(221, 79, 1, 5, 237)
(125, 205, 202, 0, 97)
(286, 128, 0, 6, 104)
(299, 144, 0, 98, 77)
(116, 222, 19, 0, 223)
(299, 12, 0, 72, 116)
(36, 211, 9, 2, 199)
(34, 159, 7, 2, 86)
(81, 224, 109, 0, 85)
(251, 203, 3, 1, 177)
(269, 133, 4, 0, 255)
(96, 24, 12, 6, 179)
(251, 184, 0, 7, 201)
(297, 189, 0, 0, 41)
(299, 141, 0, 72, 40)
(123, 67, 2, 17, 135)
(299, 134, 0, 0, 0)
(194, 98, 0, 80, 143)
(268, 178, 0, 18, 239)
(101, 195, 7, 1, 199)
(259, 137, 3, 3, 160)
(280, 55, 0, 93, 205)
(219, 93, 2, 4, 117)
(275, 190, 0, 0, 127)
(299, 189, 0, 14, 39)
(157, 221, 134, 0, 63)
(299, 84, 0, 79, 169)
(229, 217, 62, 0, 31)
(221, 133, 3, 7, 238)
(20, 100, 184, 0, 50)
(215, 201, 0, 20, 93)
(252, 94, 0, 137, 241)
(156, 204, 8, 1, 230)
(170, 17, 19, 7, 232)
(291, 160, 2, 1, 198)
(250, 223, 49, 0, 226)
(299, 105, 0, 0, 70)
(5, 212, 0, 0, 106)
(262, 218, 0, 0, 183)
(261, 103, 0, 15, 18)
(160, 157, 3, 8, 90)
(293, 204, 0, 20, 24)
(65, 110, 14, 5, 73)
(7, 57, 4, 4, 179)
(211, 201, 7, 1, 238)
(250, 44, 10, 0, 0)
(299, 177, 0, 0, 118)
(226, 0, 0, 109, 168)
(186, 107, 0, 84, 203)
(117, 198, 1, 5, 179)
(130, 167, 60, 0, 150)
(111, 222, 139, 0, 43)
(151, 205, 4, 1, 100)
(283, 219, 1, 2, 126)
(299, 184, 0, 30, 24)
(262, 64, 0, 19, 115)
(299, 136, 0, 81, 215)
(68, 178, 0, 18, 36)
(109, 129, 2, 0, 140)
(299, 46, 0, 73, 106)
(299, 5, 0, 46, 156)
(163, 224, 81, 0, 207)
(299, 88, 0, 13, 104)
(259, 215, 0, 9, 169)
(141, 224, 117, 0, 16)
(71, 93, 3, 8, 63)
(206, 204, 63, 0, 102)
(203, 224, 96, 0, 90)
(130, 218, 113, 0, 200)
(134, 184, 1, 6, 88)
(188, 11, 0, 26, 255)
(108, 224, 163, 0, 89)
(211, 136, 0, 5, 233)
(259, 194, 3, 0, 2)
(293, 207, 3, 2, 217)
(276, 109, 0, 16, 189)
(141, 213, 1, 1, 87)
(131, 200, 76, 0, 52)
(208, 100, 5, 6, 118)
(106, 224, 150, 0, 217)
(292, 111, 0, 15, 66)
(175, 224, 95, 0, 155)
(288, 224, 0, 17, 83)
(105, 135, 20, 0, 165)
(271, 156, 0, 25, 33)
(287, 12, 4, 2, 156)
(202, 198, 72, 0, 161)
(198, 162, 3, 1, 164)
(211, 141, 0, 10, 25)
(284, 17, 15, 0, 151)
(0, 224, 155, 0, 186)
(118, 150, 102, 0, 168)
(0, 189, 3, 0, 247)
(273, 19, 14, 0, 173)
(299, 118, 0, 81, 160)
(11, 224, 51, 0, 177)
(299, 51, 0, 48, 211)
(31, 106, 12, 5, 196)
(286, 39, 1, 15, 194)
(129, 200, 99, 0, 247)
(289, 53, 0, 59, 17)
(76, 154, 91, 0, 120)
(0, 13, 3, 20, 191)
(186, 5, 37, 9, 225)
(244, 0, 0, 51, 126)
(84, 224, 110, 0, 187)
(190, 209, 10, 2, 215)
(274, 224, 0, 0, 80)
(73, 217, 33, 0, 157)
(259, 89, 1, 5, 155)
(226, 5, 11, 5, 226)
(51, 140, 1, 6, 204)
(125, 130, 1, 15, 160)
(289, 126, 0, 5, 51)
(299, 60, 2, 5, 219)
(287, 40, 12, 0, 0)
(103, 215, 26, 1, 211)
(78, 224, 137, 0, 163)
(271, 175, 0, 19, 73)
(299, 218, 0, 0, 196)
(180, 158, 69, 0, 221)
(299, 190, 2, 0, 145)
(152, 80, 3, 27, 96)
(114, 70, 1, 42, 172)
(255, 200, 1, 2, 180)
(286, 222, 13, 0, 158)
(291, 113, 0, 88, 194)
(287, 183, 10, 1, 182)
(230, 187, 0, 9, 45)
(15, 198, 2, 4, 169)
(115, 209, 192, 0, 238)
(64, 205, 5, 1, 246)
(185, 141, 4, 5, 198)
(149, 127, 2, 3, 144)
(16, 216, 267, 0, 215)
(266, 105, 0, 96, 147)
(245, 141, 5, 2, 226)
(253, 78, 0, 46, 80)
(52, 207, 3, 8, 231)
(119, 224, 93, 0, 57)
(234, 23, 3, 2, 214)
(278, 177, 12, 1, 212)
(276, 203, 7, 1, 167)
(190, 212, 36, 0, 86)
(280, 0, 0, 107, 174)
(271, 184, 2, 0, 40)
(234, 214, 25, 0, 5)
(299, 158, 0, 14, 8)
(173, 223, 11, 11, 181)
(299, 127, 0, 53, 139)
(265, 195, 16, 0, 60)
(295, 10, 0, 61, 202)
(229, 88, 10, 0, 86)
(77, 198, 4, 2, 159)
(299, 143, 21, 7, 204)
(243, 135, 9, 2, 236)
(299, 32, 0, 28, 141)
(296, 110, 0, 12, 237)
(117, 147, 12, 5, 201)
(195, 11, 7, 21, 228)
(278, 42, 0, 72, 51)
(68, 195, 231, 0, 255)
(299, 72, 9, 9, 171)
(163, 125, 0, 42, 186)
(25, 101, 5, 3, 81)
(299, 209, 0, 5, 215)
(90, 211, 0, 0, 234)
(81, 224, 9, 0, 116)
(293, 102, 0, 27, 33)
(165, 158, 2, 10, 166)
(272, 168, 6, 0, 0)
(116, 197, 1, 5, 223)
(216, 224, 41, 0, 131)
(56, 198, 9, 5, 241)
(147, 224, 152, 0, 160)
(164, 162, 1, 2, 171)
(293, 125, 0, 13, 41)
(62, 198, 55, 0, 126)
(294, 66, 0, 0, 43)
(147, 161, 3, 3, 207)
(295, 224, 3, 3, 106)
(244, 144, 1, 2, 160)
(231, 43, 1, 3, 134)
(225, 58, 3, 4, 170)
(191, 224, 5, 0, 236)
(251, 10, 0, 1, 89)
(171, 212, 22, 0, 67)
(0, 202, 265, 0, 173)
(158, 223, 86, 0, 15)
(0, 220, 4, 3, 210)
(273, 175, 16, 2, 233)
(295, 216, 1, 1, 142)
(192, 212, 12, 1, 238)
(182, 214, 0, 22, 205)
(105, 47, 0, 0, 215)
(173, 209, 5, 1, 209)
(55, 224, 75, 0, 148)
(283, 208, 0, 10, 0)
(299, 193, 0, 11, 92)
(15, 224, 198, 0, 150)
(191, 224, 31, 0, 157)
(288, 158, 0, 3, 251)
(277, 171, 0, 0, 225)
(177, 224, 6, 0, 38)
(26, 224, 22, 0, 84)
(234, 181, 0, 16, 144)
(22, 134, 196, 0, 208)
(127, 172, 58, 0, 211)
(296, 215, 0, 0, 91)
(299, 166, 0, 0, 139)
(158, 134, 1, 6, 214)
(156, 224, 97, 0, 120)
(35, 221, 3, 2, 184)
(23, 185, 178, 0, 0)
(265, 42, 1, 0, 100)
(244, 146, 2, 4, 243)
(212, 171, 9, 2, 240)
(250, 110, 0, 36, 16)
(265, 83, 0, 127, 121)
(263, 198, 0, 0, 103)
(71, 224, 112, 0, 0)
(187, 204, 0, 7, 128)
(190, 87, 30, 0, 69)
(243, 21, 0, 0, 243)
(79, 58, 5, 3, 138)
(209, 165, 0, 0, 62)
(211, 180, 0, 10, 92)
(250, 161, 0, 6, 153)
(189, 223, 60, 0, 217)
(299, 0, 0, 59, 206)
(49, 146, 0, 0, 156)
(274, 204, 0, 0, 33)
(0, 75, 0, 27, 56)
(254, 104, 9, 3, 219)
(143, 218, 10, 3, 220)
(299, 218, 0, 6, 61)
(231, 224, 3, 9, 135)
(198, 173, 8, 1, 188)
(214, 36, 0, 0, 250)
(272, 220, 0, 2, 255)
(183, 206, 4, 4, 198)
(299, 201, 0, 11, 167)
(182, 120, 4, 6, 102)
(299, 155, 0, 0, 83)
(260, 190, 0, 6, 155)
(175, 96, 15, 0, 60)
(142, 185, 1, 12, 98)
(204, 224, 0, 0, 0)
(299, 174, 0, 0, 70)
(98, 224, 29, 0, 245)
(148, 145, 1, 5, 133)
(41, 175, 8, 2, 140)
(299, 224, 0, 0, 83)
(222, 45, 2, 2, 123)
(148, 189, 98, 0, 229)
(212, 207, 12, 0, 38)
(299, 86, 0, 54, 58)
(89, 87, 4, 10, 65)
(299, 185, 0, 8, 124)
(106, 2, 7, 6, 215)
(39, 208, 76, 0, 14)
(26, 224, 139, 0, 149)
(299, 56, 0, 69, 57)
(255, 224, 15, 0, 152)
(289, 28, 0, 79, 255)
(264, 224, 22, 0, 86)
(272, 166, 0, 12, 0)
(299, 177, 0, 38, 69)
(103, 140, 21, 1, 101)
(188, 91, 3, 4, 158)
(248, 174, 0, 27, 216)
(283, 224, 13, 0, 152)
(127, 193, 27, 0, 171)
(30, 192, 0, 0, 81)
(193, 197, 0, 21, 223)
(278, 59, 0, 110, 230)
(230, 173, 5, 1, 222)
(252, 168, 0, 25, 154)
(93, 24, 7, 2, 200)
(299, 160, 0, 83, 129)
(285, 2, 0, 25, 209)
(178, 166, 4, 6, 212)
(245, 212, 0, 0, 124)
(241, 43, 0, 132, 0)
(243, 148, 2, 3, 243)
(154, 125, 1, 8, 196)
(154, 58, 0, 78, 12)
(38, 201, 31, 0, 30)
(156, 215, 23, 0, 100)
(262, 224, 37, 0, 2)
(299, 185, 0, 9, 143)
(67, 134, 8, 2, 110)
(169, 211, 18, 1, 225)
(262, 158, 0, 0, 187)
(83, 213, 155, 0, 191)
(260, 206, 3, 0, 35)
(216, 185, 0, 25, 220)
(263, 197, 0, 0, 222)
(213, 160, 6, 4, 91)
(225, 137, 10, 3, 227)
(34, 185, 0, 15, 23)
(249, 96, 6, 0, 189)
(92, 208, 151, 0, 90)
(149, 200, 22, 0, 142)
(295, 12, 3, 3, 174)
(227, 108, 15, 1, 182)
(270, 168, 3, 3, 238)
(37, 202, 175, 0, 129)
(147, 193, 2, 2, 175)
(227, 203, 0, 0, 202)
(29, 179, 80, 0, 238)
(299, 85, 0, 62, 206)
(281, 205, 2, 0, 150)
(288, 187, 0, 0, 136)
(272, 224, 0, 0, 126)
(299, 188, 0, 0, 211)
(221, 0, 0, 89, 0)
(77, 224, 0, 0, 110)
(247, 173, 24, 0, 51)
(54, 99, 15, 2, 142)
(195, 14, 0, 144, 13)
(229, 101, 0, 87, 215)
(230, 224, 4, 0, 154)
(133, 27, 3, 7, 201)
(291, 221, 8, 0, 91)
(299, 62, 0, 45, 59)
(265, 178, 0, 11, 81)
(133, 204, 0, 0, 0)
(275, 77, 3, 10, 193)
(259, 199, 11, 0, 197)
(0, 176, 182, 0, 210)
(294, 186, 0, 10, 254)
(15, 112, 0, 47, 81)
(228, 224, 0, 0, 74)
(290, 224, 14, 0, 18)
(284, 132, 4, 3, 229)
(272, 115, 0, 64, 255)
(234, 177, 16, 1, 239)
(139, 166, 15, 0, 171)
(234, 20, 28, 0, 142)
(75, 52, 12, 3, 233)
(215, 47, 0, 79, 0)
(130, 148, 0, 76, 121)
(155, 125, 2, 7, 176)
(130, 217, 133, 0, 142)
(299, 60, 0, 92, 73)
(137, 211, 114, 0, 141)
(152, 218, 4, 2, 197)
(113, 39, 93, 0, 126)
(261, 224, 7, 0, 211)
(264, 96, 3, 10, 179)
(82, 200, 6, 1, 69)
(299, 108, 0, 7, 58)
(185, 202, 0, 10, 255)
(18, 217, 6, 1, 147)
(276, 195, 1, 4, 164)
(0, 224, 160, 0, 186)
(219, 134, 22, 0, 0)
(299, 134, 0, 0, 226)
(279, 121, 0, 6, 144)
(204, 224, 19, 0, 0)
(73, 107, 10, 4, 33)
(190, 88, 6, 9, 134)
(88, 220, 27, 0, 83)
(174, 224, 0, 0, 190)
(269, 189, 0, 11, 92)
(240, 213, 59, 0, 32)
(234, 84, 2, 15, 194)
(157, 216, 56, 0, 76)
(296, 216, 0, 0, 186)
(59, 213, 0, 5, 0)
(86, 114, 204, 0, 228)
(299, 175, 6, 0, 149)
(177, 177, 108, 0, 110)
(299, 40, 0, 190, 143)
(273, 141, 0, 16, 68)
(93, 191, 46, 0, 66)
(175, 40, 2, 4, 108)
(283, 164, 0, 0, 136)
(165, 169, 0, 33, 0)
(299, 179, 0, 0, 61)
(233, 224, 66, 0, 71)
(206, 224, 97, 0, 165)
(228, 223, 3, 1, 140)
(70, 224, 38, 0, 249)
(244, 224, 0, 0, 0)
(130, 148, 4, 4, 78)
(240, 136, 1, 3, 172)
(157, 213, 65, 0, 83)
(130, 204, 5, 1, 138)
(91, 202, 1, 1, 58)
(299, 207, 0, 17, 87)
(218, 224, 70, 0, 73)
(113, 224, 145, 0, 242)
(299, 164, 0, 30, 20)
(185, 140, 3, 3, 192)
(156, 154, 0, 3, 184)
(37, 190, 14, 1, 202)
(253, 100, 0, 91, 153)
(169, 208, 0, 0, 0)
(78, 113, 2, 12, 139)
(34, 166, 160, 0, 141)
(229, 88, 6, 4, 231)
(36, 199, 78, 0, 50)
(226, 78, 0, 115, 244)
(95, 224, 36, 0, 41)
(278, 176, 0, 0, 255)
(153, 96, 2, 4, 167)
(82, 215, 63, 0, 65)
(56, 103, 5, 1, 64)
(53, 195, 92, 0, 156)
(294, 135, 0, 0, 225)
(279, 224, 16, 0, 159)
(98, 224, 39, 0, 173)
(299, 224, 0, 0, 183)
(17, 224, 139, 0, 203)
(258, 199, 15, 1, 218)
(299, 114, 0, 0, 103)
(24, 28, 4, 6, 134)
(299, 118, 0, 0, 121)
(275, 220, 0, 4, 169)
(92, 165, 8, 1, 151)
(269, 148, 0, 1, 53)
(216, 224, 36, 0, 146)
(299, 21, 0, 191, 64)
(99, 35, 0, 43, 194)
(227, 224, 6, 0, 219)
(115, 224, 69, 0, 181)
(296, 85, 0, 0, 183)
(59, 94, 3, 6, 178)
(214, 223, 0, 4, 7)
(255, 68, 0, 156, 240)
(150, 26, 0, 139, 145)
(283, 224, 13, 0, 199)
(30, 224, 138, 0, 37)
(69, 176, 77, 0, 149)
(243, 208, 13, 0, 0)
(155, 195, 128, 0, 136)
(260, 216, 0, 0, 145)
(86, 224, 145, 0, 21)
(32, 55, 2, 15, 190)
(7, 224, 115, 0, 126)
(150, 199, 0, 15, 73)
(157, 224, 21, 0, 123)
(18, 23, 4, 9, 163)
(221, 133, 0, 0, 126)
(181, 224, 0, 0, 61)
(286, 200, 1, 3, 221)
(208, 198, 80, 0, 95)
(282, 69, 0, 61, 0)
(197, 170, 10, 0, 45)
(54, 158, 3, 4, 206)
(14, 194, 77, 0, 160)
(203, 140, 38, 0, 93)
(28, 194, 29, 0, 129)
(109, 220, 0, 0, 125)
(299, 90, 0, 131, 156)
(137, 217, 75, 0, 253)
(184, 102, 0, 10, 159)
(299, 95, 0, 23, 169)
(188, 188, 5, 2, 244)
(299, 224, 0, 0, 107)
(221, 162, 8, 2, 206)
(258, 224, 47, 0, 232)
(278, 44, 0, 157, 129)
(252, 185, 4, 1, 219)
(261, 16, 4, 2, 163)
(0, 224, 99, 0, 211)
(234, 64, 7, 2, 213)
(255, 206, 0, 9, 43)
(97, 173, 9, 3, 222)
(235, 222, 2, 2, 158)
(182, 15, 4, 0, 254)
(0, 210, 182, 0, 92)
(292, 141, 0, 103, 205)
(299, 201, 0, 5, 118)
(18, 158, 0, 2, 0)
(141, 224, 0, 0, 75)
(162, 30, 3, 16, 204)
(219, 207, 0, 2, 33)
(171, 220, 0, 0, 0)
(95, 150, 0, 1, 92)
(15, 224, 129, 0, 37)
(91, 211, 100, 0, 62)
(291, 206, 0, 0, 70)
(294, 149, 0, 0, 255)
(213, 61, 4, 5, 227)
(169, 102, 5, 3, 101)
(214, 26, 6, 4, 200)
(277, 18, 17, 1, 193)
(273, 177, 0, 15, 236)
(299, 166, 0, 17, 73)
(89, 202, 30, 0, 38)
(157, 185, 1, 4, 198)
(256, 32, 2, 18, 159)
(299, 55, 0, 169, 133)
(278, 170, 1, 2, 213)
(282, 158, 0, 8, 134)
(86, 151, 23, 1, 161)
(277, 216, 0, 8, 76)
(143, 224, 0, 0, 213)
(240, 161, 0, 11, 150)
(259, 64, 0, 12, 0)
(262, 152, 3, 4, 180)
(67, 161, 18, 2, 116)
(260, 213, 0, 0, 164)
(0, 220, 14, 1, 199)
(268, 178, 21, 0, 155)
(283, 209, 0, 15, 43)
(101, 220, 138, 0, 13)
(253, 135, 0, 47, 178)
(74, 107, 0, 50, 186)
(270, 5, 0, 148, 138)
(45, 37, 11, 4, 176)
(80, 219, 54, 0, 112)
(115, 189, 3, 0, 15)
(274, 147, 19, 0, 189)
(0, 214, 8, 6, 169)
(288, 102, 0, 57, 253)
(94, 219, 7, 2, 190)
(42, 221, 78, 0, 134)
(149, 224, 19, 0, 145)
(288, 205, 4, 1, 182)
(254, 209, 4, 0, 209)
(245, 189, 2, 1, 161)
(242, 21, 0, 78, 235)
(263, 199, 1, 0, 218)
(257, 217, 3, 1, 204)
(263, 16, 0, 39, 246)
(220, 224, 23, 0, 237)
(151, 224, 51, 0, 169)
(0, 191, 13, 1, 168)
(247, 99, 0, 70, 152)
(262, 215, 0, 22, 46)
(287, 175, 0, 11, 184)
(173, 191, 87, 0, 131)
(141, 153, 171, 0, 56)
(258, 210, 0, 0, 143)
(259, 192, 0, 0, 124)
(241, 22, 0, 0, 74)
(71, 224, 176, 0, 245)
(299, 145, 0, 23, 92)
(299, 193, 1, 1, 171)
(266, 224, 0, 0, 43)
(288, 201, 4, 2, 185)
(119, 211, 28, 0, 116)
(139, 169, 1, 3, 159)
(29, 224, 72, 0, 0)
(278, 219, 0, 0, 18)
(239, 88, 0, 37, 0)
(152, 191, 0, 29, 237)
(200, 124, 1, 16, 162)
(198, 91, 13, 2, 108)
(215, 103, 5, 6, 167)
(219, 223, 54, 0, 119)
(248, 209, 0, 5, 42)
(143, 216, 29, 0, 156)
(49, 224, 26, 0, 248)
(260, 199, 2, 1, 240)
(38, 202, 0, 0, 25)
(10, 202, 67, 0, 68)
(267, 136, 0, 138, 61)
(255, 21, 1, 3, 144)
(299, 224, 0, 0, 25)
(245, 114, 19, 0, 186)
(276, 181, 0, 43, 255)
(10, 224, 31, 0, 210)
(102, 146, 0, 20, 22)
(252, 103, 8, 2, 205)
(278, 93, 0, 113, 222)
(53, 207, 161, 0, 36)
(261, 196, 8, 2, 174)
(39, 224, 114, 0, 107)
(203, 159, 0, 24, 129)
(252, 111, 35, 0, 168)
(60, 187, 202, 0, 191)
(27, 133, 4, 5, 230)
(279, 150, 0, 68, 4)
(299, 144, 0, 75, 132)
(179, 224, 24, 0, 51)
(285, 2, 1, 5, 148)
(123, 203, 120, 0, 121)
(8, 214, 8, 0, 153)
(218, 87, 7, 2, 167)
(295, 103, 3, 1, 171)
(242, 150, 0, 0, 40)
(222, 12, 11, 12, 229)
(28, 224, 206, 0, 65)
(263, 48, 1, 31, 219)
(136, 219, 60, 0, 186)
(256, 209, 0, 2, 21)
(277, 217, 0, 0, 195)
(142, 209, 157, 0, 211)
(299, 223, 6, 0, 25)
(215, 224, 28, 0, 181)
(177, 208, 6, 0, 219)
(280, 66, 0, 93, 150)
(104, 219, 85, 0, 156)
(259, 170, 0, 22, 94)
(299, 60, 0, 57, 77)
(107, 173, 5, 2, 193)
(172, 224, 89, 0, 0)
(242, 191, 0, 18, 121)
(294, 62, 2, 3, 178)
(204, 202, 3, 2, 226)
(19, 224, 63, 0, 133)
(0, 224, 22, 0, 12)
(279, 59, 3, 1, 214)
(274, 210, 1, 12, 155)
(290, 144, 0, 4, 244)
(186, 158, 55, 0, 90)
(278, 217, 0, 0, 62)
(72, 202, 61, 0, 206)
(299, 86, 0, 34, 236)
(284, 121, 0, 59, 37)
(290, 86, 3, 2, 178)
(110, 103, 15, 5, 193)
(112, 215, 91, 0, 218)
(168, 224, 2, 0, 156)
(153, 166, 1, 10, 242)
(284, 53, 2, 2, 128)
(47, 224, 140, 0, 177)
(37, 224, 117, 0, 88)
(290, 36, 0, 136, 209)
(262, 224, 2, 0, 0)
(274, 0, 2, 7, 188)
(184, 222, 55, 0, 16)
(169, 203, 26, 1, 187)
(299, 215, 0, 0, 37)
(90, 18, 8, 5, 229)
(219, 121, 2, 3, 217)
(299, 141, 0, 26, 255)
(246, 100, 2, 5, 213)
(242, 211, 40, 0, 237)
(0, 149, 16, 2, 77)
(0, 187, 20, 1, 136)
(166, 213, 2, 1, 101)
(299, 153, 0, 54, 0)
(291, 203, 0, 0, 0)
(166, 56, 1, 6, 156)
(247, 213, 68, 0, 144)
(245, 224, 80, 0, 103)
(299, 173, 4, 0, 19)
(257, 224, 34, 0, 30)
(236, 224, 19, 0, 231)
(299, 164, 1, 2, 199)
(150, 44, 1, 16, 167)
(239, 183, 8, 1, 205)
(292, 218, 7, 0, 45)
(282, 34, 0, 72, 215)
(237, 67, 1, 11, 132)
(192, 198, 0, 0, 28)
(299, 168, 0, 18, 20)
(260, 205, 0, 0, 155)
(176, 181, 0, 0, 194)
(0, 14, 16, 5, 195)
(198, 224, 3, 3, 165)
(206, 224, 0, 0, 129)
(12, 224, 114, 0, 8)
(235, 224, 0, 0, 132)
(299, 196, 0, 10, 119)
(175, 62, 1, 5, 122)
(296, 160, 0, 4, 203)
(146, 210, 145, 0, 185)
(299, 80, 0, 113, 13)
(33, 183, 37, 0, 86)
(290, 209, 0, 0, 96)
(184, 77, 1, 17, 123)
(299, 19, 0, 92, 249)
(150, 178, 69, 0, 103)
(213, 23, 2, 11, 230)
(299, 185, 6, 5, 150)
(299, 42, 0, 98, 20)
(170, 160, 3, 2, 210)
(299, 112, 0, 66, 164)
(299, 224, 0, 0, 102)
(133, 224, 105, 0, 135)
(262, 220, 0, 4, 247)
(291, 95, 0, 69, 147)
(253, 81, 4, 3, 195)
(247, 48, 0, 51, 211)
(202, 198, 14, 1, 228)
(279, 19, 16, 1, 180)
(299, 166, 0, 16, 120)
(218, 202, 77, 0, 6)
(256, 39, 0, 125, 195)
(221, 91, 0, 12, 172)
(295, 200, 11, 0, 206)
(132, 176, 0, 0, 43)
(270, 214, 19, 0, 71)
(63, 82, 27, 0, 235)
(269, 165, 20, 0, 32)
(237, 224, 12, 0, 98)
(88, 201, 3, 2, 185)
(246, 43, 0, 93, 165)
(295, 66, 0, 68, 86)
(297, 65, 0, 159, 106)
(196, 219, 69, 0, 237)
(28, 224, 192, 0, 240)
(299, 175, 0, 37, 227)
(77, 151, 0, 14, 81)
(299, 69, 0, 127, 31)
(273, 45, 5, 10, 181)
(260, 188, 0, 0, 49)
(274, 204, 25, 0, 34)
(299, 70, 18, 3, 159)
(299, 0, 0, 38, 182)
(291, 215, 0, 0, 82)
(126, 224, 47, 0, 115)
(299, 114, 0, 88, 178)
(288, 11, 6, 1, 154)
(265, 80, 0, 78, 70)
(299, 128, 0, 15, 95)
(207, 224, 0, 0, 42)
(298, 145, 0, 68, 209)
(233, 71, 24, 1, 156)
(151, 182, 6, 4, 206)
(127, 224, 62, 0, 109)
(299, 105, 0, 88, 255)
(214, 205, 58, 0, 255)
(244, 40, 2, 15, 186)
(9, 100, 159, 0, 105)
(281, 62, 0, 0, 163)
(232, 96, 0, 15, 86)
(299, 19, 0, 0, 0)
(271, 202, 14, 1, 163)
(220, 39, 23, 0, 134)
(299, 172, 0, 41, 254)
(263, 50, 2, 2, 200)
(135, 224, 0, 0, 56)
(299, 16, 0, 221, 146)
(299, 184, 0, 0, 165)
(276, 218, 5, 4, 167)
(56, 158, 175, 0, 130)
(299, 206, 0, 9, 230)
(299, 0, 0, 0, 106)
(273, 9, 0, 49, 65)
(214, 224, 23, 0, 134)
(173, 213, 2, 2, 244)
(269, 0, 8, 3, 170)
(299, 220, 0, 0, 130)
(194, 224, 64, 0, 42)
(182, 26, 3, 19, 186)
(161, 112, 1, 6, 198)
(75, 224, 59, 0, 167)
(245, 155, 5, 1, 222)
(299, 107, 0, 0, 41)
(99, 141, 230, 0, 243)
(276, 43, 0, 63, 104)
(131, 0, 5, 4, 169)
(267, 92, 0, 2, 102)
(152, 108, 4, 4, 155)
(299, 81, 0, 13, 185)
(59, 224, 240, 0, 248)
(240, 224, 53, 0, 141)
(221, 104, 0, 120, 153)
(269, 70, 6, 1, 194)
(292, 224, 0, 18, 111)
(299, 160, 0, 12, 0)
(289, 142, 3, 1, 175)
(240, 200, 21, 0, 92)
(162, 107, 41, 0, 12)
(299, 0, 0, 24, 0)
(124, 205, 4, 1, 221)
(274, 83, 0, 137, 72)
(266, 213, 23, 0, 82)
(150, 200, 4, 4, 107)
(299, 206, 0, 0, 196)
(200, 201, 50, 0, 241)
(222, 22, 0, 0, 65)
(298, 74, 3, 4, 190)
(259, 195, 44, 0, 191)
(256, 207, 2, 3, 171)
(286, 221, 0, 0, 179)
(282, 131, 0, 81, 28)
(102, 139, 16, 1, 106)
(126, 224, 0, 0, 48)
(299, 50, 0, 0, 11)
(273, 153, 4, 3, 178)
(47, 182, 262, 0, 235)
(116, 166, 10, 1, 135)
(200, 59, 0, 65, 43)
(183, 214, 118, 0, 255)
(272, 152, 0, 13, 70)
(275, 179, 0, 0, 78)
(260, 224, 30, 0, 86)
(56, 224, 0, 0, 130)
(256, 200, 9, 1, 214)
(279, 83, 0, 73, 255)
(145, 190, 127, 0, 205)
(299, 77, 0, 23, 185)
(269, 125, 0, 52, 0)
(122, 223, 177, 0, 189)
(27, 41, 15, 5, 164)
(286, 217, 0, 0, 119)
(82, 212, 5, 3, 204)
(45, 192, 13, 3, 223)
(51, 200, 122, 0, 212)
(263, 84, 3, 3, 205)
(299, 51, 0, 125, 66)
(239, 148, 3, 1, 97)
(195, 191, 1, 6, 229)
(229, 224, 3, 0, 0)
(264, 199, 13, 0, 163)
(66, 181, 28, 4, 85)
(273, 47, 0, 17, 222)
(299, 100, 0, 41, 179)
(111, 224, 10, 0, 143)
(135, 216, 42, 0, 255)
(224, 224, 75, 0, 29)
(63, 180, 5, 1, 198)
(281, 224, 0, 1, 255)
(188, 90, 0, 95, 31)
(197, 210, 28, 0, 239)
(144, 224, 99, 0, 255)
(262, 131, 4, 4, 183)
(248, 220, 0, 0, 28)
(173, 224, 70, 0, 0)
(244, 224, 0, 0, 25)
(276, 100, 0, 0, 179)
(175, 220, 24, 0, 195)
(286, 104, 4, 1, 145)
(142, 224, 51, 0, 191)
(289, 90, 7, 1, 134)
(128, 134, 130, 0, 124)
(125, 186, 46, 0, 33)
(294, 10, 1, 11, 147)
(264, 94, 14, 1, 198)
(97, 218, 202, 0, 248)
(250, 224, 0, 0, 192)
(110, 133, 4, 3, 58)
(299, 19, 0, 37, 0)
(290, 133, 11, 2, 214)
(280, 204, 1, 2, 200)
(16, 158, 57, 0, 238)
(282, 85, 0, 52, 211)
(109, 204, 0, 0, 91)
(169, 182, 130, 0, 26)
(294, 101, 2, 2, 216)
(279, 185, 0, 0, 57)
(83, 203, 4, 0, 99)
(272, 195, 7, 1, 164)
(223, 190, 0, 0, 135)
(187, 153, 4, 12, 79)
(284, 206, 13, 0, 129)
(135, 196, 0, 0, 0)
(59, 142, 0, 0, 72)
(189, 116, 7, 1, 147)
(91, 200, 2, 1, 171)
(299, 164, 0, 16, 203)
(299, 115, 0, 88, 255)
(168, 187, 5, 1, 95)
(299, 140, 0, 75, 230)
(271, 224, 28, 0, 37)
(258, 211, 7, 2, 173)
(284, 41, 0, 87, 110)
(0, 163, 16, 0, 181)
(203, 224, 51, 0, 161)
(261, 224, 0, 0, 121)
(132, 188, 2, 6, 158)
(0, 97, 5, 3, 145)
(299, 173, 1, 1, 204)
(279, 146, 1, 3, 187)
(37, 103, 2, 15, 173)
(297, 224, 2, 0, 89)
(280, 203, 9, 0, 0)
(250, 188, 0, 0, 179)
(151, 213, 50, 0, 116)
(25, 104, 2, 8, 192)
(229, 87, 6, 2, 227)
(80, 58, 218, 0, 61)
(285, 69, 0, 98, 70)
(66, 181, 41, 1, 110)
(32, 224, 124, 0, 132)
(105, 222, 132, 0, 106)
(215, 224, 13, 0, 252)
(46, 122, 101, 0, 34)
(299, 72, 0, 0, 81)
(96, 129, 2, 4, 144)
(292, 111, 0, 103, 227)
(194, 148, 0, 57, 219)
(268, 43, 6, 0, 184)
(280, 22, 0, 26, 116)
(270, 198, 0, 10, 246)
(299, 144, 0, 70, 88)
(113, 215, 22, 4, 208)
(0, 141, 0, 35, 155)
(231, 144, 68, 0, 160)
(221, 224, 74, 0, 82)
(24, 181, 16, 0, 145)
(7, 209, 6, 4, 186)
(299, 182, 0, 2, 34)
(132, 221, 2, 1, 214)
(192, 224, 69, 0, 156)
(215, 33, 1, 4, 184)
(281, 193, 3, 1, 185)
(26, 187, 48, 0, 11)
(128, 182, 109, 0, 127)
(258, 221, 33, 0, 0)
(62, 158, 3, 8, 185)
(234, 162, 14, 1, 159)
(251, 32, 0, 53, 92)
(150, 208, 85, 0, 198)
(116, 224, 66, 0, 169)
(203, 195, 62, 0, 132)
(299, 173, 0, 0, 20)
(209, 71, 68, 0, 222)
(290, 221, 0, 0, 139)
(247, 205, 0, 7, 27)
(299, 224, 0, 0, 0)
(284, 148, 15, 0, 111)
(163, 218, 117, 0, 62)
(27, 224, 65, 0, 41)
(138, 224, 45, 0, 0)
(186, 144, 6, 3, 211)
(299, 142, 0, 7, 54)
(299, 124, 0, 2, 39)
(276, 185, 1, 12, 176)
(0, 224, 179, 0, 144)
(294, 224, 2, 0, 242)
(73, 59, 4, 9, 231)
(282, 29, 0, 87, 223)
(255, 209, 22, 0, 165)
(299, 183, 0, 16, 189)
(270, 224, 7, 0, 50)
(226, 79, 7, 1, 116)
(68, 203, 0, 0, 12)
(282, 37, 0, 16, 234)
(108, 184, 2, 1, 106)
(252, 143, 0, 0, 138)
(299, 157, 0, 40, 76)
(273, 39, 0, 138, 11)
(299, 88, 0, 29, 242)
(166, 44, 0, 0, 64)
(151, 224, 26, 0, 20)
(162, 131, 5, 4, 210)
(278, 128, 1, 2, 242)
(157, 192, 3, 2, 83)
(130, 169, 2, 23, 226)
(299, 193, 0, 5, 158)
(24, 72, 3, 5, 162)
(46, 154, 22, 2, 208)
(149, 141, 5, 3, 201)
(287, 12, 7, 1, 143)
(299, 44, 0, 165, 70)
(263, 146, 0, 45, 242)
(257, 0, 2, 2, 218)
(205, 197, 3, 2, 171)
(59, 197, 29, 0, 53)
(193, 224, 77, 0, 218)
(265, 107, 0, 16, 102)
(37, 195, 11, 0, 96)
(289, 201, 0, 18, 18)
(299, 92, 0, 106, 172)
(299, 213, 0, 2, 120)
(297, 195, 1, 5, 171)
(123, 210, 130, 0, 23)
(112, 183, 1, 5, 241)
(299, 33, 3, 1, 95)
(169, 192, 17, 0, 106)
(93, 162, 0, 0, 111)
(81, 14, 1, 10, 213)
(80, 224, 124, 0, 239)
(241, 127, 0, 97, 84)
(299, 29, 0, 185, 158)
(299, 162, 0, 25, 62)
(257, 38, 0, 73, 10)
(16, 190, 10, 1, 145)
(208, 139, 8, 7, 241)
(271, 212, 0, 0, 36)
(299, 64, 0, 160, 76)
(267, 224, 0, 0, 177)
(58, 97, 0, 0, 5)
(140, 224, 141, 0, 230)
(299, 219, 0, 5, 96)
(206, 205, 12, 1, 220)
(136, 207, 3, 3, 180)
(289, 157, 1, 1, 97)
(116, 224, 138, 0, 186)
(24, 203, 248, 0, 210)
(215, 142, 0, 39, 47)
(188, 219, 37, 0, 106)
(171, 158, 6, 2, 239)
(264, 128, 0, 52, 139)
(141, 220, 8, 3, 206)
(281, 109, 0, 0, 28)
(299, 3, 0, 37, 197)
(294, 181, 0, 5, 231)
(297, 94, 2, 1, 191)
(275, 149, 0, 0, 24)
(262, 137, 9, 0, 0)
(172, 209, 64, 0, 79)
(299, 129, 0, 20, 126)
(208, 95, 0, 14, 0)
(290, 211, 3, 1, 153)
(104, 157, 6, 6, 243)
(180, 152, 1, 5, 78)
(203, 128, 0, 96, 160)
(15, 88, 179, 0, 173)
(285, 146, 14, 0, 244)
(299, 94, 0, 95, 255)
(54, 202, 151, 0, 182)
(78, 125, 15, 3, 237)
(242, 26, 3, 4, 194)
(224, 222, 2, 2, 168)
(299, 174, 0, 5, 170)
(7, 224, 0, 0, 16)
(255, 212, 5, 0, 25)
(223, 0, 0, 106, 204)
(295, 97, 4, 1, 206)
(240, 213, 0, 0, 56)
(288, 149, 2, 1, 193)
(0, 203, 124, 0, 255)
(222, 68, 0, 83, 188)
(299, 26, 0, 29, 127)
(212, 112, 0, 51, 217)
(298, 68, 0, 41, 134)
(279, 211, 0, 8, 146)
(299, 193, 0, 0, 93)
(292, 209, 0, 0, 251)
(299, 209, 0, 15, 142)
(194, 203, 19, 0, 169)
(51, 200, 3, 2, 219)
(249, 41, 0, 159, 255)
(286, 221, 18, 0, 104)
(282, 97, 0, 77, 6)
(176, 149, 1, 4, 228)
(235, 161, 3, 1, 223)
(294, 206, 0, 14, 0)
(197, 169, 10, 3, 248)
(12, 224, 6, 4, 218)
(173, 179, 3, 2, 221)
(190, 216, 11, 0, 220)
(189, 160, 4, 2, 128)
(289, 224, 10, 0, 89)
(14, 220, 286, 0, 107)
(59, 216, 268, 0, 45)
(39, 224, 232, 0, 194)
(299, 118, 0, 48, 80)
(131, 148, 1, 10, 89)
(111, 55, 0, 119, 5)
(299, 207, 0, 0, 0)
(33, 118, 4, 3, 116)
(177, 206, 1, 1, 128)
(60, 188, 8, 1, 174)
(152, 192, 3, 1, 147)
(287, 110, 3, 3, 173)
(280, 188, 19, 0, 109)
(159, 224, 103, 0, 227)
(279, 165, 0, 10, 92)
(215, 224, 49, 0, 91)
(299, 208, 0, 0, 140)
(293, 157, 0, 42, 158)
(254, 196, 0, 4, 20)
(146, 208, 65, 0, 93)
(253, 206, 64, 0, 67)
(299, 110, 0, 11, 160)
(299, 193, 0, 0, 173)
(116, 118, 2, 5, 201)
(271, 125, 0, 13, 206)
(248, 216, 0, 3, 106)
(178, 96, 0, 35, 190)
(261, 74, 1, 3, 185)
(118, 224, 82, 0, 12)
(141, 198, 48, 0, 211)
(289, 64, 4, 2, 223)
(261, 222, 0, 0, 221)
(248, 220, 0, 0, 6)
(296, 109, 2, 2, 213)
(192, 97, 0, 102, 204)
(261, 199, 14, 0, 238)
(135, 182, 53, 0, 143)
(184, 164, 0, 19, 128)
(253, 153, 0, 37, 134)
(207, 131, 3, 1, 173)
(242, 163, 0, 19, 85)
(275, 183, 0, 0, 62)
(151, 201, 0, 8, 127)
(239, 100, 0, 124, 63)
(7, 193, 231, 0, 0)
(286, 214, 3, 0, 68)
(0, 193, 14, 5, 204)
(31, 183, 5, 4, 98)
(100, 224, 47, 0, 255)
(240, 218, 1, 3, 161)
(257, 210, 36, 0, 15)
(198, 191, 26, 0, 29)
(269, 190, 0, 12, 124)
(270, 75, 0, 22, 66)
(290, 224, 0, 0, 19)
(203, 151, 72, 0, 208)
(282, 22, 17, 1, 192)
(239, 158, 2, 7, 143)
(299, 204, 0, 0, 198)
(299, 189, 0, 19, 66)
(270, 209, 0, 11, 4)
(109, 54, 3, 3, 173)
(42, 223, 3, 2, 178)
(274, 219, 0, 0, 93)
(260, 53, 8, 3, 219)
(171, 220, 4, 4, 189)
(107, 51, 2, 14, 159)
(86, 111, 5, 4, 168)
(297, 159, 2, 0, 50)
(224, 98, 6, 1, 106)
(0, 116, 36, 1, 147)
(299, 48, 0, 0, 0)
(299, 213, 7, 1, 169)
(91, 207, 99, 0, 204)
(299, 224, 0, 0, 121)
(178, 74, 14, 1, 160)
(257, 210, 63, 0, 124)
(281, 149, 2, 1, 140)
(265, 223, 1, 1, 179)
(299, 19, 0, 112, 2)
(205, 55, 3, 12, 187)
(253, 13, 0, 93, 27)
(274, 219, 4, 1, 166)
(155, 125, 0, 0, 186)
(125, 107, 91, 0, 82)
(299, 85, 0, 25, 196)
(202, 168, 6, 1, 215)
(26, 217, 67, 0, 57)
(224, 70, 11, 0, 212)
(266, 101, 5, 0, 242)
(105, 92, 3, 4, 217)
(93, 192, 7, 1, 182)
(232, 100, 0, 98, 150)
(132, 222, 0, 0, 154)
(247, 197, 9, 0, 171)
(119, 138, 25, 2, 122)
(178, 107, 3, 0, 40)
(285, 82, 1, 5, 121)
(143, 207, 0, 0, 39)
(278, 142, 0, 39, 29)
(100, 160, 81, 0, 68)
(299, 165, 0, 6, 82)
(287, 180, 14, 0, 39)
(299, 195, 0, 6, 57)
(299, 150, 0, 0, 0)
(228, 106, 0, 49, 35)
(201, 113, 43, 0, 118)
(247, 207, 3, 1, 214)
(146, 191, 3, 2, 240)
(253, 224, 39, 0, 103)
(299, 14, 0, 102, 130)
(213, 215, 5, 1, 206)
(299, 79, 0, 79, 204)
(185, 189, 0, 0, 71)
(256, 224, 36, 0, 185)
(291, 219, 0, 0, 149)
(132, 224, 0, 16, 73)
(271, 51, 3, 9, 184)
(180, 218, 35, 0, 209)
(195, 210, 11, 2, 233)
(197, 149, 0, 0, 77)
(183, 101, 7, 0, 0)
(112, 221, 133, 0, 191)
(259, 148, 1, 4, 171)
(65, 222, 200, 0, 203)
(242, 116, 16, 0, 172)
(267, 132, 1, 1, 155)
(215, 185, 71, 0, 180)
(237, 145, 5, 1, 224)
(261, 178, 26, 0, 101)
(164, 58, 0, 62, 153)
(299, 212, 11, 0, 149)
(264, 47, 3, 1, 200)
(235, 153, 2, 5, 111)
(292, 53, 0, 34, 89)
(148, 196, 6, 0, 138)
(63, 197, 6, 2, 247)
(174, 202, 6, 1, 216)
(299, 41, 0, 166, 197)
(182, 224, 6, 0, 136)
(265, 29, 4, 2, 223)
(280, 216, 8, 0, 31)
(212, 116, 0, 17, 196)
(195, 157, 0, 16, 92)
(76, 223, 13, 1, 181)
(297, 224, 11, 0, 78)
(282, 224, 0, 0, 94)
(0, 224, 195, 0, 157)
(194, 163, 1, 3, 220)
(214, 109, 0, 19, 2)
(30, 224, 212, 0, 182)
(76, 195, 1, 3, 191)
(76, 75, 7, 11, 176)
(138, 211, 5, 1, 221)
(5, 224, 108, 0, 0)
(227, 224, 46, 0, 70)
(190, 205, 24, 0, 167)
(242, 15, 0, 204, 173)
(274, 185, 3, 6, 181)
(57, 224, 190, 0, 69)
(95, 200, 37, 0, 126)
(293, 111, 0, 0, 137)
(258, 197, 0, 18, 151)
(186, 109, 5, 3, 89)
(276, 176, 1, 0, 63)
(277, 162, 6, 2, 209)
(120, 221, 5, 3, 189)
(290, 178, 0, 30, 238)
(241, 224, 0, 0, 118)
(233, 193, 16, 1, 174)
(221, 213, 3, 3, 186)
(113, 19, 2, 30, 124)
(204, 5, 95, 0, 126)
(244, 214, 18, 0, 114)
(275, 154, 0, 11, 175)
(240, 211, 0, 0, 159)
(248, 151, 3, 4, 226)
(66, 84, 4, 13, 158)
(86, 186, 161, 0, 16)
(62, 160, 3, 4, 213)
(299, 224, 0, 4, 70)
(187, 105, 3, 3, 227)
(5, 202, 113, 0, 58)
(208, 161, 4, 3, 99)
(65, 158, 14, 2, 141)
(116, 192, 0, 0, 240)
(299, 218, 0, 2, 187)
(238, 194, 6, 2, 167)
(299, 210, 0, 18, 66)
(282, 205, 0, 0, 70)
(259, 215, 26, 0, 47)
(290, 224, 0, 0, 70)
(230, 160, 3, 2, 80)
(270, 91, 1, 6, 172)
(162, 14, 0, 129, 117)
(100, 82, 1, 3, 150)
(217, 198, 2, 1, 176)
(299, 222, 22, 2, 93)
(8, 193, 72, 0, 255)
(150, 48, 149, 0, 111)
(270, 0, 1, 2, 129)
(127, 224, 0, 0, 255)
(179, 31, 3, 12, 182)
(0, 0, 0, 0, 0)
