Background: 199
(0, 38, 219, 153, 154)
(171, 165, 85, 25, 230)
(142, 68, 94, 59, 136)
(31, 25, 110, 131, 173)
(0, 146, 39, 41, 72)
(114, 0, 30, 55, 150)
(233, 204, 67, 22, 165)
(162, 0, 85, 29, 225)
(0, 88, 93, 27, 116)
(218, 16, 81, 81, 186)
(0, 61, 17, 30, 93)
(182, 131, 53, 18, 234)
(26, 104, 36, 50, 192)
(135, 165, 14, 36, 106)
(257, 0, 44, 18, 170)
(159, 192, 43, 10, 163)
(243, 184, 56, 14, 180)
(279, 35, 20, 36, 201)
(67, 180, 37, 9, 94)
(238, 110, 8, 20, 124)
(287, 215, 13, 26, 123)
(133, 137, 22, 27, 219)
(62, 157, 69, 12, 120)
(157, 184, 29, 12, 153)
(139, 38, 41, 25, 184)
(268, 165, 34, 12, 225)
(149, 208, 57, 6, 225)
(27, 189, 51, 23, 214)
(177, 153, 55, 9, 109)
(88, 109, 51, 19, 209)
(70, 168, 69, 13, 195)
(88, 37, 31, 23, 126)
(55, 218, 39, 8, 173)
(7, 163, 51, 14, 66)
(216, 221, 56, 4, 146)
(227, 69, 29, 14, 155)
(230, 204, 30, 13, 184)
(203, 189, 29, 20, 215)
(140, 214, 22, 18, 213)
(197, 115, 4, 46, 115)
(279, 70, 16, 36, 173)
(124, 174, 10, 15, 223)
(38, 62, 39, 24, 193)
(296, 183, 5, 23, 163)
(80, 139, 21, 8, 200)
(201, 135, 9, 22, 211)
(192, 114, 25, 15, 104)
(130, 80, 25, 32, 116)
(96, 207, 21, 11, 223)
(271, 201, 28, 8, 174)
(166, 101, 19, 39, 152)
(206, 37, 21, 37, 167)
(104, 140, 10, 66, 174)
(0, 141, 30, 9, 117)
(54, 117, 12, 47, 197)
(260, 49, 10, 32, 207)
(230, 90, 18, 19, 205)
(45, 11, 34, 32, 206)
(179, 63, 22, 36, 123)
(78, 196, 38, 9, 139)
(164, 190, 8, 11, 244)
(30, 96, 19, 33, 169)
(230, 27, 19, 14, 160)
(226, 219, 47, 3, 149)
(243, 120, 19, 4, 155)
(0, 211, 36, 10, 184)
(256, 163, 25, 17, 221)
(42, 178, 12, 23, 215)
(0, 203, 9, 24, 180)
(97, 196, 11, 5, 210)
(156, 115, 9, 72, 126)
(75, 161, 56, 6, 94)
(272, 209, 14, 10, 151)
(136, 211, 17, 7, 232)
(275, 222, 11, 2, 197)
(282, 140, 19, 21, 188)
(46, 123, 89, 7, 201)
(183, 166, 49, 14, 238)
(38, 49, 27, 9, 113)
(124, 88, 16, 11, 156)
(148, 130, 11, 14, 223)
(198, 172, 91, 3, 225)
(193, 22, 5, 32, 228)
(102, 134, 42, 8, 112)
(283, 188, 15, 7, 167)
(99, 156, 14, 6, 226)
(273, 87, 23, 5, 153)
(239, 130, 18, 6, 230)
(266, 17, 8, 66, 195)
(253, 132, 21, 11, 184)
(295, 184, 4, 22, 164)
(185, 204, 21, 7, 224)
(266, 105, 9, 26, 217)
(21, 31, 36, 19, 186)
(0, 187, 31, 4, 115)
(53, 195, 22, 17, 227)
(94, 204, 14, 2, 94)
(86, 0, 27, 23, 215)
(15, 105, 7, 17, 85)
(209, 131, 22, 16, 243)
(220, 217, 14, 4, 173)
(108, 189, 8, 15, 94)
(174, 148, 6, 9, 240)
(61, 147, 20, 13, 153)
(67, 179, 46, 2, 229)
(299, 168, 0, 0, 19)
(274, 78, 8, 8, 206)
(284, 125, 12, 13, 215)
(206, 207, 14, 8, 208)
(82, 172, 39, 2, 227)
(114, 144, 15, 8, 201)
(275, 72, 24, 4, 160)
(260, 208, 19, 2, 150)
(23, 105, 7, 39, 178)
(22, 80, 20, 20, 120)
(162, 131, 5, 9, 212)
(227, 58, 3, 57, 158)
(145, 104, 9, 21, 95)
(104, 152, 5, 11, 244)
(149, 142, 6, 43, 212)
(231, 154, 10, 12, 163)
(141, 74, 10, 20, 146)
(170, 157, 6, 15, 232)
(295, 95, 6, 22, 215)
(185, 108, 14, 11, 115)
(141, 197, 13, 8, 124)
(159, 52, 16, 20, 182)
(257, 54, 5, 9, 229)
(173, 223, 46, 13, 180)
(261, 224, 15, 4, 144)
(123, 189, 5, 11, 89)
(144, 189, 5, 7, 199)
(244, 197, 50, 4, 211)
(91, 194, 5, 16, 199)
(289, 207, 7, 2, 230)
(277, 224, 9, 1, 202)
(270, 121, 16, 8, 179)
(25, 14, 13, 24, 204)
(266, 133, 3, 4, 110)
(273, 97, 18, 3, 215)
(285, 154, 18, 7, 166)
(225, 145, 62, 9, 211)
(39, 142, 22, 14, 227)
(69, 67, 4, 4, 99)
(249, 143, 27, 3, 231)
(256, 214, 8, 5, 204)
(254, 202, 9, 3, 160)
(68, 95, 18, 19, 64)
(250, 0, 5, 21, 160)
(143, 159, 3, 27, 83)
(273, 20, 9, 10, 156)
(266, 42, 7, 10, 154)
(166, 183, 95, 0, 65)
(295, 219, 7, 6, 99)
(181, 145, 17, 6, 213)
(161, 136, 19, 12, 127)
(274, 108, 7, 7, 217)
(204, 220, 14, 3, 174)
(134, 23, 34, 10, 203)
(284, 56, 9, 11, 214)
(229, 69, 7, 16, 137)
(267, 136, 14, 3, 216)
(291, 139, 8, 18, 194)
(277, 160, 17, 6, 213)
(149, 187, 13, 6, 149)
(239, 192, 33, 3, 173)
(76, 42, 7, 26, 215)
(278, 16, 11, 2, 215)
(175, 175, 5, 12, 202)
(161, 146, 2, 7, 187)
(277, 124, 12, 2, 147)
(142, 87, 2, 28, 90)
(172, 199, 7, 3, 244)
(238, 152, 24, 7, 214)
(155, 88, 7, 10, 173)
(128, 140, 32, 4, 216)
(231, 222, 19, 2, 125)
(81, 24, 15, 9, 118)
(269, 172, 0, 9, 7)
(76, 0, 21, 16, 208)
(283, 218, 6, 2, 126)
(72, 159, 30, 3, 79)
(103, 73, 9, 43, 210)
(129, 145, 3, 24, 93)
(252, 168, 19, 5, 198)
(57, 221, 21, 3, 161)
(137, 204, 9, 3, 228)
(248, 30, 3, 7, 236)
(0, 91, 7, 6, 186)
(204, 0, 29, 27, 226)
(42, 83, 5, 13, 161)
(11, 72, 8, 4, 192)
(158, 192, 5, 9, 86)
(178, 152, 13, 13, 77)
(220, 210, 13, 0, 30)
(292, 218, 7, 4, 108)
(240, 113, 20, 4, 182)
(157, 214, 22, 5, 214)
(280, 88, 8, 12, 179)
(47, 200, 11, 19, 221)
(195, 162, 8, 12, 247)
(279, 181, 6, 7, 210)
(285, 166, 21, 5, 233)
(118, 177, 5, 8, 90)
(113, 213, 20, 7, 208)
(251, 201, 3, 3, 192)
(57, 164, 9, 24, 120)
(76, 224, 64, 3, 189)
(282, 29, 6, 6, 149)
(121, 33, 9, 69, 157)
(7, 78, 8, 72, 111)
(285, 110, 0, 12, 188)
(224, 52, 1, 11, 120)
(209, 14, 6, 26, 227)
(223, 199, 5, 0, 89)
(155, 160, 6, 24, 102)
(252, 182, 22, 5, 195)
(82, 72, 18, 16, 150)
(242, 200, 11, 2, 224)
(101, 106, 22, 15, 217)
(0, 133, 13, 17, 88)
(84, 131, 12, 5, 86)
(132, 157, 6, 11, 233)
(62, 174, 31, 5, 154)
(71, 187, 27, 3, 86)
(192, 99, 15, 5, 190)
(121, 172, 3, 9, 73)
(74, 123, 11, 11, 244)
(53, 86, 9, 11, 168)
(75, 60, 23, 7, 204)
(243, 214, 8, 5, 159)
(253, 194, 24, 4, 185)
(259, 122, 13, 2, 216)
(19, 191, 35, 12, 212)
(273, 195, 4, 9, 173)
(299, 47, 0, 27, 106)
(200, 59, 19, 6, 192)
(247, 140, 21, 1, 226)
(126, 220, 99, 0, 62)
(107, 172, 5, 19, 202)
(187, 124, 6, 28, 234)
(294, 36, 9, 7, 224)
(161, 173, 4, 8, 160)
(292, 219, 0, 6, 120)
(210, 40, 3, 33, 186)
(66, 107, 18, 9, 62)
(132, 148, 3, 4, 94)
(287, 209, 3, 4, 210)
(17, 134, 14, 6, 217)
(155, 176, 2, 13, 179)
(214, 152, 3, 2, 179)
(299, 162, 0, 34, 64)
(180, 120, 5, 17, 108)
(14, 222, 166, 0, 5)
(183, 196, 7, 3, 215)
(299, 165, 0, 0, 156)
(297, 17, 3, 21, 183)
(233, 126, 2, 10, 103)
(131, 72, 4, 8, 85)
(107, 118, 23, 3, 221)
(248, 155, 6, 7, 176)
(217, 221, 1, 3, 145)
(113, 183, 8, 5, 85)
(153, 195, 6, 5, 245)
(255, 205, 0, 0, 114)
(192, 143, 0, 0, 82)
(256, 113, 1, 27, 187)
(0, 42, 14, 7, 100)
(237, 193, 39, 0, 62)
(49, 185, 0, 0, 58)
(162, 56, 4, 18, 189)
(104, 40, 13, 14, 93)
(72, 159, 13, 6, 120)
(31, 186, 25, 4, 172)
(253, 160, 26, 2, 152)
(0, 97, 10, 15, 92)
(251, 180, 16, 1, 233)
(247, 0, 12, 9, 174)
(245, 182, 0, 18, 15)
(271, 171, 12, 6, 232)
(159, 207, 24, 1, 229)
(295, 6, 4, 8, 182)
(77, 169, 15, 4, 214)
(98, 157, 12, 2, 182)
(228, 181, 8, 11, 219)
(56, 224, 7, 0, 147)
(192, 77, 24, 13, 113)
(94, 186, 7, 6, 78)
(0, 223, 12, 13, 86)
(77, 201, 5, 4, 186)
(115, 95, 12, 7, 113)
(63, 90, 0, 13, 36)
(167, 166, 3, 6, 230)
(296, 184, 3, 9, 155)
(282, 215, 15, 2, 141)
(217, 26, 1, 64, 166)
(271, 148, 2, 15, 192)
(234, 13, 6, 10, 152)
(299, 101, 0, 20, 119)
(40, 135, 27, 5, 164)
(2, 30, 8, 13, 126)
(0, 154, 15, 23, 57)
(186, 67, 9, 3, 101)
(268, 139, 24, 5, 175)
(116, 189, 9, 2, 233)
(229, 202, 6, 11, 194)
(200, 131, 7, 9, 176)
(222, 29, 0, 89, 255)
(250, 223, 4, 4, 195)
(0, 0, 26, 14, 191)
(237, 138, 16, 1, 150)
(256, 223, 3, 1, 100)
(114, 153, 7, 10, 51)
(152, 213, 71, 0, 249)
(212, 178, 14, 9, 239)
(177, 160, 1, 9, 119)
(182, 48, 5, 17, 134)
(0, 179, 39, 7, 99)
(232, 121, 2, 9, 120)
(5, 111, 104, 0, 69)
(294, 14, 4, 6, 148)
(50, 132, 24, 4, 149)
(87, 87, 4, 23, 100)
(54, 211, 23, 0, 81)
(299, 224, 1, 1, 91)
(287, 223, 9, 3, 133)
(163, 203, 11, 3, 141)
(221, 156, 15, 2, 119)
(157, 113, 2, 21, 114)
(265, 127, 25, 0, 47)
(238, 193, 17, 3, 174)
(273, 145, 4, 5, 227)
(145, 224, 137, 0, 147)
(218, 91, 4, 21, 145)
(20, 27, 8, 9, 171)
(66, 88, 22, 3, 150)
(44, 157, 17, 8, 157)
(253, 120, 3, 17, 150)
(219, 152, 0, 17, 203)
(299, 50, 2, 7, 154)
(110, 106, 10, 0, 145)
(246, 57, 4, 18, 167)
(282, 158, 17, 2, 115)
(289, 83, 8, 2, 222)
(158, 159, 2, 3, 148)
(100, 202, 17, 2, 74)
(192, 224, 16, 2, 168)
(131, 212, 48, 1, 234)
(191, 189, 44, 2, 221)
(125, 209, 2, 3, 172)
(292, 29, 4, 5, 152)
(0, 224, 0, 2, 221)
(271, 79, 16, 3, 219)
(229, 86, 5, 7, 230)
(299, 224, 0, 0, 229)
(266, 76, 1, 29, 173)
(0, 59, 30, 10, 101)
(165, 197, 2, 6, 159)
(291, 102, 7, 7, 188)
(253, 96, 2, 27, 206)
(117, 188, 5, 13, 227)
(236, 77, 16, 0, 233)
(34, 220, 21, 4, 186)
(112, 26, 12, 20, 129)
(207, 147, 7, 4, 109)
(0, 120, 9, 9, 177)
(115, 10, 17, 9, 116)
(129, 184, 2, 16, 240)
(101, 125, 0, 20, 220)
(298, 193, 2, 2, 170)
(245, 172, 16, 2, 199)
(177, 31, 16, 10, 205)
(295, 171, 4, 2, 211)
(299, 134, 0, 34, 214)
(211, 116, 25, 7, 113)
(164, 101, 20, 13, 163)
(245, 199, 19, 1, 229)
(287, 200, 5, 5, 199)
(98, 37, 6, 15, 155)
(171, 99, 3, 6, 105)
(243, 190, 12, 1, 185)
(31, 199, 20, 12, 206)
(297, 144, 0, 33, 6)
(273, 191, 0, 0, 255)
(226, 148, 7, 2, 150)
(270, 32, 3, 7, 228)
(215, 145, 4, 9, 232)
(79, 224, 18, 0, 235)
(270, 26, 0, 188, 136)
(282, 216, 0, 0, 186)
(248, 82, 28, 7, 180)
(206, 44, 0, 47, 220)
(195, 202, 13, 4, 232)
(134, 41, 37, 4, 203)
(109, 2, 8, 5, 210)
(129, 50, 7, 18, 194)
(143, 213, 4, 7, 249)
(272, 200, 4, 10, 168)
(85, 124, 4, 7, 239)
(46, 178, 8, 13, 184)
(284, 94, 3, 6, 209)
(27, 190, 54, 5, 217)
(22, 199, 73, 0, 165)
(267, 191, 7, 2, 187)
(234, 157, 4, 5, 215)
(195, 162, 13, 3, 232)
(195, 206, 25, 3, 211)
(226, 194, 6, 2, 189)
(75, 203, 11, 2, 185)
(226, 196, 9, 4, 221)
(16, 218, 4, 3, 109)
(245, 139, 5, 4, 224)
(299, 143, 1, 6, 206)
(97, 100, 3, 12, 108)
(170, 187, 3, 5, 101)
(173, 80, 32, 3, 120)
(54, 122, 35, 3, 202)
(205, 194, 0, 27, 130)
(185, 209, 109, 0, 160)
(161, 201, 6, 2, 113)
(211, 176, 45, 2, 243)
(186, 8, 14, 28, 228)
(256, 224, 18, 0, 143)
(47, 56, 7, 33, 205)
(181, 224, 65, 0, 91)
(265, 24, 7, 14, 214)
(214, 218, 0, 0, 225)
(37, 119, 5, 9, 121)
(284, 203, 2, 9, 165)
(269, 92, 0, 108, 237)
(101, 36, 50, 3, 150)
(253, 128, 6, 5, 188)
(299, 164, 0, 13, 100)
(251, 174, 8, 8, 234)
(57, 168, 12, 5, 93)
(146, 135, 11, 5, 244)
(299, 224, 0, 0, 238)
(193, 189, 2, 9, 243)
(150, 49, 13, 9, 160)
(291, 71, 14, 0, 34)
(30, 138, 6, 18, 168)
(12, 151, 16, 13, 80)
(119, 187, 8, 2, 229)
(102, 69, 5, 5, 105)
(279, 43, 1, 0, 0)
(210, 194, 7, 3, 170)
(64, 128, 4, 5, 106)
(215, 34, 2, 22, 142)
(136, 103, 13, 6, 84)
(290, 110, 5, 4, 216)
(61, 179, 5, 2, 182)
(218, 152, 7, 9, 103)
(62, 33, 16, 15, 198)
(259, 70, 1, 3, 169)
(289, 186, 5, 5, 150)
(230, 44, 23, 15, 195)
(287, 182, 0, 0, 15)
(63, 138, 26, 4, 233)
(284, 202, 0, 0, 96)
(96, 88, 8, 13, 154)
(243, 143, 2, 4, 197)
(121, 207, 5, 3, 147)
(278, 141, 2, 8, 198)
(222, 57, 2, 15, 134)
(299, 137, 0, 0, 140)
(269, 36, 23, 7, 198)
(126, 161, 3, 12, 90)
(211, 165, 27, 1, 168)
(271, 51, 24, 1, 211)
(268, 129, 3, 4, 132)
(151, 126, 0, 0, 12)
(11, 119, 11, 15, 129)
(288, 109, 3, 5, 165)
(204, 160, 39, 0, 153)
(238, 95, 3, 4, 236)
(101, 215, 6, 3, 209)
(162, 29, 8, 14, 206)
(270, 131, 2, 5, 216)
(228, 188, 35, 0, 179)
(98, 169, 15, 4, 178)
(109, 149, 4, 6, 46)
(279, 149, 4, 3, 145)
(285, 178, 0, 1, 205)
(169, 17, 58, 9, 230)
(297, 221, 2, 3, 96)
(289, 102, 0, 3, 60)
(279, 122, 5, 1, 232)
(284, 136, 2, 4, 169)
(151, 160, 3, 22, 247)
(260, 25, 2, 19, 168)
(250, 224, 0, 0, 207)
(126, 17, 4, 5, 184)
(170, 48, 22, 0, 250)
(207, 158, 5, 2, 225)
(286, 183, 13, 1, 181)
(85, 189, 10, 3, 118)
(278, 14, 0, 35, 128)
(261, 209, 4, 6, 176)
(23, 224, 276, 0, 207)
(238, 69, 6, 2, 199)
(139, 219, 51, 4, 202)
(230, 220, 8, 3, 135)
(77, 22, 16, 3, 154)
(55, 217, 17, 2, 189)
(69, 114, 15, 3, 108)
(164, 194, 1, 11, 129)
(243, 187, 12, 3, 195)
(72, 170, 23, 3, 237)
(179, 179, 14, 2, 212)
(201, 154, 3, 8, 111)
(124, 169, 2, 9, 96)
(10, 221, 18, 3, 210)
(85, 219, 9, 6, 181)
(68, 106, 21, 5, 43)
(1, 51, 6, 6, 195)
(210, 151, 5, 7, 141)
(299, 224, 0, 0, 107)
(79, 224, 0, 0, 24)
(282, 110, 2, 1, 141)
(184, 182, 4, 3, 167)
(252, 224, 0, 0, 169)
(175, 197, 0, 19, 137)
(234, 84, 0, 99, 132)
(92, 206, 9, 1, 123)
(49, 224, 75, 0, 79)
(149, 216, 13, 7, 209)
(20, 224, 6, 1, 130)
(273, 222, 2, 1, 214)
(279, 160, 0, 36, 31)
(294, 186, 1, 14, 171)
(241, 139, 2, 10, 143)
(299, 19, 3, 5, 118)
(189, 11, 0, 0, 63)
(299, 122, 0, 42, 150)
(38, 136, 39, 0, 80)
(230, 101, 3, 15, 181)
(295, 215, 4, 3, 132)
(87, 111, 6, 9, 180)
(260, 50, 0, 27, 183)
(144, 111, 3, 6, 179)
(295, 208, 4, 4, 150)
(292, 145, 1, 15, 186)
(296, 149, 5, 2, 164)
(100, 129, 5, 8, 112)
(258, 207, 11, 1, 159)
(182, 218, 25, 3, 194)
(164, 163, 3, 10, 175)
(146, 124, 3, 12, 121)
(64, 86, 2, 9, 66)
(193, 147, 2, 10, 138)
(299, 4, 0, 158, 130)
(180, 224, 119, 0, 183)
(135, 200, 2, 5, 255)
(294, 91, 5, 4, 156)
(224, 108, 7, 6, 170)
(191, 182, 7, 4, 245)
(4, 130, 12, 8, 127)
(299, 171, 0, 34, 186)
(149, 224, 54, 0, 164)
(271, 211, 3, 7, 164)
(13, 203, 0, 9, 0)
(88, 212, 14, 3, 224)
(31, 31, 50, 2, 196)
(192, 215, 12, 2, 206)
(243, 184, 37, 2, 195)
(32, 106, 4, 5, 180)
(299, 42, 0, 167, 169)
(175, 186, 84, 0, 62)
(11, 224, 10, 12, 216)
(196, 211, 9, 2, 238)
(132, 168, 2, 29, 181)
(197, 53, 3, 21, 116)
(84, 168, 22, 1, 122)
(160, 108, 2, 11, 167)
(289, 218, 4, 1, 106)
(247, 58, 2, 19, 163)
(194, 147, 71, 0, 30)
(41, 175, 51, 2, 129)
(153, 194, 2, 1, 255)
(290, 30, 1, 50, 210)
(162, 221, 53, 0, 241)
(94, 218, 2, 6, 186)
(36, 209, 10, 9, 207)
(163, 209, 0, 0, 69)
(258, 14, 2, 29, 198)
(244, 182, 3, 6, 190)
(9, 224, 121, 0, 0)
(252, 127, 0, 97, 76)
(62, 183, 42, 4, 85)
(60, 163, 10, 4, 159)
(0, 187, 73, 0, 0)
(10, 45, 4, 25, 105)
(100, 202, 10, 3, 82)
(278, 198, 6, 2, 233)
(207, 171, 6, 1, 194)
(299, 224, 0, 0, 167)
(17, 143, 7, 10, 131)
(135, 0, 5, 12, 201)
(273, 124, 2, 5, 228)
(287, 141, 0, 69, 68)
(115, 132, 12, 4, 165)
(250, 93, 10, 16, 205)
(160, 204, 5, 13, 214)
(296, 19, 2, 13, 191)
(232, 176, 0, 0, 186)
(249, 163, 7, 8, 221)
(278, 160, 30, 0, 65)
(253, 212, 19, 1, 182)
(235, 223, 5, 1, 145)
(98, 74, 31, 8, 191)
(276, 108, 0, 88, 0)
(262, 153, 29, 1, 185)
(117, 224, 149, 0, 54)
(299, 155, 0, 69, 202)
(113, 204, 8, 2, 153)
(77, 208, 10, 5, 209)
(290, 128, 37, 0, 152)
(299, 97, 0, 0, 146)
(32, 67, 31, 12, 194)
(111, 18, 6, 6, 169)
(103, 50, 2, 15, 98)
(83, 224, 147, 0, 91)
(274, 202, 7, 1, 164)
(185, 85, 11, 8, 133)
(51, 190, 10, 2, 185)
(256, 18, 13, 1, 188)
(287, 109, 3, 5, 162)
(187, 160, 46, 2, 100)
(116, 206, 49, 1, 177)
(292, 155, 7, 1, 189)
(136, 216, 3, 7, 187)
(295, 50, 4, 5, 176)
(293, 182, 6, 0, 137)
(298, 107, 1, 42, 202)
(139, 163, 3, 24, 84)
(299, 162, 0, 0, 211)
(47, 224, 192, 0, 38)
(230, 62, 1, 17, 180)
(18, 92, 9, 9, 78)
(275, 156, 1, 4, 133)
(293, 214, 3, 3, 155)
(270, 200, 16, 1, 195)
(157, 202, 120, 0, 136)
(255, 210, 0, 0, 236)
(201, 45, 20, 6, 139)
(216, 124, 4, 5, 223)
(43, 131, 21, 9, 162)
(292, 210, 0, 7, 142)
(141, 49, 3, 26, 157)
(126, 109, 8, 3, 148)
(299, 70, 3, 11, 170)
(117, 89, 5, 13, 127)
(294, 192, 0, 9, 153)
(27, 160, 16, 4, 69)
(196, 181, 4, 3, 172)
(91, 138, 0, 13, 46)
(122, 191, 5, 6, 69)
(299, 111, 0, 37, 0)
(215, 182, 67, 0, 142)
(231, 31, 3, 16, 144)
(216, 77, 8, 6, 221)
(237, 220, 0, 11, 107)
(159, 224, 76, 0, 208)
(199, 224, 15, 0, 155)
(267, 172, 5, 8, 213)
(292, 36, 0, 36, 177)
(299, 184, 2, 5, 151)
(263, 118, 4, 4, 229)
(177, 177, 1, 5, 98)
(157, 0, 50, 11, 221)
(168, 128, 3, 20, 117)
(276, 162, 0, 0, 105)
(234, 82, 13, 8, 193)
(65, 58, 5, 15, 157)
(82, 222, 134, 0, 153)
(295, 221, 0, 3, 196)
(157, 187, 8, 4, 211)
(179, 6, 35, 10, 225)
(266, 133, 0, 42, 15)
(13, 141, 11, 9, 131)
(220, 18, 0, 151, 187)
(80, 55, 4, 7, 156)
(277, 194, 22, 0, 0)
(288, 0, 0, 75, 39)
(189, 83, 20, 3, 101)
(260, 69, 7, 1, 182)
(0, 54, 11, 7, 173)
(259, 70, 2, 8, 151)
(272, 206, 25, 0, 199)
(121, 158, 7, 7, 50)
(293, 77, 0, 46, 177)
(299, 140, 0, 84, 185)
(242, 171, 0, 0, 57)
(224, 159, 3, 3, 210)
(271, 201, 0, 16, 73)
(215, 69, 4, 3, 203)
(87, 75, 7, 2, 191)
(214, 202, 18, 4, 211)
(208, 195, 0, 19, 16)
(299, 98, 0, 15, 204)
(177, 145, 4, 9, 245)
(299, 129, 0, 21, 114)
(108, 193, 4, 8, 135)
(142, 28, 44, 2, 212)
(189, 106, 11, 1, 219)
(35, 104, 0, 4, 45)
(243, 190, 28, 2, 188)
(204, 103, 8, 5, 116)
(229, 203, 0, 19, 27)
(214, 201, 5, 5, 227)
(143, 35, 6, 3, 115)
(202, 144, 5, 11, 235)
(64, 174, 11, 3, 171)
(125, 140, 12, 1, 171)
(86, 156, 3, 10, 64)
(299, 0, 6, 4, 142)
(255, 9, 0, 172, 12)
(159, 93, 2, 65, 157)
(201, 179, 5, 7, 248)
(290, 140, 0, 29, 58)
(217, 130, 8, 1, 251)
(141, 211, 5, 2, 112)
(261, 137, 2, 3, 127)
(299, 0, 0, 146, 0)
(275, 193, 4, 3, 173)
(281, 164, 4, 4, 199)
(57, 212, 44, 1, 210)
(94, 142, 26, 1, 235)
(226, 179, 0, 16, 53)
(262, 41, 4, 6, 149)
(223, 218, 13, 0, 69)
(121, 200, 17, 3, 227)
(211, 158, 9, 6, 96)
(146, 94, 3, 17, 80)
(137, 147, 13, 13, 227)
(228, 206, 0, 0, 166)
(208, 112, 13, 4, 105)
(245, 102, 1, 17, 205)
(273, 54, 9, 5, 173)
(284, 185, 0, 30, 48)
(138, 161, 1, 19, 171)
(218, 25, 4, 2, 184)
(141, 220, 0, 0, 98)
(26, 147, 1, 16, 77)
(230, 158, 27, 1, 208)
(73, 179, 92, 0, 96)
(265, 3, 6, 11, 191)
(250, 208, 3, 4, 196)
(196, 222, 10, 2, 173)
(96, 134, 4, 5, 248)
(297, 39, 32, 1, 226)
(273, 17, 0, 59, 201)
(290, 150, 3, 1, 92)
(213, 214, 75, 0, 252)
(298, 222, 5, 2, 91)
(16, 202, 9, 11, 193)
(264, 108, 0, 28, 135)
(139, 223, 95, 0, 74)
(255, 197, 29, 0, 96)
(56, 199, 9, 4, 244)
(226, 187, 0, 20, 127)
(239, 224, 11, 0, 134)
(0, 212, 4, 12, 172)
(13, 224, 213, 0, 10)
(268, 149, 3, 8, 223)
(162, 213, 7, 1, 162)
(273, 162, 19, 4, 222)
(256, 86, 5, 10, 173)
(239, 173, 17, 0, 169)
(198, 173, 9, 1, 188)
(299, 181, 0, 38, 51)
(214, 189, 3, 4, 240)
(299, 201, 0, 0, 143)
(290, 50, 0, 81, 194)
(210, 26, 2, 7, 244)
(165, 136, 2, 4, 200)
(150, 127, 7, 5, 218)
(210, 223, 6, 8, 193)
(167, 209, 28, 0, 92)
(249, 221, 0, 13, 31)
(19, 64, 5, 27, 156)
(107, 209, 0, 0, 11)
(73, 135, 12, 4, 146)
(283, 68, 3, 4, 222)
(265, 1, 2, 9, 146)
(94, 211, 165, 0, 2)
(221, 115, 1, 7, 194)
(81, 200, 7, 1, 77)
(298, 68, 0, 39, 4)
(206, 81, 0, 143, 212)
(246, 85, 0, 0, 239)
(299, 172, 0, 40, 57)
(134, 184, 6, 6, 78)
(179, 182, 3, 24, 142)
(240, 109, 35, 1, 197)
(133, 204, 136, 0, 211)
(200, 224, 28, 0, 255)
(131, 29, 4, 9, 195)
(274, 224, 0, 0, 0)
(39, 195, 120, 0, 0)
(215, 206, 0, 0, 0)
(299, 207, 0, 0, 154)
(192, 198, 1, 5, 122)
(206, 206, 0, 1, 90)
(122, 224, 0, 0, 0)
(267, 103, 3, 6, 245)
(129, 187, 0, 47, 184)
(190, 185, 3, 0, 225)
(290, 104, 1, 25, 203)
(2, 179, 10, 3, 192)
(66, 192, 80, 0, 199)
(156, 0, 10, 28, 214)
(249, 173, 5, 1, 205)
(11, 72, 2, 13, 154)
(156, 98, 4, 3, 97)
(90, 198, 10, 4, 199)
(290, 49, 0, 63, 150)
(289, 199, 0, 13, 182)
(235, 135, 4, 4, 154)
(181, 150, 4, 6, 117)
(205, 161, 1, 36, 237)
(10, 160, 5, 7, 63)
(148, 55, 1, 19, 109)
(233, 194, 64, 0, 0)
(260, 118, 4, 2, 166)
(268, 154, 5, 3, 215)
(287, 95, 0, 80, 233)
(228, 151, 5, 4, 202)
(286, 146, 4, 2, 159)
(178, 195, 16, 1, 114)
(286, 7, 9, 8, 154)
(295, 8, 2, 0, 144)
(123, 203, 5, 3, 228)
(299, 171, 1, 8, 213)
(267, 53, 0, 2, 194)
(106, 224, 95, 0, 37)
(4, 54, 2, 24, 77)
(251, 23, 0, 0, 72)
(63, 196, 11, 2, 246)
(283, 46, 8, 5, 219)
(244, 224, 0, 0, 141)
(272, 121, 0, 43, 162)
(50, 158, 3, 12, 98)
(78, 224, 196, 0, 184)
(296, 174, 0, 0, 160)
(76, 196, 15, 2, 115)
(299, 40, 0, 43, 184)
(285, 93, 3, 3, 219)
(272, 224, 0, 0, 124)
(125, 206, 22, 1, 203)
(272, 41, 0, 180, 231)
(5, 199, 4, 10, 189)
(228, 207, 29, 2, 184)
(299, 171, 0, 0, 227)
(237, 222, 6, 0, 77)
(256, 25, 2, 25, 168)
(191, 186, 104, 0, 31)
(205, 193, 21, 0, 29)
(122, 49, 2, 30, 119)
(276, 163, 23, 0, 40)
(161, 188, 7, 4, 242)
(289, 41, 4, 5, 167)
(50, 65, 13, 0, 49)
(299, 62, 0, 44, 113)
(257, 0, 1, 26, 206)
(14, 197, 5, 15, 191)
(215, 224, 74, 0, 64)
(38, 97, 4, 7, 69)
(62, 186, 22, 2, 98)
(233, 204, 7, 1, 201)
(60, 97, 2, 11, 136)
(210, 68, 2, 5, 235)
(113, 59, 3, 32, 151)
(129, 18, 7, 8, 120)
(3, 205, 198, 0, 149)
(39, 22, 5, 14, 145)
(251, 141, 29, 2, 159)
(227, 210, 49, 0, 0)
(253, 216, 25, 0, 108)
(286, 198, 1, 5, 216)
(265, 50, 0, 0, 99)
(293, 224, 0, 0, 255)
(279, 169, 20, 0, 179)
(291, 156, 0, 0, 175)
(206, 43, 7, 8, 172)
(290, 204, 28, 0, 6)
(297, 33, 2, 4, 152)
(240, 36, 2, 20, 178)
(277, 188, 0, 36, 210)
(177, 206, 76, 0, 140)
(281, 220, 7, 1, 150)
(228, 210, 68, 0, 141)
(299, 211, 4, 2, 153)
(238, 20, 7, 6, 146)
(156, 224, 23, 0, 0)
(148, 10, 12, 7, 188)
(39, 224, 218, 0, 122)
(54, 111, 14, 0, 0)
(211, 129, 7, 1, 108)
(113, 205, 0, 0, 75)
(121, 0, 8, 15, 129)
(151, 185, 7, 2, 206)
(172, 224, 107, 0, 88)
(290, 74, 9, 3, 178)
(250, 221, 6, 1, 161)
(35, 206, 6, 0, 54)
(175, 72, 26, 0, 210)
(47, 192, 47, 3, 219)
(273, 51, 0, 116, 0)
(68, 26, 5, 28, 216)
(39, 22, 8, 5, 165)
(278, 132, 4, 4, 219)
(282, 224, 0, 0, 141)
(255, 192, 5, 4, 173)
(293, 136, 5, 9, 199)
(293, 84, 5, 2, 217)
(299, 190, 0, 34, 73)
(289, 41, 4, 4, 131)
(281, 85, 7, 0, 236)
(284, 224, 15, 0, 7)
(219, 46, 0, 135, 219)
(138, 196, 5, 6, 136)
(153, 12, 2, 40, 195)
(299, 60, 0, 56, 199)
(111, 176, 4, 10, 202)
(68, 82, 1, 17, 154)
(299, 224, 0, 0, 190)
(299, 69, 0, 61, 229)
(147, 0, 7, 4, 157)
(269, 224, 0, 0, 55)
(206, 154, 6, 5, 238)
(184, 150, 105, 0, 187)
(25, 111, 10, 8, 146)
(266, 101, 3, 3, 156)
(124, 224, 69, 0, 234)
(161, 183, 9, 4, 110)
(299, 54, 0, 147, 91)
(187, 27, 29, 4, 233)
(227, 34, 3, 14, 212)
(170, 151, 1, 10, 162)
(279, 109, 0, 60, 211)
(172, 172, 1, 9, 163)
(138, 4, 0, 100, 142)
(297, 78, 2, 1, 135)
(296, 206, 16, 2, 189)
(232, 220, 45, 0, 166)
(291, 201, 3, 1, 131)
(293, 163, 12, 3, 205)
(216, 194, 0, 27, 214)
(102, 190, 5, 5, 142)
(194, 183, 4, 3, 250)
(299, 31, 0, 129, 43)
(0, 139, 5, 3, 153)
(182, 136, 54, 0, 39)
(286, 135, 1, 13, 192)
(219, 62, 5, 2, 131)
(258, 163, 5, 4, 205)
(299, 117, 0, 20, 165)
(277, 196, 15, 1, 199)
(113, 186, 4, 6, 106)
(299, 139, 0, 36, 165)
(268, 42, 0, 95, 233)
(185, 78, 16, 3, 93)
(296, 204, 0, 19, 255)
(226, 91, 2, 3, 117)
(60, 220, 6, 6, 163)
(274, 101, 0, 18, 151)
(207, 190, 4, 2, 169)
(175, 224, 143, 0, 35)
(268, 69, 12, 1, 213)
(125, 220, 62, 0, 1)
(246, 23, 1, 9, 218)
(278, 0, 1, 5, 135)
(0, 34, 2, 10, 127)
(266, 57, 3, 19, 208)
(22, 194, 0, 0, 240)
(90, 178, 21, 2, 239)
(269, 107, 0, 12, 0)
(200, 94, 17, 1, 177)
(177, 157, 3, 10, 85)
(282, 137, 3, 4, 153)
(299, 132, 10, 0, 97)
(56, 193, 10, 2, 231)
(45, 154, 21, 3, 205)
(59, 52, 4, 9, 78)
(294, 104, 0, 22, 207)
(243, 106, 0, 62, 153)
(240, 137, 11, 2, 166)
(269, 57, 0, 37, 108)
(209, 224, 21, 0, 79)
(230, 163, 9, 2, 104)
(227, 27, 0, 52, 80)
(294, 206, 3, 3, 198)
(299, 50, 0, 157, 187)
(216, 205, 12, 0, 115)
(65, 172, 81, 0, 200)
(101, 148, 5, 3, 83)
(299, 195, 0, 20, 255)
(255, 211, 12, 3, 175)
(266, 115, 12, 2, 224)
(171, 35, 6, 14, 162)
(212, 112, 23, 0, 200)
(136, 129, 14, 5, 131)
(119, 204, 171, 0, 105)
(228, 30, 5, 2, 134)
(88, 211, 3, 4, 221)
(50, 209, 34, 2, 227)
(277, 192, 5, 3, 172)
(180, 42, 8, 33, 136)
(264, 94, 15, 3, 202)
(215, 188, 0, 0, 255)
(12, 152, 7, 5, 65)
(267, 84, 0, 116, 204)
(26, 223, 17, 2, 188)
(115, 208, 7, 3, 222)
(217, 32, 5, 13, 149)
(131, 168, 1, 24, 222)
(299, 120, 6, 7, 218)
(268, 109, 3, 7, 214)
(0, 224, 173, 0, 176)
(52, 49, 3, 13, 153)
(192, 108, 27, 0, 119)
(236, 205, 0, 9, 171)
(20, 224, 109, 0, 115)
(291, 207, 0, 17, 121)
(185, 194, 8, 2, 126)
(299, 86, 0, 86, 195)
(200, 93, 3, 12, 217)
(282, 179, 5, 2, 187)
(296, 25, 0, 43, 29)
(212, 117, 5, 3, 194)
(241, 4, 0, 113, 161)
(246, 100, 8, 5, 217)
(188, 128, 6, 13, 243)
(299, 179, 0, 0, 145)
(270, 177, 4, 1, 192)
(59, 224, 119, 0, 143)
(274, 155, 1, 4, 123)
(262, 142, 3, 1, 205)
(141, 108, 69, 0, 227)
(198, 183, 0, 0, 217)
(261, 224, 45, 0, 140)
(153, 224, 54, 0, 19)
(189, 108, 16, 2, 101)
(192, 36, 1, 13, 208)
(111, 168, 11, 5, 225)
(203, 133, 38, 0, 24)
(291, 222, 0, 7, 155)
(228, 216, 11, 3, 169)
(229, 209, 0, 0, 175)
(263, 189, 0, 17, 53)
(161, 76, 8, 4, 167)
(92, 178, 0, 0, 240)
(134, 140, 4, 2, 121)
(235, 224, 1, 1, 208)
(260, 1, 2, 1, 164)
(299, 114, 0, 34, 225)
(31, 212, 5, 8, 189)
(97, 224, 45, 0, 17)
(218, 209, 39, 0, 3)
(204, 223, 0, 0, 177)
(286, 45, 10, 1, 165)
(8, 204, 137, 0, 7)
(299, 87, 0, 132, 1)
(273, 98, 0, 53, 90)
(240, 198, 3, 7, 204)
(206, 64, 69, 0, 195)
(73, 128, 8, 5, 248)
(274, 192, 0, 24, 97)
(277, 213, 5, 2, 156)
(282, 125, 0, 8, 28)
(234, 0, 12, 11, 231)
(79, 69, 6, 1, 130)
(293, 216, 0, 4, 174)
(281, 95, 6, 4, 218)
(293, 192, 5, 2, 176)
(299, 171, 0, 23, 251)
(271, 215, 22, 0, 70)
(249, 116, 2, 1, 231)
(250, 208, 17, 0, 94)
(197, 208, 0, 16, 125)
(28, 224, 85, 0, 246)
(150, 83, 1, 19, 168)
(18, 186, 200, 0, 160)
(88, 60, 6, 15, 197)
(174, 133, 8, 6, 116)
(104, 120, 4, 14, 165)
(273, 25, 0, 114, 158)
(249, 224, 1, 14, 81)
(297, 192, 0, 1, 158)
(154, 160, 9, 5, 102)
(4, 209, 91, 0, 156)
(86, 141, 3, 1, 134)
(52, 207, 179, 0, 0)
(0, 196, 0, 28, 6)
(288, 176, 7, 4, 192)
(83, 125, 13, 1, 218)
(273, 224, 0, 10, 15)
(174, 145, 1, 6, 133)
(18, 224, 71, 0, 211)
(207, 185, 0, 12, 12)
(246, 206, 11, 1, 199)
(49, 224, 58, 0, 72)
(238, 41, 5, 3, 165)
(97, 220, 20, 3, 204)
(0, 0, 10, 6, 179)
(41, 190, 220, 0, 251)
(123, 71, 2, 23, 165)
(114, 167, 101, 0, 61)
(280, 92, 2, 13, 166)
(52, 224, 10, 0, 95)
(27, 224, 80, 0, 143)
(299, 83, 0, 30, 80)
(269, 189, 22, 0, 41)
(220, 203, 25, 1, 206)
(277, 162, 5, 2, 207)
(3, 202, 0, 0, 142)
(126, 198, 4, 5, 188)
(0, 194, 33, 0, 225)
(160, 125, 2, 18, 110)
(108, 165, 129, 0, 77)
(29, 224, 0, 0, 116)
(157, 22, 2, 0, 168)
(180, 153, 67, 0, 68)
(205, 219, 19, 1, 189)
(244, 140, 0, 10, 69)
(290, 83, 0, 33, 160)
(27, 185, 5, 5, 104)
(296, 73, 1, 11, 154)
(91, 6, 149, 0, 170)
(282, 211, 0, 0, 133)
(202, 198, 12, 4, 230)
(243, 53, 0, 93, 144)
(233, 203, 13, 0, 131)
(281, 23, 18, 6, 199)
(275, 35, 6, 8, 209)
(230, 0, 0, 137, 94)
(159, 224, 140, 0, 18)
(274, 220, 0, 13, 25)
(156, 85, 25, 6, 148)
(291, 29, 0, 5, 252)
(243, 224, 0, 0, 63)
(299, 129, 0, 24, 113)
(24, 205, 3, 0, 57)
(86, 220, 56, 0, 209)
(292, 185, 3, 1, 161)
(297, 171, 0, 17, 227)
(10, 217, 3, 5, 204)
(73, 195, 160, 0, 176)
(199, 34, 6, 4, 164)
(71, 42, 5, 17, 151)
(270, 109, 0, 65, 228)
(247, 26, 0, 0, 17)
(251, 224, 71, 0, 65)
(237, 107, 1, 7, 169)
(135, 208, 8, 2, 170)
(77, 215, 4, 4, 179)
(256, 99, 13, 1, 191)
(280, 180, 0, 28, 82)
(185, 0, 34, 5, 222)
(199, 123, 6, 10, 144)
(293, 88, 3, 8, 145)
(240, 196, 33, 1, 178)
(220, 57, 2, 5, 223)
(164, 202, 19, 0, 109)
(74, 223, 14, 1, 179)
(0, 151, 8, 4, 62)
(261, 139, 26, 1, 185)
(275, 218, 5, 4, 167)
(288, 147, 0, 0, 117)
(267, 224, 32, 0, 148)
(148, 158, 2, 11, 210)
(299, 54, 0, 46, 56)
(220, 195, 78, 0, 241)
(91, 224, 163, 0, 54)
(293, 202, 26, 0, 223)
(226, 61, 10, 5, 159)
(169, 202, 23, 2, 180)
(222, 82, 3, 4, 145)
(260, 70, 0, 131, 170)
(274, 199, 0, 1, 176)
(107, 153, 4, 4, 235)
(171, 166, 21, 1, 222)
(128, 145, 3, 2, 82)
(242, 54, 4, 6, 217)
(54, 160, 15, 1, 187)
(162, 209, 0, 15, 91)
(109, 88, 7, 22, 199)
(250, 219, 25, 0, 24)
(299, 135, 1, 3, 169)
(82, 224, 188, 0, 0)
(59, 189, 13, 4, 204)
(299, 89, 0, 38, 209)
(66, 52, 3, 5, 230)
(94, 87, 4, 5, 108)
(295, 224, 3, 1, 106)
(15, 222, 130, 0, 185)
(88, 37, 7, 23, 143)
(271, 131, 0, 95, 104)
(294, 224, 5, 0, 166)
(282, 4, 13, 6, 158)
(299, 187, 0, 0, 146)
(98, 180, 10, 1, 188)
(177, 207, 0, 4, 165)
(171, 224, 22, 0, 46)
(217, 201, 33, 0, 127)
(299, 207, 0, 0, 24)
(262, 222, 0, 0, 213)
(299, 24, 0, 36, 14)
(254, 158, 0, 14, 233)
(256, 58, 6, 2, 239)
(243, 77, 2, 9, 185)
(124, 215, 2, 9, 198)
(141, 214, 10, 1, 249)
(299, 117, 0, 93, 147)
(255, 216, 9, 3, 196)
(152, 109, 0, 30, 93)
(93, 207, 5, 1, 177)
(19, 111, 4, 9, 100)
(243, 205, 19, 1, 173)
(57, 205, 24, 0, 198)
(52, 56, 8, 2, 163)
(244, 202, 0, 9, 158)
(108, 215, 121, 0, 183)
(286, 209, 3, 1, 158)
(148, 188, 10, 4, 100)
(172, 206, 4, 1, 238)
(293, 187, 1, 6, 161)
(244, 100, 17, 1, 232)
(177, 59, 19, 4, 145)
(234, 193, 0, 10, 54)
(164, 204, 146, 0, 161)
(71, 69, 4, 1, 106)
(0, 214, 6, 6, 167)
(269, 68, 11, 1, 210)
(299, 179, 0, 0, 190)
(299, 143, 0, 64, 233)
(137, 78, 1, 26, 144)
(245, 149, 4, 3, 149)
(222, 186, 17, 0, 140)
(199, 201, 70, 0, 21)
(203, 39, 4, 10, 132)
(279, 116, 20, 1, 218)
(168, 217, 93, 0, 255)
(230, 105, 6, 5, 177)
(164, 134, 1, 8, 229)
(255, 187, 0, 5, 24)
(259, 0, 3, 14, 149)
(243, 152, 2, 11, 207)
(247, 160, 23, 1, 143)
(231, 68, 2, 1, 236)
(272, 143, 0, 48, 166)
(53, 158, 4, 4, 205)
(239, 151, 3, 5, 242)
(50, 207, 173, 0, 91)
(297, 0, 0, 128, 36)
(96, 217, 7, 0, 58)
(65, 224, 150, 0, 237)
(257, 173, 3, 1, 154)
(192, 102, 8, 4, 162)
(143, 224, 69, 0, 190)
(247, 153, 14, 1, 227)
(81, 125, 1, 0, 11)
(279, 62, 1, 3, 140)
(21, 186, 94, 0, 98)
(9, 100, 15, 5, 137)
(144, 207, 3, 6, 191)
(299, 95, 0, 122, 12)
(261, 19, 8, 8, 193)
(212, 147, 2, 1, 186)
(242, 77, 1, 6, 220)
(270, 218, 30, 0, 20)
(173, 193, 2, 5, 100)
(8, 199, 67, 0, 228)
(210, 40, 73, 0, 235)
(299, 224, 0, 0, 40)
(23, 114, 1, 7, 150)
(293, 224, 7, 0, 175)
(166, 160, 86, 0, 154)
(40, 80, 26, 2, 213)
(141, 171, 3, 14, 61)
(299, 170, 0, 0, 127)
(68, 71, 9, 3, 167)
(135, 54, 5, 0, 200)
(153, 185, 5, 4, 214)
(99, 224, 78, 0, 52)
(67, 215, 107, 0, 53)
(122, 126, 2, 6, 130)
(292, 209, 29, 0, 23)
(278, 141, 3, 5, 211)
(263, 219, 7, 1, 139)
(299, 148, 0, 49, 161)
(225, 222, 1, 2, 173)
(109, 64, 3, 16, 212)
(241, 66, 6, 2, 221)
(274, 221, 0, 3, 79)
(285, 211, 0, 13, 10)
(299, 143, 0, 21, 176)
(233, 152, 5, 6, 149)
(122, 224, 14, 0, 134)
(143, 224, 68, 0, 231)
(198, 224, 77, 0, 195)
(276, 128, 3, 11, 213)
(299, 198, 0, 10, 187)
(296, 221, 3, 1, 95)
(146, 192, 7, 4, 233)
(298, 189, 0, 7, 190)
(41, 224, 59, 0, 242)
(246, 123, 7, 6, 165)
(299, 197, 17, 3, 150)
(159, 190, 29, 0, 228)
(273, 99, 2, 10, 187)
(119, 174, 6, 6, 79)
(192, 147, 2, 13, 180)
(147, 185, 5, 5, 98)
(253, 23, 2, 18, 207)
(0, 188, 161, 0, 145)
(277, 114, 7, 6, 202)
(282, 137, 0, 8, 185)
(90, 148, 5, 6, 103)
(67, 220, 82, 0, 60)
(231, 207, 82, 0, 220)
(144, 224, 31, 0, 37)
(161, 97, 0, 9, 75)
(299, 39, 0, 105, 88)
(148, 200, 6, 6, 103)
(290, 84, 0, 85, 207)
(0, 97, 5, 3, 148)
(259, 149, 29, 0, 117)
(11, 192, 260, 0, 0)
(265, 196, 0, 0, 162)
(267, 210, 7, 1, 152)
(297, 85, 2, 6, 214)
(254, 206, 41, 0, 161)
(95, 220, 139, 0, 249)
(239, 194, 26, 0, 230)
(208, 138, 28, 8, 245)
(234, 82, 0, 103, 49)
(274, 127, 2, 7, 163)
(114, 108, 37, 0, 0)
(195, 224, 0, 0, 157)
(42, 222, 6, 2, 180)
(170, 209, 10, 0, 33)
(219, 125, 24, 0, 159)
(41, 220, 8, 2, 205)
(256, 146, 17, 0, 137)
(195, 219, 53, 0, 15)
(77, 224, 7, 2, 208)
(278, 169, 0, 28, 124)
(299, 7, 0, 70, 145)
(150, 224, 64, 0, 160)
(55, 166, 109, 0, 101)
(20, 0, 29, 5, 192)
(44, 224, 150, 0, 142)
(91, 191, 127, 0, 184)
(30, 199, 0, 0, 0)
(271, 3, 27, 1, 164)
(220, 177, 12, 4, 245)
(124, 165, 3, 4, 165)
(222, 194, 0, 0, 75)
(257, 60, 1, 4, 193)
(68, 217, 97, 0, 111)
(39, 66, 5, 3, 129)
(187, 205, 66, 0, 100)
(0, 190, 0, 0, 14)
(282, 174, 9, 3, 230)
(263, 139, 0, 0, 52)
(217, 220, 3, 1, 165)
(283, 168, 14, 0, 54)
(237, 139, 6, 2, 159)
(57, 165, 40, 0, 124)
(239, 107, 6, 0, 24)
(103, 210, 67, 0, 49)
(294, 134, 19, 1, 224)
(102, 199, 165, 0, 141)
(299, 205, 0, 19, 116)
(56, 211, 0, 0, 176)
(277, 96, 1, 8, 227)
(241, 222, 5, 2, 133)
(181, 143, 8, 7, 214)
(26, 27, 32, 0, 246)
(299, 224, 0, 0, 127)
(3, 83, 168, 0, 68)
(251, 224, 3, 4, 220)
(51, 224, 100, 0, 255)
(182, 224, 33, 0, 60)
(293, 91, 8, 2, 164)
(150, 81, 5, 9, 92)
(291, 44, 7, 2, 178)
(42, 146, 23, 2, 243)
(256, 42, 0, 137, 63)
(263, 52, 5, 1, 142)
(153, 192, 114, 0, 221)
(165, 97, 1, 18, 178)
(209, 149, 0, 46, 255)
(62, 210, 139, 0, 237)
(156, 24, 43, 0, 176)
(290, 124, 9, 5, 220)
(51, 33, 2, 24, 152)
(217, 219, 0, 24, 149)
(38, 222, 5, 2, 197)
(30, 114, 0, 0, 181)
(163, 224, 25, 0, 17)
(92, 128, 15, 2, 161)
(288, 201, 4, 3, 195)
(50, 187, 8, 3, 197)
(212, 224, 11, 0, 76)
(280, 36, 0, 55, 0)
(286, 12, 1, 16, 212)
(268, 128, 1, 2, 221)
(262, 211, 0, 0, 94)
(94, 215, 9, 2, 234)
(288, 127, 0, 11, 168)
(97, 168, 10, 2, 120)
(195, 187, 4, 0, 139)
(280, 183, 0, 4, 164)
(95, 31, 3, 20, 103)
(72, 167, 6, 1, 253)
(226, 159, 0, 34, 153)
(236, 53, 4, 4, 173)
(299, 25, 0, 28, 196)
(117, 149, 8, 6, 185)
(74, 206, 20, 0, 95)
(112, 154, 147, 0, 33)
(162, 145, 5, 11, 90)
(234, 187, 9, 3, 214)
(299, 208, 0, 28, 30)
(299, 173, 0, 9, 249)
(299, 13, 0, 109, 138)
(157, 182, 8, 1, 102)
(299, 174, 0, 49, 252)
(137, 28, 1, 31, 146)
(66, 219, 4, 1, 193)
(57, 40, 166, 0, 237)
(299, 87, 0, 126, 255)
(120, 216, 0, 0, 207)
(130, 210, 12, 2, 232)
(239, 73, 20, 0, 145)
(140, 209, 18, 0, 35)
(16, 210, 117, 0, 241)
(57, 103, 11, 4, 85)
(262, 220, 10, 1, 140)
(278, 223, 2, 4, 218)
(274, 224, 0, 0, 143)
(299, 19, 0, 158, 0)
(291, 35, 0, 8, 168)
(44, 224, 9, 0, 36)
(111, 88, 5, 5, 175)
(110, 205, 5, 2, 209)
(73, 87, 3, 16, 124)
(230, 50, 0, 33, 158)
(249, 190, 14, 0, 35)
(241, 131, 14, 1, 245)
(283, 102, 2, 8, 160)
(299, 206, 1, 0, 82)
(299, 82, 0, 41, 203)
(275, 188, 0, 3, 166)
(89, 165, 19, 4, 116)
(0, 177, 253, 0, 148)
(142, 78, 1, 10, 123)
(263, 155, 8, 5, 189)
(140, 207, 159, 0, 91)
(151, 148, 3, 12, 189)
(233, 13, 3, 4, 157)
(270, 92, 25, 1, 173)
(228, 164, 9, 0, 184)
(108, 147, 3, 6, 62)
(177, 32, 0, 19, 35)
(299, 135, 0, 52, 89)
(239, 121, 13, 3, 118)
(134, 175, 0, 21, 107)
(0, 224, 249, 0, 157)
(197, 106, 5, 10, 131)
(245, 15, 1, 5, 159)
(299, 73, 0, 78, 147)
(216, 118, 2, 4, 94)
(299, 54, 0, 20, 210)
(255, 191, 34, 0, 93)
(83, 194, 0, 0, 24)
(299, 132, 0, 0, 106)
(251, 106, 1, 12, 167)
(60, 179, 0, 3, 195)
(232, 103, 0, 8, 158)
(41, 69, 11, 3, 178)
(260, 191, 0, 0, 245)
(75, 170, 195, 0, 17)
(183, 169, 1, 5, 247)
(282, 203, 2, 6, 163)
(283, 105, 0, 27, 106)
(200, 57, 13, 3, 179)
(289, 79, 0, 18, 88)
(282, 26, 0, 36, 106)
(36, 194, 98, 0, 95)
(243, 184, 1, 4, 240)
(184, 104, 6, 4, 187)
(241, 197, 12, 0, 190)
(56, 224, 108, 0, 140)
(163, 224, 61, 0, 0)
(74, 212, 203, 0, 161)
(272, 214, 3, 7, 156)
(268, 111, 19, 0, 198)
(167, 219, 65, 0, 0)
(219, 219, 29, 0, 109)
(267, 187, 8, 1, 193)
(297, 62, 4, 2, 216)
(176, 200, 10, 0, 118)
(0, 221, 18, 1, 191)
(7, 186, 70, 0, 215)
(177, 187, 4, 3, 221)
(203, 224, 22, 0, 45)
(131, 219, 12, 1, 194)
(296, 184, 0, 10, 175)
(136, 224, 161, 0, 50)
(151, 166, 1, 9, 220)
(299, 210, 0, 0, 60)
(196, 130, 1, 7, 157)
(287, 160, 4, 1, 171)
(26, 98, 4, 9, 98)
(105, 137, 14, 2, 68)
(156, 158, 2, 8, 151)
(268, 83, 6, 3, 153)
(276, 116, 1, 13, 177)
(247, 155, 0, 20, 151)
(25, 223, 1, 1, 138)
(264, 169, 3, 2, 159)
(165, 220, 12, 1, 201)
(294, 224, 0, 0, 9)
(219, 36, 2, 9, 163)
(190, 0, 39, 0, 118)
(285, 190, 0, 0, 109)
(224, 29, 42, 0, 33)
(211, 214, 0, 0, 161)
(293, 78, 4, 2, 158)
(275, 165, 0, 34, 152)
(185, 205, 17, 2, 230)
(107, 224, 40, 0, 196)
(223, 193, 9, 1, 200)
(273, 86, 0, 47, 85)
(242, 143, 5, 2, 137)
(72, 153, 20, 2, 123)
(229, 201, 70, 0, 188)
(254, 212, 0, 12, 3)
(145, 219, 9, 2, 212)
(256, 206, 21, 0, 33)
(12, 217, 3, 2, 229)
(8, 194, 63, 0, 230)
(224, 224, 18, 0, 43)
(193, 195, 1, 1, 242)
(42, 58, 6, 5, 135)
(246, 141, 0, 0, 128)
(259, 184, 0, 23, 0)
(45, 193, 96, 0, 159)
(292, 131, 3, 2, 195)
(241, 84, 0, 60, 89)
(178, 166, 4, 6, 212)
(106, 169, 7, 9, 189)
(24, 218, 5, 3, 155)
(274, 23, 0, 38, 127)
(137, 172, 189, 0, 135)
(181, 182, 7, 1, 248)
(184, 221, 7, 0, 141)
(269, 143, 0, 69, 0)
(275, 224, 0, 21, 7)
(299, 222, 0, 2, 0)
(131, 97, 2, 8, 87)
(146, 183, 3, 3, 85)
(236, 170, 4, 1, 221)
(291, 205, 8, 0, 170)
(195, 175, 42, 0, 223)
(17, 104, 2, 16, 69)
(169, 157, 1, 4, 133)
(266, 0, 1, 6, 174)
(299, 100, 0, 56, 177)
(135, 172, 1, 11, 212)
(242, 115, 4, 8, 151)
(204, 197, 4, 2, 178)
(221, 126, 11, 1, 102)
(245, 0, 0, 178, 226)
(296, 194, 2, 10, 169)
(266, 123, 2, 5, 233)
(244, 214, 0, 0, 121)
(299, 128, 0, 21, 175)
(179, 206, 0, 33, 170)
(299, 218, 1, 3, 120)
(289, 155, 4, 1, 214)
(98, 224, 87, 0, 132)
(258, 224, 0, 0, 200)
(112, 158, 2, 4, 129)
(107, 81, 3, 29, 235)
(217, 204, 0, 35, 186)
(212, 74, 3, 4, 192)
(244, 197, 0, 25, 0)
(6, 203, 267, 0, 255)
(299, 177, 0, 47, 85)
(261, 142, 3, 3, 248)
(261, 128, 0, 46, 137)
(271, 221, 6, 1, 164)
(241, 135, 9, 2, 236)
(74, 219, 7, 3, 157)
(212, 224, 0, 0, 145)
(215, 101, 5, 6, 175)
(270, 58, 0, 43, 56)
(228, 215, 0, 0, 55)
(240, 88, 2, 7, 231)
(65, 211, 2, 4, 200)
(184, 214, 41, 0, 144)
(258, 222, 3, 1, 125)
(75, 181, 94, 0, 48)
(147, 204, 1, 2, 64)
(277, 100, 0, 48, 185)
(286, 171, 0, 53, 236)
(299, 183, 67, 2, 168)
(118, 123, 4, 6, 176)
(208, 11, 0, 211, 199)
(67, 182, 38, 3, 82)
(243, 34, 1, 6, 145)
(200, 202, 100, 0, 255)
(66, 71, 0, 41, 38)
(253, 151, 4, 1, 124)
(74, 214, 15, 4, 190)
(299, 95, 0, 73, 10)
(87, 168, 2, 2, 160)
(173, 218, 79, 0, 52)
(152, 107, 2, 7, 151)
(25, 45, 5, 8, 198)
(298, 224, 0, 0, 4)
(268, 166, 0, 0, 0)
(252, 28, 1, 19, 157)
(298, 206, 6, 4, 180)
(224, 205, 0, 19, 29)
(95, 152, 40, 0, 97)
(299, 223, 0, 0, 87)
(289, 89, 0, 25, 0)
(36, 172, 172, 0, 191)
(220, 78, 12, 0, 239)
(21, 224, 231, 0, 129)
(299, 212, 0, 8, 181)
(293, 81, 1, 2, 216)
(280, 184, 0, 21, 90)
(293, 182, 0, 12, 128)
(212, 65, 5, 1, 200)
(117, 38, 2, 10, 185)
(280, 160, 0, 12, 78)
(299, 218, 0, 0, 205)
(116, 214, 79, 0, 137)
(279, 150, 5, 1, 89)
(170, 224, 34, 0, 159)
(261, 202, 3, 1, 188)
(26, 56, 3, 18, 100)
(260, 207, 7, 2, 145)
(89, 146, 19, 1, 222)
(0, 224, 115, 0, 135)
(219, 119, 2, 6, 199)
(299, 219, 0, 5, 78)
(246, 222, 3, 3, 121)
(117, 212, 82, 0, 249)
(225, 129, 4, 13, 239)
(238, 100, 3, 6, 200)
(290, 0, 0, 119, 103)
(54, 218, 245, 0, 66)
(28, 186, 7, 1, 116)
(258, 63, 3, 4, 171)
(277, 46, 0, 143, 35)
(194, 45, 2, 6, 182)
(135, 219, 188, 0, 165)
(299, 85, 0, 20, 78)
(222, 224, 3, 4, 126)
(177, 199, 24, 2, 158)
(179, 98, 0, 10, 255)
(277, 189, 1, 2, 159)
(289, 171, 0, 18, 255)
(279, 224, 15, 0, 201)
(129, 5, 6, 6, 116)
(152, 78, 4, 0, 44)
(278, 18, 0, 12, 113)
(72, 59, 6, 10, 226)
(162, 224, 0, 0, 38)
(299, 170, 0, 5, 169)
(47, 184, 252, 0, 112)
(293, 176, 4, 1, 203)
(43, 37, 13, 8, 184)
(266, 193, 0, 24, 201)
(299, 106, 0, 11, 0)
(127, 185, 2, 5, 159)
(299, 224, 0, 0, 0)
(299, 72, 0, 0, 71)
(116, 207, 26, 0, 69)
(265, 20, 0, 114, 182)
(245, 222, 54, 0, 162)
(176, 108, 8, 10, 180)
(160, 183, 4, 2, 87)
(266, 187, 0, 31, 135)
(187, 191, 5, 3, 145)
(109, 60, 3, 4, 106)
(262, 155, 8, 1, 168)
(296, 92, 0, 39, 185)
(253, 138, 5, 2, 212)
(135, 34, 0, 8, 166)
(299, 211, 0, 0, 102)
(277, 221, 0, 3, 149)
(147, 116, 3, 9, 71)
(165, 61, 52, 0, 5)
(270, 183, 9, 0, 52)
(251, 222, 3, 1, 181)
(257, 86, 0, 79, 159)
(275, 0, 1, 24, 178)
(162, 179, 2, 0, 184)
(6, 186, 102, 0, 183)
(299, 224, 0, 6, 251)
(166, 109, 1, 9, 200)
(299, 132, 0, 87, 170)
(272, 192, 20, 0, 101)
(236, 208, 11, 0, 189)
(275, 168, 4, 2, 187)
(295, 122, 21, 2, 195)
(256, 224, 17, 0, 45)
(170, 205, 3, 1, 95)
(37, 136, 22, 1, 194)
(197, 219, 19, 0, 42)
(258, 216, 0, 0, 220)
(29, 217, 8, 0, 255)
(181, 203, 7, 0, 79)
(230, 224, 10, 0, 70)
(77, 153, 21, 2, 165)
(261, 81, 0, 121, 54)
(200, 157, 2, 6, 165)
(104, 185, 9, 3, 213)
(49, 100, 1, 37, 194)
(70, 151, 3, 19, 128)
(269, 153, 0, 21, 0)
(281, 198, 0, 0, 252)
(205, 172, 6, 1, 196)
(81, 224, 111, 0, 205)
(298, 207, 0, 0, 184)
(215, 212, 79, 0, 192)
(169, 84, 2, 22, 125)
(249, 168, 3, 1, 206)
(28, 46, 16, 1, 139)
(245, 158, 31, 0, 103)
(39, 211, 130, 0, 30)
(127, 203, 6, 1, 146)
(0, 146, 42, 0, 111)
(290, 153, 9, 2, 207)
(297, 10, 0, 190, 30)
(296, 117, 0, 0, 176)
(109, 218, 27, 0, 222)
(285, 217, 10, 1, 131)
(297, 156, 0, 6, 248)
(81, 92, 7, 14, 67)
(189, 223, 2, 2, 195)
(290, 141, 4, 9, 185)
(226, 52, 21, 1, 183)
(84, 211, 3, 0, 77)
(299, 158, 0, 4, 236)
(260, 189, 0, 23, 17)
(284, 138, 0, 17, 132)
(212, 222, 5, 1, 159)
(162, 224, 44, 0, 156)
(296, 23, 0, 113, 45)
(287, 196, 12, 0, 0)
(19, 221, 14, 0, 253)
(285, 83, 0, 0, 38)
(299, 0, 0, 14, 72)
(265, 176, 16, 0, 215)
(211, 172, 10, 2, 235)
(34, 87, 5, 10, 104)
(256, 120, 0, 107, 111)
(189, 74, 0, 10, 208)
(180, 92, 89, 0, 210)
(172, 79, 19, 1, 126)
(251, 24, 0, 107, 219)
(87, 224, 64, 0, 90)
(269, 52, 0, 58, 100)
(206, 136, 1, 6, 108)
(205, 170, 0, 35, 255)
(30, 122, 7, 7, 197)
(208, 131, 4, 8, 245)
(239, 96, 0, 0, 129)
(263, 224, 0, 0, 215)
(247, 139, 21, 0, 50)
(100, 213, 16, 0, 30)
(115, 177, 7, 4, 100)
(46, 224, 87, 0, 27)
(285, 126, 1, 6, 204)
(277, 10, 0, 0, 55)
(167, 212, 132, 0, 76)
(289, 71, 1, 3, 224)
(161, 224, 20, 0, 240)
(1, 207, 56, 0, 229)
(240, 220, 0, 0, 145)
(82, 224, 170, 0, 149)
(0, 9, 4, 22, 190)
(226, 224, 15, 0, 114)
(189, 128, 94, 0, 154)
(17, 83, 17, 4, 121)
(195, 51, 0, 76, 150)
(147, 60, 21, 3, 170)
(289, 0, 0, 56, 44)
(284, 178, 7, 2, 180)
(270, 76, 4, 3, 222)
(218, 71, 3, 14, 205)
(277, 205, 4, 2, 183)
(199, 224, 98, 0, 215)
(123, 142, 8, 4, 123)
(251, 86, 0, 79, 224)
(267, 0, 0, 96, 141)
(103, 218, 10, 1, 214)
(250, 112, 2, 3, 156)
(289, 148, 3, 2, 127)
(202, 53, 2, 2, 213)
(255, 188, 0, 0, 165)
(154, 200, 5, 2, 210)
(141, 210, 0, 14, 164)
(128, 0, 7, 4, 168)
(265, 52, 0, 23, 111)
(69, 198, 6, 8, 217)
(146, 143, 3, 4, 137)
(109, 134, 5, 3, 57)
(122, 144, 3, 2, 225)
(150, 72, 7, 7, 163)
(154, 102, 3, 19, 111)
(193, 169, 5, 2, 209)
(299, 216, 0, 6, 255)
(171, 175, 6, 4, 170)
(245, 224, 5, 0, 208)
(209, 192, 2, 2, 131)
(298, 111, 2, 5, 224)
(286, 185, 6, 3, 175)
(258, 218, 2, 0, 45)
(199, 185, 2, 2, 183)
(250, 146, 11, 2, 190)
(259, 174, 22, 1, 233)
(210, 165, 5, 2, 181)
(62, 169, 0, 12, 117)
(299, 179, 0, 0, 102)
(250, 224, 0, 0, 137)
(299, 199, 0, 13, 22)
(285, 118, 2, 8, 156)
(287, 218, 5, 2, 115)
(275, 209, 6, 4, 145)
(110, 167, 5, 3, 233)
(249, 205, 0, 0, 202)
(299, 215, 21, 0, 236)
(50, 224, 219, 0, 255)
(236, 16, 1, 1, 236)
(299, 35, 0, 142, 255)
(28, 212, 231, 0, 36)
(203, 98, 3, 5, 240)
(269, 195, 30, 0, 255)
(34, 197, 147, 0, 175)
(158, 224, 131, 0, 85)
(296, 117, 3, 0, 59)
(299, 199, 0, 42, 145)
(288, 3, 0, 208, 166)
(252, 188, 0, 0, 48)
(285, 215, 4, 2, 133)
(259, 193, 0, 9, 217)
(238, 15, 0, 0, 80)
(202, 171, 49, 0, 112)
(34, 224, 4, 1, 210)
(164, 154, 5, 5, 173)
(251, 193, 24, 0, 98)
(194, 203, 13, 0, 205)
(174, 207, 39, 0, 26)
(229, 26, 8, 1, 173)
(265, 136, 3, 2, 115)
(7, 135, 3, 2, 201)
(249, 53, 42, 0, 39)
(42, 211, 21, 0, 106)
(33, 216, 109, 0, 61)
(15, 57, 11, 2, 127)
(299, 210, 0, 0, 136)
(26, 181, 5, 2, 206)
(0, 181, 4, 2, 212)
(299, 151, 0, 67, 66)
(67, 20, 9, 10, 220)
(295, 202, 1, 3, 187)
(74, 223, 53, 0, 221)
(214, 130, 0, 0, 255)
(294, 204, 0, 20, 170)
(219, 0, 16, 3, 231)
(299, 198, 0, 2, 66)
(101, 194, 0, 15, 60)
(153, 224, 99, 0, 226)
(235, 223, 2, 1, 165)
(239, 62, 2, 3, 218)
(0, 62, 0, 70, 199)
(266, 60, 13, 3, 200)
(294, 100, 2, 4, 217)
(74, 117, 111, 0, 208)
(244, 223, 1, 1, 162)
(123, 197, 1, 3, 167)
(16, 222, 172, 0, 49)
(138, 29, 3, 2, 154)
(133, 224, 97, 0, 72)
(69, 166, 7, 1, 175)
(290, 155, 0, 0, 0)
(228, 224, 6, 1, 137)
(231, 60, 0, 83, 61)
(271, 53, 3, 2, 163)
(299, 180, 0, 0, 47)
(233, 193, 3, 1, 179)
(219, 13, 0, 156, 10)
(16, 169, 0, 55, 151)
(248, 48, 5, 7, 225)
(172, 64, 28, 2, 112)
(230, 93, 0, 63, 130)
(265, 223, 1, 1, 179)
(254, 172, 4, 1, 229)
(299, 164, 0, 9, 10)
(247, 143, 3, 1, 116)
(299, 0, 0, 54, 117)
(280, 30, 1, 1, 141)
(284, 99, 0, 29, 199)
(251, 197, 3, 1, 186)
(244, 125, 0, 29, 18)
(299, 169, 0, 0, 0)
(263, 196, 0, 0, 18)
(0, 223, 126, 0, 101)
(201, 110, 2, 5, 147)
(200, 197, 40, 0, 99)
(178, 200, 1, 7, 209)
(72, 224, 143, 0, 15)
(67, 45, 7, 5, 214)
(298, 41, 2, 6, 216)
(154, 90, 2, 3, 107)
(180, 143, 4, 5, 255)
(299, 77, 0, 77, 85)
(203, 140, 3, 4, 235)
(223, 118, 5, 6, 109)
(296, 224, 0, 0, 12)
(94, 148, 223, 0, 237)
(299, 111, 0, 26, 86)
(299, 193, 0, 0, 238)
(200, 82, 4, 11, 111)
(289, 207, 8, 1, 230)
(298, 208, 1, 2, 164)
(244, 61, 3, 0, 241)
(152, 210, 7, 3, 253)
(140, 215, 10, 0, 231)
(299, 95, 0, 51, 188)
(299, 186, 0, 0, 141)
(82, 168, 0, 24, 252)
(299, 217, 0, 7, 72)
(257, 97, 7, 0, 147)
(115, 169, 5, 6, 240)
(57, 156, 135, 0, 32)
(226, 13, 0, 0, 86)
(113, 178, 5, 2, 148)
(42, 207, 7, 3, 199)
(299, 40, 0, 1, 63)
(299, 212, 0, 0, 148)
(154, 173, 1, 16, 226)
(221, 41, 0, 39, 200)
(43, 224, 1, 1, 165)
(175, 186, 2, 3, 81)
(299, 74, 0, 31, 149)
(289, 97, 3, 2, 223)
(156, 49, 27, 0, 36)
(89, 136, 4, 4, 106)
(274, 71, 0, 73, 175)
(299, 198, 0, 5, 106)
(295, 223, 2, 1, 106)
(270, 176, 0, 36, 147)
(254, 219, 3, 1, 175)
(236, 156, 6, 2, 221)
(52, 223, 1, 6, 171)
(299, 32, 28, 3, 144)
(247, 172, 0, 12, 153)
(75, 168, 11, 2, 230)
(286, 125, 6, 0, 220)
(193, 204, 3, 3, 212)
(172, 145, 7, 2, 157)
(299, 51, 0, 61, 112)
(113, 151, 1, 5, 44)
(218, 182, 11, 3, 228)
(222, 202, 58, 0, 142)
(294, 224, 5, 0, 102)
(299, 83, 16, 7, 221)
(198, 215, 51, 0, 4)
(260, 224, 39, 0, 255)
(299, 94, 0, 55, 0)
(290, 45, 2, 4, 230)
(219, 136, 1, 1, 185)
(299, 109, 0, 47, 22)
(264, 165, 0, 0, 182)
(162, 146, 1, 7, 180)
(281, 186, 8, 0, 191)
(251, 80, 2, 17, 187)
(299, 17, 0, 177, 207)
(76, 86, 2, 7, 175)
(208, 223, 4, 1, 198)
(140, 212, 0, 0, 164)
(52, 60, 2, 3, 218)
(299, 44, 0, 21, 76)
(287, 48, 0, 152, 128)
(139, 224, 14, 0, 125)
(172, 173, 30, 0, 215)
(278, 52, 0, 113, 141)
(210, 118, 3, 7, 180)
(34, 141, 4, 3, 202)
(117, 137, 0, 0, 148)
(8, 167, 11, 10, 54)
(227, 216, 0, 0, 90)
(263, 96, 5, 9, 180)
(299, 127, 0, 67, 100)
(134, 197, 4, 1, 105)
(271, 181, 11, 0, 183)
(279, 91, 2, 2, 208)
(171, 224, 0, 0, 174)
(263, 114, 36, 0, 195)
(167, 210, 94, 0, 168)
(97, 164, 2, 2, 181)
(232, 201, 0, 11, 60)
(251, 161, 0, 28, 239)
(179, 168, 0, 8, 163)
(140, 211, 71, 0, 14)
(278, 224, 0, 0, 161)
(255, 198, 21, 1, 196)
(264, 165, 9, 4, 225)
(285, 139, 0, 80, 95)
(75, 224, 103, 0, 178)
(179, 224, 34, 0, 79)
(285, 186, 0, 38, 0)
(107, 202, 87, 0, 117)
(252, 109, 11, 1, 200)
(97, 86, 6, 1, 217)
(293, 142, 0, 51, 239)
(0, 224, 37, 0, 76)
(27, 149, 5, 5, 149)
(230, 123, 3, 6, 99)
(192, 95, 33, 1, 146)
(299, 213, 0, 0, 64)
(210, 224, 62, 0, 69)
(19, 132, 12, 9, 215)
(299, 224, 0, 0, 28)
(135, 224, 126, 0, 180)
(63, 45, 8, 4, 228)
(271, 176, 0, 24, 60)
(140, 22, 9, 0, 18)
(240, 114, 0, 44, 166)
(246, 208, 22, 0, 229)
(282, 1, 2, 3, 194)
(41, 224, 252, 0, 101)
(208, 81, 35, 0, 255)
(193, 78, 0, 90, 250)
(224, 213, 47, 0, 108)
(132, 191, 1, 7, 125)
(23, 199, 70, 0, 136)
(191, 217, 4, 1, 183)
(112, 0, 4, 6, 227)
(279, 16, 0, 66, 84)
(218, 175, 9, 2, 245)
(276, 75, 2, 11, 196)
(299, 224, 0, 0, 163)
(281, 201, 0, 0, 242)
(241, 170, 21, 1, 228)
(40, 191, 9, 3, 222)
(163, 187, 4, 2, 160)
(260, 191, 4, 0, 1)
(294, 149, 2, 2, 211)
(283, 106, 0, 63, 201)
(258, 178, 0, 16, 85)
(95, 224, 0, 0, 0)
(22, 224, 187, 0, 220)
(174, 191, 115, 0, 191)
(0, 220, 11, 1, 211)
(214, 70, 1, 6, 221)
(260, 112, 12, 4, 213)
(107, 185, 2, 7, 193)
(299, 193, 0, 31, 7)
(234, 190, 0, 0, 178)
(205, 218, 75, 0, 44)
(155, 200, 4, 5, 222)
(207, 60, 2, 5, 227)
(289, 28, 1, 3, 152)
(286, 153, 0, 47, 115)
(151, 192, 12, 1, 101)
(225, 135, 9, 6, 227)
(205, 102, 8, 2, 117)
(226, 224, 53, 0, 129)
(299, 217, 0, 0, 0)
(295, 224, 4, 0, 121)
(242, 198, 17, 0, 188)
(207, 54, 0, 20, 43)
(208, 204, 0, 0, 28)
(105, 193, 109, 0, 216)
(299, 14, 0, 148, 78)
(136, 24, 2, 0, 223)
(281, 215, 0, 0, 245)
(87, 224, 41, 0, 47)
(275, 31, 0, 59, 90)
(278, 74, 3, 1, 123)
(211, 12, 0, 41, 36)
(220, 127, 3, 2, 239)
(280, 189, 0, 14, 104)
(223, 20, 0, 87, 115)
(150, 211, 118, 0, 42)
(271, 31, 4, 4, 226)
(160, 193, 27, 0, 216)
(144, 43, 2, 22, 205)
(260, 224, 0, 0, 200)
(299, 186, 0, 14, 134)
(255, 214, 3, 3, 223)
(219, 200, 4, 4, 214)
(139, 168, 1, 7, 150)
(195, 152, 3, 5, 86)
(162, 205, 116, 0, 245)
(37, 127, 2, 12, 206)
(151, 218, 5, 2, 198)
(299, 90, 0, 134, 98)
(264, 196, 0, 4, 102)
(279, 199, 0, 25, 28)
(114, 199, 12, 0, 174)
(192, 206, 0, 2, 108)
(165, 224, 161, 0, 183)
(112, 224, 42, 0, 105)
(53, 8, 25, 8, 203)
(113, 98, 88, 0, 186)
(227, 97, 2, 3, 114)
(72, 224, 227, 0, 188)
(31, 207, 216, 0, 230)
(99, 206, 4, 1, 170)
(94, 43, 4, 7, 77)
(198, 84, 67, 0, 233)
(147, 224, 82, 0, 95)
(169, 217, 6, 2, 230)
(286, 206, 13, 0, 159)
(21, 129, 0, 45, 119)
(23, 212, 27, 0, 211)
(56, 141, 0, 0, 160)
(284, 55, 4, 2, 228)
(35, 202, 157, 0, 143)
(277, 194, 0, 0, 164)
(286, 72, 0, 4, 99)
(222, 216, 0, 0, 75)
(273, 180, 3, 3, 180)
(248, 68, 3, 2, 195)
(299, 181, 0, 9, 139)
(256, 206, 0, 0, 236)
(171, 121, 4, 13, 172)
(191, 106, 0, 35, 16)
(231, 204, 61, 0, 0)
(37, 76, 5, 2, 138)
(211, 61, 6, 3, 218)
(299, 120, 0, 85, 186)
(264, 0, 0, 24, 255)
(269, 205, 0, 0, 183)
(299, 224, 0, 8, 216)
(248, 21, 2, 1, 241)
(288, 209, 4, 0, 82)
(249, 216, 20, 0, 182)
(290, 116, 1, 3, 176)
(259, 116, 2, 7, 162)
(69, 224, 21, 0, 239)
(247, 201, 0, 0, 237)
(288, 27, 7, 1, 169)
(197, 224, 67, 0, 157)
(299, 188, 0, 0, 66)
(224, 181, 0, 18, 78)
(299, 224, 0, 0, 169)
(299, 149, 0, 28, 101)
(299, 16, 0, 126, 196)
(0, 169, 12, 4, 54)
(299, 56, 0, 137, 17)
(50, 127, 0, 43, 139)
(170, 151, 0, 0, 145)
(106, 192, 2, 3, 213)
(282, 150, 0, 67, 17)
(261, 209, 2, 1, 155)
(244, 223, 0, 3, 168)
(299, 194, 0, 28, 201)
(160, 175, 26, 0, 203)
(157, 203, 6, 2, 232)
(224, 109, 4, 5, 154)
(133, 205, 4, 3, 158)
(91, 71, 76, 0, 66)
(280, 31, 0, 193, 148)
(166, 214, 67, 0, 249)
(299, 179, 0, 14, 154)
(148, 147, 2, 2, 138)
(292, 168, 0, 6, 46)
(276, 99, 0, 0, 71)
(234, 223, 1, 1, 67)
(266, 196, 3, 2, 169)
(46, 49, 6, 3, 194)
(299, 140, 0, 23, 218)
(263, 147, 0, 63, 0)
(211, 224, 35, 0, 72)
(132, 216, 79, 0, 63)
(246, 150, 0, 22, 73)
(124, 20, 2, 21, 181)
(239, 29, 1, 6, 191)
(287, 138, 0, 35, 202)
(136, 203, 5, 3, 227)
(299, 42, 0, 73, 56)
(72, 120, 6, 7, 197)
(7, 219, 61, 0, 120)
(110, 224, 7, 4, 203)
(31, 63, 0, 26, 126)
(249, 213, 0, 0, 174)
(296, 79, 3, 3, 173)
(299, 160, 0, 13, 201)
(299, 130, 0, 11, 182)
(186, 224, 113, 0, 172)
(288, 205, 6, 2, 182)
(187, 180, 29, 0, 59)
(241, 112, 3, 4, 209)
(234, 224, 19, 0, 68)
(218, 122, 1, 4, 234)
(133, 224, 67, 0, 255)
(55, 224, 0, 0, 177)
(250, 209, 35, 0, 154)
(299, 76, 0, 68, 152)
(27, 208, 100, 0, 72)
(291, 218, 0, 6, 142)
(130, 87, 4, 5, 180)
(299, 105, 0, 140, 247)
(0, 224, 130, 0, 158)
(190, 16, 42, 6, 228)
(299, 223, 0, 1, 234)
(270, 150, 5, 2, 177)
(299, 208, 7, 0, 186)
(63, 202, 6, 5, 231)
(286, 97, 1, 6, 169)
(192, 214, 126, 0, 153)
(123, 158, 17, 0, 152)
(219, 224, 23, 0, 152)
(297, 218, 2, 1, 115)
(254, 111, 14, 0, 148)
(226, 118, 6, 3, 148)
(0, 154, 280, 0, 63)
(299, 172, 0, 14, 239)
(276, 125, 4, 3, 123)
(299, 25, 0, 64, 163)
(219, 86, 4, 1, 200)
(290, 77, 8, 0, 106)
(153, 221, 78, 0, 70)
(130, 224, 54, 0, 100)
(135, 167, 2, 2, 199)
(219, 207, 0, 11, 210)
(173, 124, 6, 3, 179)
(299, 77, 0, 165, 95)
(103, 32, 0, 16, 239)
(163, 198, 0, 20, 203)
(253, 105, 10, 3, 217)
(173, 224, 54, 0, 246)
(271, 154, 0, 70, 135)
(11, 205, 173, 0, 54)
(205, 193, 14, 0, 49)
(146, 204, 48, 0, 144)
(231, 154, 4, 1, 227)
(299, 127, 0, 63, 136)
(299, 154, 0, 34, 185)
(0, 98, 16, 0, 255)
(299, 198, 0, 0, 1)
(299, 212, 7, 0, 194)
(178, 219, 9, 3, 204)
(280, 69, 0, 6, 169)
(299, 204, 0, 7, 127)
(253, 0, 0, 26, 127)
(192, 200, 3, 2, 132)
(299, 215, 0, 0, 114)
(67, 224, 35, 0, 101)
(153, 158, 1, 5, 99)
(289, 184, 0, 0, 31)
(215, 215, 11, 0, 182)
(225, 210, 7, 5, 195)
(299, 224, 0, 0, 121)
(280, 177, 15, 0, 52)
(64, 142, 182, 0, 0)
(299, 19, 0, 182, 19)
(269, 204, 5, 1, 187)
(40, 157, 16, 1, 184)
(131, 208, 120, 0, 249)
(232, 159, 6, 1, 246)
(299, 183, 0, 7, 241)
(299, 105, 0, 40, 157)
(245, 224, 26, 0, 182)
(241, 214, 0, 0, 81)
(294, 63, 0, 131, 17)
(299, 15, 0, 63, 91)
(129, 29, 1, 31, 148)
(223, 76, 10, 1, 197)
(209, 184, 0, 0, 0)
(243, 68, 0, 47, 202)
(64, 134, 2, 2, 250)
(80, 132, 138, 0, 131)
(195, 195, 4, 2, 197)
(299, 45, 0, 29, 190)
(276, 123, 4, 1, 243)
(61, 203, 169, 0, 162)
(299, 224, 0, 20, 133)
(103, 34, 7, 4, 123)
(262, 201, 10, 1, 194)
(106, 218, 109, 0, 5)
(284, 181, 0, 37, 187)
(1, 199, 120, 0, 145)
(252, 146, 0, 3, 152)
(299, 174, 0, 38, 98)
(165, 224, 43, 0, 212)
(201, 193, 9, 1, 221)
(69, 102, 6, 0, 32)
(0, 119, 218, 0, 36)
(299, 89, 0, 21, 86)
(225, 90, 5, 0, 76)
(70, 93, 3, 15, 54)
(251, 38, 3, 4, 215)
(299, 78, 0, 24, 168)
(15, 217, 172, 0, 198)
(266, 109, 2, 2, 169)
(229, 42, 0, 11, 218)
(211, 111, 0, 4, 178)
(292, 202, 8, 1, 167)
(69, 127, 4, 4, 167)
(228, 157, 11, 0, 133)
(18, 25, 11, 6, 164)
(277, 224, 22, 0, 173)
(292, 224, 0, 0, 186)
(88, 202, 10, 1, 184)
(273, 197, 3, 3, 196)
(277, 120, 0, 6, 255)
(182, 160, 1, 3, 21)
(272, 124, 0, 0, 70)
(299, 137, 0, 53, 189)
(258, 199, 13, 0, 113)
(299, 131, 0, 0, 232)
(264, 65, 2, 2, 173)
(235, 171, 5, 1, 188)
(208, 181, 37, 0, 134)
(24, 97, 10, 1, 180)
(120, 178, 2, 8, 70)
(264, 61, 0, 54, 55)
(299, 204, 3, 1, 169)
(261, 221, 2, 1, 168)
(279, 99, 0, 108, 0)
(239, 159, 1, 6, 132)
(47, 115, 7, 3, 132)
(299, 59, 0, 56, 103)
(86, 170, 0, 11, 90)
(148, 224, 130, 0, 127)
(23, 222, 140, 0, 79)
(242, 111, 14, 0, 230)
(87, 147, 5, 1, 129)
(245, 186, 0, 0, 237)
(272, 97, 2, 6, 214)
(258, 167, 13, 1, 229)
(231, 183, 10, 0, 40)
(201, 111, 8, 2, 165)
(83, 177, 21, 1, 183)
(72, 101, 0, 81, 213)
(108, 208, 37, 0, 214)
(59, 171, 1, 10, 134)
(288, 8, 0, 178, 178)
(0, 212, 0, 0, 131)
(190, 76, 2, 2, 118)
(284, 11, 5, 0, 208)
(32, 224, 0, 0, 105)
(262, 83, 0, 76, 186)
(138, 207, 76, 0, 241)
(299, 224, 0, 0, 42)
(227, 56, 0, 1, 62)
(33, 178, 0, 0, 124)
(219, 202, 31, 0, 151)
(51, 182, 27, 0, 255)
(125, 209, 4, 3, 153)
(157, 224, 6, 1, 225)
(299, 224, 0, 0, 128)
(240, 154, 0, 0, 128)
(299, 115, 0, 17, 95)
(259, 197, 6, 1, 174)
(35, 153, 4, 8, 100)
(20, 224, 21, 0, 238)
(223, 83, 1, 2, 81)
(0, 224, 250, 0, 74)
(133, 100, 43, 0, 186)
(124, 224, 30, 0, 49)
(252, 147, 8, 0, 212)
(288, 157, 13, 1, 134)
(147, 192, 5, 3, 221)
(284, 53, 3, 1, 146)
(299, 31, 0, 6, 46)
(299, 85, 0, 134, 93)
(267, 224, 10, 0, 56)
(264, 101, 0, 3, 255)
(288, 203, 7, 1, 196)
(278, 155, 3, 2, 209)
(174, 148, 2, 2, 92)
(74, 214, 19, 0, 255)
(299, 86, 0, 0, 240)
(196, 223, 47, 0, 0)
(286, 117, 4, 3, 184)
(209, 216, 1, 0, 0)
(295, 117, 3, 2, 168)
(296, 67, 0, 0, 103)
(225, 134, 0, 3, 190)
(228, 89, 1, 8, 189)
(241, 214, 11, 2, 171)
(272, 223, 3, 1, 151)
(131, 204, 3, 1, 125)
(127, 200, 160, 0, 158)
(293, 17, 0, 20, 20)
(131, 223, 8, 11, 187)
(299, 224, 0, 0, 222)
(270, 33, 0, 87, 85)
(174, 202, 7, 1, 216)
(122, 147, 164, 0, 85)
(150, 161, 1, 15, 170)
(298, 157, 17, 3, 127)
(299, 196, 0, 0, 143)
(178, 207, 121, 0, 68)
(299, 12, 0, 159, 195)
(276, 75, 0, 108, 168)
(111, 125, 3, 4, 219)
(299, 204, 0, 3, 108)
(156, 180, 26, 0, 16)
(262, 141, 10, 0, 216)
(120, 204, 125, 0, 51)
(164, 194, 0, 0, 199)
(299, 28, 0, 89, 2)
(249, 147, 7, 1, 147)
(265, 180, 0, 9, 99)
(120, 224, 98, 0, 35)
(252, 135, 2, 3, 132)
(180, 193, 6, 2, 109)
(290, 195, 9, 0, 38)
(196, 210, 10, 0, 40)
(283, 144, 1, 11, 224)
(181, 187, 1, 5, 221)
(34, 42, 1, 7, 201)
(12, 24, 150, 0, 252)
(127, 174, 42, 0, 135)
(19, 224, 37, 0, 75)
(252, 165, 0, 24, 114)
(167, 175, 3, 14, 128)
(78, 113, 3, 12, 134)
(284, 145, 2, 7, 204)
(210, 91, 3, 9, 175)
(282, 39, 0, 94, 167)
(113, 186, 3, 18, 72)
(204, 164, 0, 35, 231)
(299, 47, 0, 58, 96)
(273, 154, 2, 2, 169)
(181, 190, 39, 0, 58)
(281, 7, 0, 0, 35)
(72, 224, 49, 0, 135)
(266, 124, 0, 41, 109)
(110, 221, 28, 0, 226)
(274, 1, 1, 5, 198)
(285, 224, 0, 0, 152)
(159, 148, 2, 9, 180)
(151, 224, 41, 0, 157)
(4, 35, 6, 4, 107)
(193, 134, 3, 6, 252)
(285, 55, 0, 38, 189)
(254, 216, 32, 0, 35)
(184, 35, 1, 10, 188)
(170, 224, 10, 0, 128)
(121, 224, 13, 0, 107)
(222, 176, 0, 5, 160)
(299, 224, 1, 8, 88)
(111, 25, 2, 4, 209)
(269, 163, 5, 3, 231)
(110, 192, 16, 0, 149)
(255, 223, 5, 1, 106)
(299, 161, 0, 10, 0)
(94, 0, 0, 0, 54)
(1, 138, 6, 1, 44)
(234, 219, 1, 3, 158)
(273, 85, 0, 15, 133)
(238, 0, 0, 89, 198)
(260, 71, 11, 2, 216)
(38, 214, 11, 2, 214)
(261, 43, 0, 52, 4)
(149, 206, 1, 4, 175)
(297, 47, 1, 2, 237)
(264, 35, 0, 186, 44)
(282, 74, 1, 4, 226)
(64, 106, 28, 0, 90)
(296, 203, 1, 3, 156)
(299, 113, 0, 111, 157)
(299, 207, 0, 0, 243)
(246, 198, 13, 1, 227)
(209, 195, 0, 1, 172)
(278, 174, 0, 0, 60)
(293, 155, 0, 32, 232)
(283, 182, 0, 34, 248)
(240, 215, 11, 0, 78)
(298, 215, 0, 7, 241)
(89, 26, 1, 7, 172)
(281, 125, 1, 7, 171)
(13, 224, 0, 0, 247)
(295, 27, 0, 178, 128)
(236, 191, 12, 2, 178)
(258, 77, 2, 2, 129)
(128, 198, 8, 2, 222)
(153, 222, 37, 0, 7)
(38, 205, 76, 0, 147)
(119, 219, 5, 5, 200)
(298, 43, 1, 1, 193)
(278, 86, 0, 28, 54)
(299, 73, 0, 37, 255)
(274, 96, 0, 117, 72)
(296, 98, 3, 3, 222)
(230, 154, 0, 63, 125)
(294, 2, 0, 67, 72)
(47, 168, 1, 7, 62)
(102, 209, 13, 6, 229)
(211, 171, 2, 0, 87)
(235, 145, 3, 4, 228)
(264, 76, 0, 146, 51)
(157, 220, 124, 0, 255)
(149, 197, 2, 3, 116)
(299, 194, 0, 0, 42)
(180, 204, 0, 20, 246)
(294, 219, 3, 2, 105)
(18, 224, 0, 0, 94)
(257, 190, 0, 0, 151)
(119, 222, 170, 0, 235)
(262, 145, 0, 22, 0)
(47, 213, 90, 0, 199)
(258, 100, 0, 73, 4)
(15, 224, 163, 0, 241)
(46, 219, 90, 0, 94)
(79, 188, 83, 0, 195)
(299, 48, 0, 15, 225)
(278, 18, 6, 1, 218)
(255, 224, 19, 0, 232)
(152, 30, 1, 35, 205)
(56, 203, 229, 0, 166)
(115, 73, 0, 32, 43)
(82, 11, 224, 0, 209)
(31, 141, 38, 2, 224)
(289, 203, 0, 11, 67)
(60, 211, 126, 0, 227)
(255, 212, 21, 0, 0)
(299, 140, 77, 1, 149)
(52, 0, 206, 0, 195)
(247, 32, 52, 0, 8)
(294, 119, 5, 2, 190)
(251, 215, 1, 0, 174)
(269, 34, 2, 3, 246)
(131, 224, 62, 0, 236)
(299, 128, 0, 29, 246)
(138, 210, 3, 4, 221)
(272, 55, 0, 43, 58)
(169, 224, 16, 0, 170)
(285, 195, 0, 0, 98)
(14, 224, 0, 0, 228)
(211, 61, 2, 3, 155)
(194, 114, 3, 3, 148)
(299, 37, 0, 144, 227)
(99, 224, 115, 0, 0)
(56, 215, 238, 0, 192)
(176, 30, 11, 10, 195)
(299, 224, 0, 7, 155)
(29, 202, 26, 4, 209)
(138, 224, 113, 0, 188)
(268, 216, 0, 8, 80)
(299, 221, 0, 0, 74)
(25, 75, 6, 2, 200)
(299, 223, 0, 1, 23)
(29, 205, 196, 0, 77)
(274, 212, 0, 0, 1)
(294, 151, 0, 16, 122)
(38, 211, 196, 0, 107)
(257, 185, 11, 1, 189)
(116, 224, 182, 0, 73)
(287, 46, 2, 1, 159)
(287, 224, 9, 0, 0)
(181, 25, 4, 12, 194)
(299, 168, 0, 13, 85)
(34, 224, 135, 0, 255)
(124, 213, 79, 0, 113)
(286, 202, 0, 0, 46)
(238, 149, 2, 3, 109)
(14, 210, 69, 0, 126)
(261, 64, 2, 5, 245)
(299, 12, 0, 0, 133)
(20, 222, 3, 2, 217)
(280, 209, 0, 15, 58)
(293, 199, 6, 0, 18)
(275, 196, 0, 15, 95)
(299, 201, 0, 12, 176)
(152, 154, 1, 5, 96)
(299, 152, 0, 72, 18)
(119, 145, 8, 9, 197)
(292, 116, 1, 10, 214)
(295, 145, 3, 1, 131)
(196, 184, 0, 35, 31)
(299, 208, 0, 0, 232)
(234, 58, 2, 13, 159)
(267, 87, 0, 0, 144)
(21, 177, 19, 3, 80)
(146, 29, 97, 0, 51)
(34, 15, 21, 5, 213)
(253, 200, 19, 1, 214)
(295, 9, 0, 52, 181)
(250, 190, 21, 0, 89)
(187, 224, 117, 0, 238)
(285, 98, 1, 5, 177)
(273, 167, 4, 1, 187)
(86, 221, 10, 0, 18)
(247, 180, 0, 15, 218)
(24, 189, 6, 2, 157)
(255, 224, 0, 0, 195)
(165, 184, 7, 1, 132)
(0, 181, 19, 1, 167)
(175, 62, 8, 5, 131)
(98, 28, 2, 12, 206)
(8, 91, 4, 2, 181)
(234, 44, 3, 7, 215)
(299, 130, 0, 110, 226)
(281, 143, 0, 15, 67)
(289, 208, 3, 2, 252)
(271, 202, 14, 1, 162)
(279, 196, 6, 0, 79)
(225, 78, 2, 11, 209)
(45, 116, 0, 0, 87)
(180, 165, 4, 1, 140)
(58, 215, 185, 0, 115)
(65, 224, 23, 0, 95)
(259, 52, 5, 5, 219)
(271, 150, 0, 23, 40)
(126, 224, 39, 0, 60)
(299, 137, 0, 48, 148)
(122, 221, 3, 3, 188)
(251, 216, 1, 3, 187)
(291, 197, 2, 1, 186)
(0, 136, 2, 1, 38)
(299, 203, 0, 11, 119)
(223, 189, 57, 0, 251)
(288, 136, 34, 0, 153)
(161, 37, 0, 21, 111)
(270, 0, 1, 2, 127)
(108, 115, 37, 2, 204)
(299, 36, 0, 198, 232)
(201, 185, 2, 5, 194)
(207, 2, 0, 45, 232)
(270, 161, 9, 1, 182)
(292, 140, 7, 2, 208)
(98, 223, 22, 0, 42)
(44, 216, 38, 0, 172)
(81, 224, 65, 0, 216)
(276, 71, 0, 76, 27)
(299, 33, 0, 0, 218)
(274, 88, 0, 125, 208)
(80, 87, 2, 11, 89)
(0, 217, 2, 4, 164)
(286, 139, 0, 4, 202)
(247, 167, 37, 0, 146)
(250, 224, 49, 0, 58)
(299, 192, 24, 0, 8)
(191, 202, 0, 0, 134)
(236, 184, 38, 0, 194)
(299, 205, 0, 0, 214)
(187, 173, 77, 0, 233)
(254, 58, 0, 115, 0)
(127, 223, 40, 0, 171)
(297, 203, 0, 17, 208)
(158, 149, 1, 7, 79)
(293, 212, 1, 0, 183)
(100, 203, 128, 0, 39)
(287, 141, 1, 6, 129)
(267, 213, 0, 11, 104)
(251, 207, 59, 0, 204)
(298, 135, 1, 3, 184)
(115, 204, 34, 0, 6)
(266, 137, 0, 0, 254)
(269, 151, 0, 20, 135)
(98, 205, 132, 0, 124)
(53, 216, 29, 0, 53)
(293, 94, 0, 111, 49)
(168, 213, 109, 0, 139)
(231, 224, 32, 0, 161)
(107, 224, 128, 0, 179)
(46, 97, 8, 3, 159)
(295, 110, 0, 79, 79)
(215, 151, 10, 1, 195)
(18, 159, 0, 0, 165)
(232, 221, 1, 3, 103)
(179, 213, 27, 1, 216)
(299, 133, 0, 70, 242)
(0, 221, 3, 2, 208)
(276, 5, 0, 33, 73)
(245, 117, 0, 81, 133)
(224, 224, 69, 0, 0)
(32, 89, 52, 0, 80)
(299, 211, 0, 13, 77)
(249, 0, 0, 105, 150)
(280, 82, 0, 136, 134)
(299, 73, 0, 57, 138)
(274, 224, 0, 0, 85)
(37, 224, 172, 0, 28)
(282, 171, 8, 4, 223)
(69, 224, 152, 0, 159)
(247, 48, 2, 5, 152)
(171, 194, 1, 5, 255)
(161, 156, 1, 8, 55)
(0, 0, 0, 10, 250)
(152, 207, 4, 3, 244)
(214, 171, 0, 0, 133)
(154, 204, 3, 3, 198)
(294, 152, 3, 1, 182)
(15, 51, 4, 8, 127)
(295, 111, 0, 0, 211)
(92, 109, 5, 4, 185)
(200, 178, 0, 0, 103)
(168, 36, 22, 1, 177)
(74, 224, 137, 0, 46)
(111, 113, 188, 0, 54)
(267, 39, 0, 0, 115)
(153, 209, 146, 0, 65)
(158, 124, 2, 10, 101)
(299, 196, 0, 0, 251)
(299, 0, 0, 88, 161)
(275, 102, 24, 0, 68)
(68, 174, 9, 1, 217)
(277, 0, 0, 174, 222)
(299, 47, 0, 9, 220)
(264, 214, 7, 2, 157)
(260, 163, 0, 46, 240)
(236, 224, 51, 0, 17)
(108, 219, 26, 0, 238)
(220, 209, 38, 0, 22)
(96, 98, 4, 6, 100)
(299, 204, 0, 9, 0)
(299, 15, 0, 73, 139)
(112, 36, 10, 3, 153)
(246, 150, 0, 50, 82)
(173, 176, 3, 5, 209)
(31, 101, 7, 9, 194)
(181, 101, 12, 5, 162)
(68, 224, 71, 0, 138)
(123, 81, 1, 3, 79)
(33, 78, 2, 4, 66)
(299, 118, 0, 56, 165)
(236, 12, 4, 3, 183)
(259, 0, 1, 3, 189)
(273, 72, 18, 0, 58)
(250, 174, 0, 19, 172)
(205, 224, 0, 0, 199)
(108, 172, 56, 0, 221)
(118, 224, 51, 0, 65)
(95, 213, 11, 2, 238)
(288, 70, 1, 29, 159)
(113, 19, 2, 5, 113)
(198, 99, 2, 7, 209)
(161, 90, 0, 46, 10)
(287, 224, 12, 0, 45)
(275, 223, 3, 1, 178)
(292, 224, 0, 0, 92)
(31, 224, 247, 0, 105)
(224, 181, 6, 2, 216)
(231, 221, 0, 0, 194)
(265, 76, 1, 12, 189)
(90, 224, 0, 0, 23)
(22, 211, 99, 0, 128)
(156, 215, 111, 0, 21)
(97, 207, 8, 4, 213)
(283, 194, 14, 0, 255)
(218, 205, 4, 0, 26)
(0, 71, 9, 7, 62)
(165, 187, 1, 1, 151)
(8, 192, 208, 0, 42)
(78, 137, 1, 8, 152)
(92, 174, 25, 1, 206)
(88, 185, 45, 0, 186)
(75, 68, 16, 1, 178)
(267, 0, 2, 8, 196)
(299, 101, 0, 52, 71)
(275, 96, 4, 4, 226)
(285, 224, 0, 0, 40)
(263, 151, 2, 4, 178)
(299, 187, 0, 10, 67)
(20, 224, 80, 0, 129)
(221, 182, 26, 1, 215)
(299, 72, 0, 123, 0)
(128, 197, 0, 0, 189)
(258, 186, 24, 0, 116)
(196, 224, 32, 0, 130)
(250, 224, 49, 0, 120)
(299, 149, 0, 23, 45)
(95, 196, 3, 1, 80)
(210, 86, 0, 138, 179)
(299, 190, 0, 0, 0)
(270, 213, 0, 0, 250)
(10, 195, 54, 2, 210)
(299, 223, 0, 0, 12)
(239, 139, 3, 3, 133)
(299, 176, 0, 33, 188)
(215, 192, 84, 0, 7)
(299, 192, 0, 12, 94)
(279, 65, 0, 71, 209)
(278, 127, 3, 1, 223)
(299, 176, 0, 19, 129)
(174, 191, 108, 0, 0)
(209, 98, 21, 4, 130)
(299, 193, 0, 14, 176)
(264, 177, 0, 17, 156)
(276, 83, 0, 35, 100)
(243, 67, 0, 157, 2)
(299, 142, 0, 14, 104)
(100, 193, 2, 2, 159)
(109, 224, 48, 0, 183)
(257, 147, 17, 0, 162)
(284, 177, 6, 1, 210)
(280, 7, 0, 20, 17)
(120, 192, 37, 0, 36)
(27, 164, 110, 0, 195)
(273, 146, 0, 14, 141)
(297, 61, 2, 2, 211)
(51, 108, 8, 7, 214)
(294, 224, 0, 0, 220)
(223, 197, 48, 0, 171)
(261, 161, 3, 1, 184)
(215, 212, 0, 0, 230)
(243, 217, 12, 0, 140)
(299, 57, 0, 37, 173)
(299, 0, 0, 44, 136)
(95, 164, 38, 0, 183)
(205, 173, 8, 0, 33)
(293, 197, 0, 0, 204)
(10, 216, 26, 0, 252)
(128, 224, 100, 0, 103)
(67, 117, 14, 3, 155)
(16, 224, 46, 0, 140)
(289, 47, 5, 0, 223)
(299, 218, 0, 2, 152)
(297, 223, 1, 1, 99)
(67, 149, 74, 0, 1)
(142, 167, 3, 11, 86)
(122, 189, 126, 0, 53)
(240, 222, 3, 1, 99)
(299, 127, 0, 47, 159)
(299, 137, 0, 0, 51)
(68, 134, 1, 2, 95)
(247, 43, 3, 6, 224)
(211, 186, 88, 0, 20)
(248, 2, 2, 7, 146)
(264, 189, 0, 4, 145)
(202, 224, 15, 0, 17)
(299, 114, 0, 37, 255)
(297, 142, 0, 15, 199)
(139, 106, 0, 113, 255)
(299, 155, 0, 69, 195)
(285, 224, 0, 0, 30)
(258, 128, 0, 14, 43)
(279, 148, 0, 64, 87)
(296, 86, 0, 54, 223)
(127, 177, 2, 7, 241)
(87, 205, 7, 0, 184)
(158, 224, 114, 0, 81)
(299, 21, 0, 0, 11)
(173, 223, 5, 1, 187)
(180, 224, 0, 0, 43)
(171, 220, 4, 4, 190)
(90, 224, 152, 0, 188)
(48, 143, 12, 9, 240)
(299, 181, 0, 32, 134)
(135, 153, 3, 11, 241)
(296, 192, 0, 4, 23)
(3, 224, 95, 0, 112)
(296, 14, 12, 2, 142)
(5, 172, 0, 0, 17)
(0, 185, 19, 0, 127)
(19, 179, 5, 8, 86)
(243, 209, 0, 0, 83)
(148, 161, 78, 0, 155)
(198, 60, 0, 40, 22)
(111, 192, 59, 0, 118)
(295, 202, 0, 4, 204)
(220, 98, 10, 1, 113)
(223, 219, 25, 0, 15)
(25, 96, 5, 1, 198)
(295, 221, 4, 1, 94)
(109, 224, 112, 0, 0)
(299, 196, 0, 17, 112)
(231, 224, 48, 0, 7)
(282, 194, 11, 1, 163)
(292, 221, 0, 0, 53)
(247, 150, 0, 13, 143)
(206, 222, 78, 0, 36)
(299, 80, 0, 47, 111)
(172, 224, 111, 0, 109)
(243, 224, 38, 0, 96)
(1, 223, 3, 1, 146)
(70, 198, 26, 0, 190)
(288, 186, 0, 0, 204)
(299, 204, 0, 5, 136)
(180, 186, 10, 1, 160)
(287, 144, 0, 0, 179)
(278, 87, 19, 0, 245)
(289, 70, 0, 154, 69)
(275, 48, 0, 22, 49)
(135, 38, 2, 5, 222)
(283, 214, 13, 0, 38)
(107, 175, 151, 0, 92)
(38, 108, 9, 4, 196)
(239, 220, 0, 4, 49)
(183, 137, 87, 0, 6)
(280, 160, 4, 1, 179)
(272, 108, 6, 1, 206)
(274, 203, 7, 2, 163)
(0, 204, 0, 0, 0)
(97, 224, 193, 0, 237)
(299, 107, 0, 72, 227)
(201, 156, 4, 3, 94)
(179, 185, 4, 1, 106)
(222, 208, 24, 0, 197)
(146, 192, 0, 0, 52)
(170, 144, 14, 0, 75)
(189, 199, 0, 0, 166)
(299, 196, 0, 9, 198)
(299, 202, 0, 12, 151)
(234, 224, 1, 4, 186)
(17, 203, 22, 0, 187)
(101, 222, 112, 0, 233)
(221, 224, 47, 0, 104)
(299, 206, 0, 0, 185)
(245, 218, 0, 0, 165)
(299, 122, 0, 78, 28)
(189, 215, 25, 0, 99)
(114, 26, 18, 4, 109)
(27, 169, 202, 0, 94)
(283, 169, 0, 7, 113)
(202, 129, 1, 21, 195)
(275, 174, 0, 47, 73)
(294, 224, 0, 0, 215)
(271, 41, 0, 112, 48)
(281, 134, 12, 2, 209)
(151, 214, 58, 0, 20)
(157, 224, 46, 0, 95)
(123, 169, 14, 0, 184)
(90, 24, 24, 2, 200)
(204, 71, 41, 0, 140)
(266, 133, 1, 1, 168)
(91, 182, 6, 0, 58)
(249, 50, 0, 174, 165)
(63, 179, 6, 0, 159)
(78, 148, 0, 38, 161)
(278, 26, 2, 2, 148)
(274, 64, 0, 84, 103)
(156, 224, 56, 0, 0)
(288, 162, 0, 0, 135)
(247, 153, 11, 0, 246)
(253, 224, 29, 0, 103)
(196, 224, 103, 0, 0)
(74, 210, 7, 3, 205)
(253, 208, 6, 5, 179)
(299, 114, 0, 81, 232)
(225, 202, 15, 1, 196)
(299, 69, 0, 35, 206)
(226, 211, 2, 2, 182)
(293, 209, 4, 1, 149)
(159, 224, 92, 0, 206)
(0, 224, 4, 13, 56)
(162, 223, 49, 0, 121)
(290, 146, 9, 1, 206)
(49, 59, 220, 0, 164)
(215, 53, 8, 4, 172)
(212, 208, 0, 2, 4)
(140, 224, 0, 0, 42)
(131, 218, 25, 0, 103)
(275, 145, 0, 23, 61)
(30, 100, 1, 10, 126)
(299, 224, 0, 0, 16)
(206, 212, 93, 0, 230)
(252, 6, 1, 9, 128)
(245, 37, 1, 20, 196)
(151, 220, 2, 2, 228)
(264, 133, 8, 0, 7)
(122, 206, 0, 0, 133)
(117, 47, 1, 7, 73)
(97, 213, 3, 0, 43)
(299, 138, 0, 56, 103)
(196, 169, 0, 32, 113)
(27, 174, 271, 0, 101)
(167, 223, 40, 0, 68)
(83, 224, 49, 0, 79)
(0, 79, 1, 6, 81)
(274, 223, 17, 0, 145)
(46, 224, 0, 0, 217)
(75, 162, 83, 0, 164)
(19, 224, 143, 0, 125)
(216, 223, 67, 0, 129)
(265, 155, 0, 34, 225)
(299, 69, 0, 100, 8)
(44, 223, 141, 0, 103)
(67, 223, 19, 0, 46)
(201, 31, 6, 5, 176)
(24, 190, 186, 0, 9)
(285, 67, 0, 113, 111)
(165, 224, 100, 0, 115)
(299, 74, 18, 4, 204)
(274, 209, 0, 7, 139)
(253, 57, 0, 0, 229)
(258, 215, 6, 2, 227)
(52, 162, 3, 2, 151)
(270, 110, 3, 0, 114)
(58, 224, 189, 0, 39)
(277, 0, 0, 11, 75)
(199, 132, 1, 4, 174)
(287, 198, 0, 13, 7)
(166, 206, 1, 7, 218)
(298, 34, 0, 140, 99)
(277, 214, 4, 0, 128)
(62, 216, 64, 0, 68)
(195, 162, 33, 0, 176)
(299, 187, 0, 0, 0)
(249, 200, 0, 0, 86)
(286, 184, 0, 1, 236)
(185, 188, 24, 1, 229)
(184, 59, 8, 5, 127)
(71, 202, 5, 2, 202)
(268, 142, 6, 1, 121)
(266, 169, 2, 1, 183)
(292, 11, 0, 65, 67)
(169, 202, 4, 1, 160)
(248, 18, 0, 17, 21)
(299, 125, 0, 57, 68)
(45, 203, 220, 0, 69)
(274, 224, 0, 0, 232)
(194, 224, 35, 0, 72)
(261, 67, 0, 27, 91)
(157, 218, 10, 2, 219)
(205, 224, 34, 0, 38)
(292, 165, 3, 1, 184)
(242, 218, 13, 0, 136)
(180, 152, 2, 1, 95)
(215, 180, 0, 15, 136)
(113, 224, 0, 0, 119)
(238, 193, 12, 3, 172)
(239, 143, 3, 3, 221)
(272, 172, 19, 0, 23)
(80, 192, 43, 0, 168)
(43, 201, 2, 15, 204)
(186, 210, 0, 39, 185)
(299, 212, 0, 0, 132)
(299, 116, 0, 0, 15)
(0, 211, 68, 0, 81)
(180, 203, 3, 1, 107)
(222, 167, 10, 3, 246)
(299, 222, 0, 0, 166)
(164, 180, 62, 0, 30)
(236, 224, 2, 0, 181)
(52, 177, 1, 11, 200)
(288, 224, 0, 0, 65)
(288, 56, 11, 2, 198)
(254, 155, 0, 0, 132)
(83, 224, 82, 0, 203)
(226, 205, 0, 19, 118)
(281, 104, 2, 6, 201)
(299, 0, 0, 52, 204)
(233, 224, 0, 0, 118)
(296, 198, 0, 18, 21)
(230, 145, 4, 2, 233)
(12, 224, 35, 0, 0)
(208, 52, 0, 5, 32)
(297, 122, 1, 5, 198)
(185, 224, 0, 0, 255)
(233, 200, 0, 0, 11)
(277, 130, 0, 32, 114)
(179, 158, 0, 10, 244)
(165, 205, 1, 3, 214)
(299, 151, 0, 49, 149)
(292, 51, 0, 10, 179)
(150, 161, 97, 0, 183)
(127, 127, 3, 5, 159)
(285, 130, 0, 17, 22)
(238, 45, 1, 5, 233)
(263, 71, 3, 4, 229)
(248, 71, 2, 4, 190)
(226, 127, 0, 15, 10)
(268, 224, 25, 0, 73)
(291, 0, 0, 40, 0)
(290, 194, 0, 17, 192)
(215, 224, 41, 0, 17)
(74, 185, 72, 0, 166)
(246, 106, 2, 3, 154)
(299, 175, 0, 49, 192)
(280, 212, 0, 0, 238)
(36, 111, 8, 8, 174)
(275, 154, 0, 7, 184)
(263, 61, 1, 8, 225)
(299, 178, 0, 1, 49)
(134, 200, 5, 3, 235)
(149, 179, 2, 6, 163)
(272, 222, 0, 0, 16)
(84, 224, 34, 0, 171)
(170, 118, 3, 5, 196)
(272, 113, 0, 22, 35)
(258, 204, 14, 0, 255)
(68, 65, 1, 9, 186)
(245, 214, 3, 2, 162)
(272, 149, 1, 5, 148)
(124, 111, 15, 2, 165)
(81, 44, 3, 4, 155)
(289, 198, 1, 5, 217)
(151, 110, 51, 0, 91)
(165, 223, 96, 0, 128)
(37, 133, 8, 3, 204)
(216, 224, 56, 0, 1)
(80, 221, 10, 2, 179)
(299, 129, 0, 58, 118)
(114, 50, 6, 5, 66)
(234, 117, 1, 9, 111)
(197, 46, 2, 2, 231)
(107, 222, 3, 2, 189)
(250, 185, 0, 15, 60)
(158, 176, 114, 0, 114)
(278, 174, 0, 35, 245)
(0, 202, 118, 0, 208)
(208, 224, 18, 0, 186)
(299, 5, 0, 18, 97)
(35, 112, 5, 2, 146)
(299, 206, 0, 1, 217)
(255, 224, 1, 3, 161)
(262, 152, 0, 37, 112)
(296, 103, 0, 43, 67)
(162, 183, 143, 0, 194)
(270, 6, 4, 2, 149)
(87, 218, 17, 2, 192)
(137, 138, 1, 3, 194)
(167, 183, 39, 0, 126)
(294, 49, 1, 13, 208)
(286, 224, 0, 0, 133)
(153, 202, 28, 0, 61)
(244, 107, 2, 4, 151)
(177, 185, 3, 3, 227)
(294, 160, 5, 0, 71)
(106, 93, 1, 6, 153)
(299, 150, 0, 0, 106)
(264, 224, 2, 4, 124)
(162, 224, 80, 0, 82)
(293, 214, 2, 1, 177)
(139, 206, 42, 0, 253)
(30, 0, 0, 47, 135)
(283, 144, 0, 80, 226)
(17, 40, 0, 0, 74)
(299, 85, 0, 44, 47)
(274, 71, 0, 148, 209)
(163, 106, 1, 23, 107)
(246, 92, 0, 71, 255)
(108, 183, 4, 2, 126)
(209, 182, 0, 0, 230)
(128, 209, 8, 1, 214)
(102, 223, 61, 0, 101)
(90, 184, 0, 32, 129)
(225, 149, 5, 1, 170)
(126, 54, 4, 7, 146)
(16, 205, 160, 0, 51)
(282, 190, 0, 2, 194)
(291, 82, 2, 1, 200)
(24, 217, 7, 2, 182)
(249, 182, 0, 19, 123)
(299, 0, 0, 4, 210)
(130, 204, 0, 9, 158)
(285, 224, 11, 0, 15)
(275, 55, 0, 168, 90)
(266, 56, 0, 54, 178)
(239, 223, 29, 0, 175)
(284, 191, 11, 0, 178)
(299, 207, 0, 14, 31)
(248, 207, 3, 2, 207)
(290, 54, 10, 0, 0)
(255, 158, 0, 6, 168)
(252, 182, 8, 1, 209)
(270, 66, 0, 32, 42)
(49, 209, 168, 0, 48)
(276, 45, 3, 3, 201)
(299, 190, 0, 25, 84)
(85, 92, 0, 40, 58)
(182, 139, 3, 1, 222)
(169, 110, 5, 8, 134)
(248, 224, 13, 0, 183)
(0, 224, 122, 0, 79)
(48, 209, 0, 11, 85)
(268, 224, 0, 0, 120)
(192, 224, 51, 0, 144)
(186, 224, 68, 0, 98)
(293, 179, 0, 10, 171)
(182, 224, 23, 0, 96)
(46, 130, 0, 43, 12)
(254, 204, 49, 0, 144)
(188, 189, 0, 28, 96)
(238, 113, 0, 69, 151)
(278, 72, 0, 92, 121)
(105, 224, 22, 0, 0)
(43, 222, 168, 0, 211)
(17, 221, 180, 0, 228)
(261, 221, 0, 0, 51)
(299, 55, 0, 48, 226)
(258, 220, 26, 0, 135)
(163, 132, 1, 11, 193)
(0, 199, 0, 0, 179)
(299, 224, 0, 0, 144)
(0, 206, 54, 0, 33)
(292, 117, 0, 0, 184)
(279, 187, 5, 2, 204)
(185, 126, 3, 21, 207)
(272, 40, 0, 53, 133)
(89, 194, 47, 0, 90)
(280, 190, 7, 2, 170)
(135, 198, 3, 1, 113)
(252, 221, 47, 0, 46)
(85, 203, 3, 1, 98)
(299, 185, 0, 39, 12)
(285, 81, 4, 7, 148)
(32, 207, 169, 0, 214)
(276, 21, 0, 153, 228)
(239, 195, 0, 0, 159)
(299, 70, 0, 39, 87)
(233, 224, 24, 0, 255)
(295, 175, 0, 0, 149)
(226, 179, 0, 27, 96)
(266, 144, 8, 2, 246)
(45, 184, 40, 0, 187)
(191, 129, 0, 0, 88)
(144, 224, 0, 0, 117)
(299, 74, 0, 48, 85)
(254, 91, 7, 0, 198)
(43, 220, 206, 0, 28)
(60, 224, 54, 0, 73)
(260, 224, 25, 0, 181)
(121, 202, 162, 0, 180)
(147, 31, 1, 5, 117)
(89, 192, 0, 2, 158)
(205, 89, 0, 135, 138)
(273, 51, 0, 43, 71)
(271, 129, 2, 3, 242)
(293, 12, 2, 0, 63)
(299, 183, 0, 16, 83)
(262, 86, 2, 18, 194)
(250, 37, 1, 12, 172)
(57, 215, 96, 0, 73)
(144, 220, 0, 0, 229)
(148, 191, 1, 1, 183)
(101, 67, 1, 19, 204)
(266, 17, 12, 1, 187)
(87, 224, 63, 0, 234)
(73, 214, 42, 0, 52)
(192, 139, 0, 18, 199)
(163, 66, 1, 6, 152)
(299, 24, 0, 142, 125)
(99, 186, 3, 4, 60)
(159, 176, 35, 0, 200)
(299, 196, 0, 28, 224)
(174, 224, 0, 0, 99)
(191, 118, 4, 8, 105)
(54, 213, 47, 0, 17)
(229, 224, 13, 0, 124)
(0, 202, 171, 0, 44)
(279, 158, 0, 1, 74)
(15, 219, 236, 0, 255)
(154, 191, 0, 0, 219)
(149, 149, 2, 4, 115)
(163, 173, 4, 2, 108)
(217, 146, 0, 0, 94)
(59, 147, 226, 0, 220)
(183, 167, 8, 7, 251)
(215, 35, 3, 11, 122)
(252, 211, 1, 2, 175)
(193, 224, 8, 1, 163)
(299, 85, 1, 2, 168)
(151, 202, 0, 18, 200)
(220, 202, 0, 3, 173)
(299, 204, 0, 0, 68)
(153, 57, 7, 1, 205)
(69, 196, 140, 0, 48)
(286, 210, 1, 2, 201)
(299, 187, 1, 5, 151)
(64, 164, 22, 1, 130)
(299, 111, 0, 2, 228)
(110, 109, 14, 4, 230)
(42, 21, 143, 0, 148)
(244, 183, 9, 0, 136)
(288, 11, 0, 0, 155)
(263, 210, 0, 0, 181)
(171, 173, 25, 2, 238)
(206, 20, 0, 187, 57)
(251, 0, 1, 6, 208)
(299, 3, 0, 145, 201)
(177, 203, 0, 7, 188)
(238, 215, 61, 0, 240)
(239, 224, 60, 0, 26)
(299, 209, 0, 2, 133)
(260, 30, 0, 43, 70)
(274, 46, 2, 21, 176)
(299, 52, 0, 0, 124)
(299, 133, 0, 9, 177)
(255, 161, 0, 0, 255)
(225, 106, 1, 9, 163)
(180, 214, 65, 0, 185)
(146, 218, 4, 2, 213)
(276, 221, 23, 0, 77)
(111, 56, 15, 5, 171)
(227, 135, 0, 28, 48)
(250, 224, 49, 0, 162)
(245, 16, 0, 23, 31)
(299, 77, 0, 101, 7)
(242, 23, 3, 7, 187)
(149, 171, 1, 11, 175)
(299, 159, 0, 41, 155)
(179, 201, 1, 1, 227)
(153, 212, 38, 0, 114)
(120, 202, 37, 0, 157)
(270, 7, 0, 191, 0)
(207, 213, 142, 0, 255)
(196, 147, 13, 0, 248)
(140, 155, 68, 0, 32)
(154, 200, 0, 17, 119)
(200, 145, 16, 0, 222)
(297, 154, 2, 1, 192)
(286, 147, 0, 73, 48)
(197, 99, 0, 0, 93)
(281, 203, 0, 0, 50)
(299, 36, 0, 84, 159)
(200, 99, 1, 4, 154)
(67, 224, 21, 0, 155)
(110, 114, 0, 0, 147)
(270, 162, 0, 16, 189)
(299, 84, 0, 0, 137)
(128, 224, 26, 0, 148)
(299, 19, 12, 1, 177)
(299, 217, 0, 0, 199)
(231, 132, 21, 0, 208)
(22, 32, 3, 17, 202)
(165, 224, 0, 0, 107)
(265, 0, 0, 76, 72)
(299, 132, 0, 52, 98)
(237, 123, 10, 5, 111)
(281, 20, 2, 2, 149)
(250, 175, 7, 1, 241)
(228, 217, 13, 2, 165)
(260, 0, 2, 2, 126)
(69, 181, 156, 0, 196)
(295, 224, 0, 0, 226)
(37, 44, 6, 6, 145)
(70, 28, 2, 14, 231)
(299, 20, 7, 2, 80)
(280, 195, 0, 4, 55)
(276, 130, 0, 9, 41)
(281, 174, 0, 29, 130)
(276, 208, 1, 0, 237)
(292, 210, 1, 4, 177)
(195, 111, 7, 0, 231)
(159, 138, 32, 0, 221)
(254, 224, 24, 0, 68)
(105, 37, 1, 32, 92)
(241, 46, 0, 0, 92)
(147, 207, 0, 4, 187)
(295, 206, 0, 0, 112)
(299, 199, 0, 0, 176)
(240, 148, 1, 2, 97)
(299, 215, 0, 0, 0)
(142, 214, 0, 0, 229)
(274, 224, 1, 20, 137)
(216, 224, 5, 0, 240)
(44, 49, 2, 13, 87)
(285, 169, 0, 66, 138)
(68, 224, 208, 0, 85)
(225, 139, 0, 45, 54)
(0, 183, 137, 0, 164)
(137, 188, 1, 3, 127)
(295, 220, 4, 0, 164)
(271, 224, 0, 0, 242)
(79, 188, 44, 0, 219)
(289, 215, 4, 0, 62)
(235, 206, 0, 0, 221)
(67, 108, 14, 2, 35)
(241, 191, 5, 1, 189)
(246, 97, 3, 2, 157)
(289, 0, 0, 127, 11)
(285, 215, 0, 0, 5)
(14, 224, 88, 0, 252)
(0, 194, 18, 2, 205)
(208, 208, 75, 0, 146)
(209, 209, 0, 0, 89)
(299, 151, 37, 1, 149)
(116, 224, 101, 0, 162)
(16, 0, 31, 0, 129)
(292, 123, 0, 0, 89)
(238, 211, 27, 0, 110)
(248, 191, 0, 0, 141)
(230, 224, 0, 0, 82)
(121, 219, 46, 0, 207)
(158, 127, 2, 0, 86)
(25, 224, 254, 0, 236)
(258, 6, 0, 131, 241)
(289, 220, 10, 0, 130)
(269, 224, 0, 0, 244)
(140, 212, 93, 0, 103)
(257, 39, 11, 0, 11)
(299, 159, 0, 15, 144)
(296, 126, 1, 1, 181)
(183, 224, 46, 0, 225)
(103, 220, 8, 0, 108)
(191, 200, 4, 2, 123)
(280, 128, 0, 26, 79)
(198, 106, 5, 3, 119)
(220, 141, 16, 4, 252)
(139, 130, 7, 6, 113)
(156, 171, 2, 10, 96)
(257, 224, 0, 1, 81)
(285, 142, 0, 11, 218)
(242, 16, 0, 58, 135)
(72, 224, 52, 0, 8)
(269, 224, 0, 12, 0)
(232, 7, 0, 107, 60)
(281, 140, 0, 23, 127)
(203, 220, 0, 0, 0)
(130, 224, 89, 0, 212)
(0, 156, 173, 0, 172)
(287, 121, 9, 1, 210)
(257, 209, 0, 0, 23)
(171, 216, 75, 0, 223)
(123, 186, 1, 5, 240)
(115, 178, 1, 6, 186)
(171, 204, 0, 0, 201)
(95, 73, 3, 2, 81)
(299, 162, 0, 62, 76)
(60, 21, 9, 10, 217)
(252, 200, 47, 0, 73)
(138, 222, 86, 0, 197)
(299, 49, 0, 131, 181)
(153, 181, 13, 0, 255)
(0, 224, 122, 0, 98)
(132, 176, 2, 12, 200)
(4, 115, 18, 3, 118)
(193, 62, 1, 10, 90)
(242, 224, 3, 8, 158)
(263, 96, 0, 97, 209)
(93, 176, 26, 1, 168)
(295, 58, 0, 28, 180)
(126, 209, 19, 0, 173)
(255, 224, 0, 0, 14)
(299, 179, 0, 6, 93)
(249, 100, 0, 7, 45)
(281, 205, 5, 0, 93)
(182, 196, 7, 2, 232)
(6, 182, 14, 4, 84)
(106, 224, 3, 6, 152)
(233, 221, 0, 0, 186)
(99, 224, 60, 0, 226)
(165, 107, 7, 5, 167)
(299, 184, 0, 28, 255)
(95, 208, 6, 1, 201)
(290, 185, 0, 29, 0)
(139, 163, 62, 0, 182)
(287, 205, 2, 2, 181)
(174, 119, 82, 0, 7)
(125, 211, 80, 0, 163)
(153, 210, 14, 0, 242)
(299, 100, 0, 32, 216)
(0, 210, 8, 0, 153)
(138, 33, 9, 2, 160)
(140, 123, 5, 7, 173)
(186, 224, 40, 0, 255)
(149, 204, 6, 3, 146)
(275, 224, 0, 0, 0)
(295, 52, 0, 0, 54)
(63, 171, 0, 5, 42)
(136, 199, 163, 0, 170)
(274, 131, 8, 1, 194)
(203, 100, 3, 1, 147)
(284, 101, 6, 4, 155)
(67, 212, 221, 0, 169)
(184, 196, 0, 0, 53)
(266, 220, 27, 0, 13)
(299, 97, 0, 71, 92)
(299, 152, 0, 75, 0)
(182, 68, 21, 0, 202)
(106, 218, 113, 0, 48)
(216, 221, 71, 0, 61)
(267, 141, 0, 64, 37)
(118, 127, 1, 9, 138)
(290, 0, 0, 21, 114)
(249, 32, 0, 40, 174)
(226, 172, 0, 0, 10)
(275, 151, 4, 2, 210)
(4, 223, 14, 0, 99)
(270, 224, 24, 0, 145)
(211, 205, 48, 0, 158)
(268, 21, 0, 89, 195)
(288, 158, 2, 2, 102)
(216, 216, 0, 8, 54)
(166, 34, 1, 15, 213)
(292, 105, 0, 6, 0)
(282, 70, 0, 126, 33)
(277, 171, 0, 0, 49)
(299, 3, 0, 113, 158)
(299, 205, 0, 0, 0)
(67, 224, 45, 0, 255)
(299, 100, 0, 97, 218)
(165, 92, 0, 9, 198)
(30, 175, 273, 0, 17)
(115, 207, 101, 0, 255)
(138, 214, 3, 1, 154)
(299, 62, 0, 11, 129)
(299, 224, 0, 0, 71)
(246, 11, 3, 3, 223)
(187, 224, 85, 0, 124)
(277, 77, 0, 19, 2)
(250, 224, 1, 4, 169)
(299, 224, 0, 0, 40)
(299, 9, 0, 7, 138)
(299, 65, 0, 36, 205)
(106, 2, 7, 15, 220)
(299, 166, 0, 31, 22)
(52, 204, 105, 0, 255)
(152, 224, 65, 0, 210)
(20, 210, 19, 1, 203)
(172, 148, 1, 2, 111)
(299, 126, 0, 0, 121)
(68, 224, 11, 0, 211)
(154, 0, 0, 64, 117)
(200, 204, 0, 20, 14)
(234, 201, 0, 0, 68)
(271, 216, 0, 0, 85)
(299, 88, 0, 60, 248)
(188, 224, 38, 0, 2)
(299, 64, 0, 5, 125)
(61, 224, 39, 0, 52)
(299, 212, 0, 0, 255)
(285, 164, 10, 0, 109)
(53, 75, 4, 6, 194)
(15, 211, 78, 0, 81)
(155, 215, 113, 0, 251)
(82, 224, 66, 0, 14)
(252, 224, 0, 0, 200)
(85, 198, 64, 0, 173)
(240, 146, 0, 57, 160)
(228, 43, 0, 67, 218)
(263, 152, 0, 0, 255)
(292, 205, 0, 3, 150)
(273, 48, 0, 31, 151)
(186, 131, 1, 8, 248)
(204, 205, 33, 0, 171)
(190, 15, 22, 0, 13)
(137, 224, 21, 0, 181)
(280, 176, 0, 26, 231)
(262, 139, 5, 2, 216)
(287, 176, 4, 0, 158)
(61, 172, 45, 0, 18)
(179, 224, 0, 0, 199)
(299, 150, 0, 12, 48)
(0, 193, 11, 4, 205)
(235, 224, 28, 0, 255)
(254, 79, 0, 47, 226)
(280, 193, 0, 0, 124)
(131, 159, 1, 7, 160)
(251, 217, 48, 0, 86)
(223, 36, 2, 4, 190)
(299, 48, 0, 141, 24)
(271, 11, 0, 139, 88)
(154, 144, 4, 1, 85)
(90, 224, 42, 0, 99)
(10, 209, 161, 0, 57)
(299, 139, 0, 1, 225)
(97, 224, 145, 0, 54)
(299, 121, 0, 0, 171)
(0, 224, 1, 1, 120)
(299, 2, 0, 182, 153)
(297, 219, 0, 0, 213)
(49, 175, 4, 2, 71)
(272, 81, 0, 0, 59)
(299, 152, 0, 0, 167)
(299, 221, 0, 0, 73)
(66, 175, 0, 8, 131)
(242, 218, 0, 0, 187)
(249, 176, 0, 48, 40)
(0, 187, 19, 1, 139)
(152, 220, 109, 0, 60)
(90, 83, 101, 0, 41)
(290, 219, 3, 5, 121)
(299, 161, 0, 41, 156)
(268, 184, 3, 1, 211)
(283, 54, 2, 1, 139)
(206, 224, 69, 0, 12)
(82, 79, 1, 6, 211)
(26, 203, 0, 17, 40)
(187, 216, 18, 0, 125)
(174, 189, 39, 0, 186)
(299, 104, 0, 87, 8)
(136, 68, 2, 4, 185)
(246, 91, 0, 45, 71)
(281, 151, 9, 1, 194)
(274, 141, 0, 8, 196)
(210, 46, 10, 3, 133)
(203, 78, 2, 3, 166)
(143, 219, 4, 1, 222)
(52, 212, 0, 2, 4)
(269, 79, 0, 0, 90)
(213, 68, 77, 0, 206)
(68, 182, 78, 0, 94)
(156, 55, 1, 15, 197)
(95, 210, 1, 5, 208)
(76, 224, 114, 0, 120)
(16, 138, 2, 11, 139)
(0, 224, 35, 0, 42)
(257, 104, 0, 23, 113)
(241, 170, 23, 0, 243)
(96, 217, 73, 0, 220)
(299, 209, 27, 0, 156)
(178, 68, 72, 0, 201)
(167, 94, 6, 3, 104)
(146, 213, 4, 1, 254)
(46, 76, 17, 0, 118)
(0, 47, 54, 0, 139)
(262, 28, 0, 164, 159)
(99, 213, 11, 0, 48)
(169, 216, 108, 0, 51)
(215, 50, 39, 0, 193)
(255, 59, 1, 2, 226)
(290, 220, 1, 0, 169)
(4, 224, 188, 0, 26)
(183, 193, 29, 0, 95)
(269, 132, 0, 27, 211)
(292, 222, 0, 2, 12)
(290, 162, 9, 3, 206)
(280, 110, 0, 0, 93)
(223, 99, 2, 11, 124)
(105, 198, 158, 0, 20)
(178, 74, 14, 1, 159)
(299, 161, 0, 63, 20)
(299, 40, 0, 122, 189)
(164, 142, 0, 50, 48)
(101, 21, 3, 14, 178)
(53, 93, 102, 0, 28)
(299, 106, 0, 32, 98)
(270, 182, 0, 0, 190)
(152, 150, 48, 0, 225)
(249, 204, 0, 3, 220)
(173, 184, 3, 1, 239)
(288, 185, 36, 0, 221)
(223, 143, 0, 0, 215)
(203, 191, 52, 0, 44)
(139, 205, 16, 0, 192)
(245, 217, 6, 2, 155)
(60, 153, 5, 3, 226)
(56, 46, 3, 7, 150)
(18, 31, 6, 5, 193)
(15, 220, 1, 1, 117)
(282, 125, 2, 1, 190)
(165, 224, 37, 0, 253)
(150, 126, 2, 3, 143)
(231, 103, 0, 72, 122)
(254, 0, 36, 0, 39)
(221, 107, 0, 14, 200)
(26, 123, 73, 0, 6)
(299, 222, 0, 2, 15)
(274, 106, 0, 25, 17)
(299, 103, 0, 84, 141)
(251, 28, 0, 68, 55)
(221, 146, 30, 0, 167)
(33, 210, 199, 0, 98)
(158, 78, 140, 0, 210)
(94, 224, 41, 0, 142)
(233, 110, 28, 0, 176)
(201, 137, 0, 65, 143)
(298, 112, 1, 2, 195)
(299, 224, 0, 0, 210)
(30, 188, 4, 2, 106)
(236, 202, 53, 0, 141)
(103, 134, 68, 0, 88)
(299, 86, 0, 99, 153)
(299, 128, 0, 39, 1)
(265, 203, 33, 0, 159)
(8, 48, 6, 6, 61)
(207, 204, 87, 0, 242)
(209, 124, 3, 1, 128)
(299, 74, 0, 88, 177)
(236, 214, 6, 0, 236)
(272, 209, 27, 0, 13)
(276, 207, 23, 0, 65)
(238, 224, 50, 0, 41)
(296, 48, 0, 118, 191)
(94, 93, 0, 73, 100)
(93, 45, 1, 4, 111)
(200, 203, 0, 17, 73)
(190, 182, 0, 42, 115)
(77, 60, 3, 32, 185)
(243, 182, 1, 6, 229)
(299, 191, 0, 10, 76)
(222, 163, 0, 41, 128)
(134, 83, 65, 0, 32)
(51, 128, 4, 2, 134)
(151, 145, 59, 0, 98)
(197, 150, 2, 3, 195)
(250, 42, 0, 34, 27)
(164, 206, 116, 0, 150)
(189, 224, 26, 0, 2)
(286, 101, 0, 17, 225)
(260, 27, 0, 46, 255)
(279, 144, 0, 26, 43)
(286, 51, 1, 3, 162)
(165, 113, 0, 33, 109)
(224, 46, 1, 6, 175)
(288, 65, 0, 9, 0)
(172, 213, 5, 1, 251)
(272, 122, 11, 0, 238)
(118, 208, 0, 13, 127)
(289, 22, 4, 3, 180)
(11, 220, 3, 2, 186)
(155, 77, 3, 9, 118)
(289, 131, 3, 0, 170)
(237, 143, 2, 2, 235)
(292, 80, 0, 140, 137)
(20, 217, 3, 1, 137)
(52, 0, 0, 50, 226)
(239, 224, 10, 0, 154)
(236, 172, 3, 0, 124)
(298, 166, 0, 36, 43)
(273, 104, 2, 3, 146)
(235, 175, 20, 0, 109)
(144, 221, 103, 0, 139)
(204, 216, 4, 0, 8)
(299, 35, 0, 91, 121)
(276, 135, 0, 56, 255)
(32, 224, 147, 0, 15)
(299, 90, 0, 130, 84)
(84, 219, 11, 2, 182)
(14, 210, 175, 0, 121)
(221, 122, 0, 32, 57)
(83, 160, 167, 0, 109)
(198, 135, 2, 11, 100)
(15, 82, 1, 5, 66)
(296, 224, 0, 0, 102)
(299, 47, 0, 138, 229)
(52, 198, 103, 0, 99)
(249, 211, 0, 13, 138)
(260, 216, 11, 0, 206)
(281, 137, 1, 5, 223)
(143, 224, 52, 0, 79)
(261, 3, 5, 2, 158)
(102, 40, 0, 139, 69)
(299, 141, 0, 1, 252)
(118, 85, 8, 3, 217)
(43, 220, 181, 0, 255)
(161, 179, 83, 0, 0)
(184, 165, 9, 1, 194)
(0, 188, 18, 2, 111)
(61, 224, 61, 0, 199)
(154, 218, 0, 6, 94)
(227, 166, 0, 45, 255)
(299, 20, 0, 145, 230)
(130, 43, 1, 26, 209)
(299, 8, 0, 43, 121)
(228, 224, 0, 0, 95)
(181, 0, 0, 88, 39)
(260, 160, 0, 45, 206)
(23, 177, 4, 10, 102)
(245, 14, 0, 157, 255)
(245, 87, 0, 55, 72)
(15, 211, 144, 0, 212)
(276, 158, 3, 2, 164)
(19, 144, 159, 0, 136)
(38, 201, 15, 0, 185)
(299, 215, 0, 0, 169)
(220, 153, 32, 0, 161)
(216, 179, 10, 2, 245)
(299, 10, 0, 51, 167)
(0, 224, 8, 0, 255)
(276, 216, 5, 1, 145)
(128, 224, 59, 0, 154)
(54, 192, 37, 0, 84)
(276, 188, 0, 30, 167)
(253, 117, 0, 71, 34)
(254, 182, 0, 29, 255)
(247, 189, 0, 14, 255)
(141, 224, 126, 0, 217)
(299, 129, 0, 63, 187)
(247, 211, 0, 0, 100)
(299, 195, 0, 0, 65)
(143, 159, 2, 6, 123)
(158, 214, 35, 1, 206)
(299, 58, 0, 55, 238)
(283, 222, 3, 1, 221)
(249, 209, 22, 0, 138)
(208, 210, 0, 19, 192)
(274, 172, 18, 0, 86)
(299, 132, 0, 44, 255)
(0, 194, 88, 0, 3)
(202, 154, 1, 1, 140)
(299, 66, 0, 91, 39)
(126, 124, 117, 0, 169)
(288, 204, 0, 29, 38)
(87, 195, 8, 1, 227)
(277, 58, 0, 14, 235)
(117, 224, 56, 0, 205)
(27, 214, 26, 0, 149)
(268, 0, 0, 0, 246)
(190, 160, 3, 3, 125)
(182, 224, 71, 0, 169)
(266, 185, 1, 6, 174)
(299, 3, 0, 114, 63)
(265, 73, 0, 111, 114)
(283, 224, 16, 0, 163)
(266, 96, 0, 79, 50)
(126, 9, 3, 5, 179)
(85, 137, 0, 0, 33)
(190, 80, 5, 2, 137)
(247, 112, 0, 65, 136)
(257, 43, 0, 159, 255)
(84, 216, 0, 0, 150)
(14, 169, 0, 55, 64)
(274, 208, 9, 0, 220)
(278, 82, 0, 30, 135)
(182, 217, 13, 1, 187)
(62, 159, 237, 0, 107)
(129, 104, 1, 4, 117)
(168, 90, 14, 0, 76)
(286, 224, 13, 0, 59)
(121, 186, 0, 0, 172)
(247, 58, 20, 0, 118)
(73, 200, 5, 2, 219)
(284, 121, 0, 11, 245)
(299, 217, 0, 0, 105)
(222, 70, 17, 4, 139)
(276, 13, 12, 3, 201)
(299, 90, 0, 93, 246)
(42, 224, 123, 0, 68)
(299, 75, 0, 140, 231)
(242, 224, 0, 0, 174)
(207, 130, 0, 0, 4)
(299, 223, 2, 0, 242)
(68, 159, 14, 1, 151)
(139, 224, 83, 0, 151)
(285, 24, 0, 55, 73)
(255, 137, 0, 28, 125)
(299, 192, 0, 32, 17)
(277, 153, 22, 0, 127)
(279, 139, 0, 41, 216)
(102, 211, 170, 0, 255)
(80, 224, 149, 0, 2)
(299, 199, 0, 6, 182)
(17, 215, 0, 14, 68)
(168, 202, 2, 5, 140)
(299, 61, 0, 122, 155)
(274, 114, 0, 30, 9)
(272, 224, 0, 0, 13)
(108, 197, 2, 1, 225)
(199, 197, 1, 2, 219)
(166, 153, 3, 1, 145)
(297, 178, 0, 27, 172)
(291, 166, 0, 11, 139)
(55, 224, 39, 0, 17)
(151, 91, 1, 7, 202)
(253, 140, 5, 1, 204)
(299, 58, 0, 97, 117)
(94, 170, 53, 0, 141)
(232, 224, 6, 0, 116)
(237, 221, 2, 5, 132)
(0, 185, 3, 1, 62)
(230, 224, 14, 0, 55)
(277, 218, 0, 15, 198)
(297, 159, 0, 11, 58)
(23, 210, 50, 0, 193)
(299, 196, 0, 0, 223)
(288, 224, 11, 0, 21)
(299, 147, 0, 10, 31)
(234, 188, 25, 0, 163)
(265, 104, 1, 25, 208)
(277, 142, 10, 0, 98)
(288, 223, 3, 1, 135)
(287, 39, 0, 53, 220)
(175, 224, 0, 0, 0)
(87, 224, 100, 0, 186)
(299, 107, 0, 7, 79)
(78, 214, 240, 0, 72)
(3, 159, 3, 7, 51)
(90, 166, 39, 0, 223)
(189, 46, 0, 7, 123)
(296, 146, 1, 5, 160)
(287, 173, 12, 0, 253)
(299, 54, 0, 0, 227)
(120, 221, 3, 2, 189)
(278, 136, 11, 0, 189)
(57, 192, 153, 0, 7)
(222, 205, 39, 0, 0)
(108, 218, 3, 4, 212)
(35, 118, 1, 3, 119)
(254, 165, 0, 0, 96)
(232, 23, 54, 0, 128)
(166, 224, 112, 0, 200)
(265, 147, 0, 71, 26)
(91, 214, 0, 0, 19)
(299, 179, 0, 7, 136)
(284, 149, 6, 4, 208)
(90, 75, 0, 114, 189)
(299, 26, 0, 31, 106)
(286, 85, 5, 1, 198)
(228, 73, 2, 6, 180)
(69, 1, 83, 0, 131)
(60, 60, 4, 5, 133)
(265, 129, 34, 0, 124)
(113, 205, 0, 16, 85)
(241, 202, 9, 1, 214)
(299, 33, 0, 28, 26)
(291, 163, 0, 23, 182)
(269, 194, 0, 0, 11)
(260, 62, 0, 7, 30)
(290, 177, 0, 0, 58)
(175, 195, 77, 0, 127)
(299, 164, 0, 0, 187)
(61, 76, 102, 0, 35)
(188, 109, 4, 3, 92)
(288, 161, 3, 0, 0)
(284, 127, 0, 1, 241)
(104, 104, 6, 5, 225)
(237, 224, 0, 0, 105)
(90, 150, 1, 3, 189)
(299, 103, 0, 0, 122)
(299, 224, 0, 0, 213)
(222, 150, 0, 29, 176)
(211, 48, 1, 4, 207)
(145, 224, 5, 6, 222)
(268, 129, 31, 0, 175)
(214, 192, 1, 5, 146)
(232, 155, 3, 1, 223)
(56, 210, 195, 0, 168)
(100, 154, 2, 6, 181)
(225, 224, 43, 0, 198)
(88, 224, 48, 0, 89)
(105, 216, 1, 1, 202)
(145, 144, 2, 10, 240)
(65, 203, 135, 0, 150)
(299, 141, 0, 27, 51)
(79, 153, 23, 1, 145)
(252, 72, 0, 20, 157)
(126, 177, 0, 15, 222)
(99, 181, 42, 0, 57)
(79, 154, 43, 0, 212)
(51, 85, 0, 139, 111)
(298, 146, 1, 2, 225)
(33, 184, 170, 0, 0)
(246, 143, 0, 39, 102)
(269, 118, 0, 69, 58)
(275, 126, 1, 3, 130)
(293, 103, 0, 86, 241)
(299, 219, 0, 6, 34)
(184, 176, 0, 41, 182)
(70, 200, 31, 0, 112)
(299, 123, 0, 16, 25)
(119, 214, 55, 0, 20)
(98, 108, 3, 5, 131)
(293, 224, 0, 0, 59)
(299, 163, 0, 18, 98)
(299, 156, 0, 0, 25)
(172, 77, 11, 2, 103)
(63, 223, 165, 0, 65)
(188, 199, 14, 0, 66)
(146, 79, 3, 2, 184)
(265, 141, 0, 19, 157)
(105, 149, 4, 2, 66)
(75, 179, 11, 2, 208)
(299, 94, 11, 0, 13)
(118, 167, 140, 0, 23)
(139, 183, 1, 12, 61)
(197, 190, 0, 31, 255)
(299, 0, 0, 11, 0)
(299, 145, 0, 43, 111)
(299, 119, 0, 34, 118)
(131, 217, 4, 1, 218)
(229, 96, 2, 1, 119)
(183, 172, 0, 4, 119)
(148, 224, 7, 0, 58)
(12, 122, 19, 2, 152)
(224, 207, 0, 0, 184)
(206, 206, 16, 0, 218)
(274, 223, 0, 0, 70)
(250, 97, 0, 49, 229)
(299, 145, 4, 0, 189)
(246, 200, 0, 4, 197)
(132, 99, 1, 0, 212)
(293, 156, 0, 13, 85)
(115, 62, 1, 7, 103)
(299, 118, 0, 47, 202)
(226, 36, 0, 22, 78)
(162, 223, 103, 0, 156)
(299, 169, 0, 38, 32)
(121, 125, 0, 43, 234)
(130, 133, 7, 2, 160)
(138, 114, 0, 0, 61)
(22, 221, 205, 0, 211)
(155, 206, 0, 0, 0)
(71, 140, 5, 11, 175)
(282, 37, 0, 120, 29)
(290, 191, 9, 0, 105)
(237, 9, 0, 104, 128)
(294, 164, 2, 1, 227)
(182, 224, 40, 0, 241)
(231, 197, 67, 0, 24)
(285, 199, 0, 0, 23)
(252, 102, 0, 22, 235)
(93, 202, 3, 4, 199)
(185, 200, 1, 3, 151)
(0, 0, 0, 0, 0)
(0, 0, 0, 0, 0)
