Background: 194
(0, 36, 213, 155, 152)
(185, 131, 67, 60, 224)
(108, 0, 35, 201, 165)
(52, 0, 195, 26, 214)
(30, 110, 117, 46, 186)
(32, 32, 51, 54, 186)
(223, 214, 80, 12, 155)
(138, 78, 92, 49, 132)
(101, 73, 12, 117, 189)
(0, 151, 41, 36, 69)
(177, 153, 56, 12, 112)
(114, 0, 30, 55, 150)
(214, 27, 48, 63, 179)
(85, 129, 64, 13, 141)
(171, 165, 129, 16, 229)
(71, 158, 60, 9, 95)
(130, 32, 50, 32, 183)
(0, 57, 29, 59, 107)
(35, 204, 194, 13, 211)
(227, 70, 28, 13, 153)
(62, 91, 28, 25, 69)
(267, 101, 4, 85, 209)
(252, 203, 47, 11, 167)
(22, 190, 56, 21, 213)
(197, 54, 4, 98, 124)
(135, 138, 21, 24, 220)
(39, 141, 24, 16, 227)
(237, 188, 63, 9, 176)
(23, 105, 35, 36, 182)
(142, 109, 103, 18, 127)
(135, 165, 14, 37, 104)
(250, 49, 45, 16, 202)
(249, 0, 52, 18, 169)
(288, 217, 12, 11, 119)
(95, 40, 23, 18, 111)
(0, 181, 104, 7, 100)
(97, 201, 21, 4, 95)
(143, 188, 11, 18, 129)
(158, 154, 7, 49, 120)
(80, 60, 22, 13, 191)
(37, 180, 18, 11, 182)
(158, 86, 25, 62, 145)
(158, 101, 45, 7, 163)
(204, 153, 5, 52, 229)
(140, 210, 26, 15, 215)
(70, 169, 69, 12, 195)
(0, 160, 64, 18, 65)
(220, 214, 46, 5, 175)
(151, 160, 4, 28, 231)
(173, 150, 5, 35, 227)
(152, 207, 54, 7, 223)
(43, 158, 30, 8, 155)
(166, 0, 67, 31, 226)
(232, 16, 14, 28, 162)
(117, 174, 7, 12, 85)
(275, 71, 23, 25, 173)
(194, 162, 11, 23, 241)
(52, 219, 42, 5, 173)
(264, 110, 36, 29, 207)
(247, 160, 32, 2, 152)
(217, 220, 55, 9, 146)
(157, 33, 42, 9, 203)
(34, 46, 31, 14, 142)
(118, 199, 21, 21, 206)
(207, 196, 46, 8, 213)
(295, 183, 5, 32, 164)
(264, 131, 6, 12, 164)
(101, 134, 43, 7, 109)
(53, 0, 28, 49, 203)
(16, 35, 44, 14, 188)
(219, 161, 22, 5, 161)
(175, 62, 22, 39, 126)
(281, 177, 18, 5, 193)
(245, 185, 13, 5, 195)
(0, 135, 14, 16, 87)
(60, 147, 53, 8, 163)
(206, 39, 21, 33, 169)
(167, 166, 16, 7, 225)
(130, 100, 25, 8, 91)
(59, 213, 32, 4, 195)
(225, 207, 35, 8, 187)
(19, 149, 20, 7, 127)
(172, 191, 31, 10, 158)
(131, 69, 4, 17, 97)
(80, 25, 16, 8, 117)
(296, 221, 18, 9, 95)
(67, 91, 26, 7, 89)
(272, 17, 8, 50, 186)
(230, 143, 49, 16, 211)
(65, 52, 23, 3, 226)
(220, 28, 12, 5, 176)
(161, 0, 86, 9, 224)
(192, 114, 24, 15, 104)
(87, 178, 25, 2, 237)
(262, 41, 11, 9, 155)
(216, 188, 10, 16, 216)
(250, 162, 36, 12, 219)
(208, 148, 7, 11, 142)
(79, 196, 12, 6, 125)
(166, 204, 18, 1, 147)
(115, 96, 12, 5, 104)
(236, 136, 8, 7, 173)
(283, 215, 6, 5, 135)
(206, 175, 30, 6, 243)
(14, 69, 12, 14, 156)
(275, 94, 14, 38, 194)
(47, 116, 96, 14, 201)
(238, 56, 6, 15, 196)
(284, 43, 8, 27, 211)
(134, 0, 20, 15, 177)
(136, 23, 32, 10, 206)
(132, 141, 7, 28, 219)
(124, 169, 4, 7, 94)
(215, 34, 6, 18, 136)
(103, 103, 26, 19, 218)
(56, 165, 11, 13, 112)
(238, 120, 13, 9, 117)
(171, 158, 7, 26, 223)
(153, 194, 6, 7, 244)
(90, 184, 12, 8, 75)
(293, 219, 5, 3, 106)
(290, 185, 9, 7, 157)
(276, 14, 15, 25, 188)
(275, 222, 11, 3, 184)
(102, 153, 10, 10, 237)
(282, 158, 20, 2, 114)
(261, 48, 3, 21, 222)
(111, 187, 5, 17, 78)
(129, 172, 3, 28, 234)
(55, 196, 19, 16, 233)
(178, 139, 10, 13, 214)
(289, 206, 10, 3, 201)
(138, 219, 51, 4, 203)
(70, 181, 29, 9, 86)
(0, 213, 34, 8, 181)
(268, 180, 32, 3, 198)
(148, 159, 2, 10, 211)
(250, 10, 4, 10, 133)
(279, 161, 18, 5, 213)
(268, 139, 23, 5, 171)
(179, 151, 11, 14, 78)
(231, 121, 4, 11, 101)
(159, 45, 13, 27, 182)
(21, 87, 79, 3, 134)
(116, 9, 18, 10, 121)
(151, 127, 6, 16, 234)
(161, 188, 9, 7, 240)
(113, 25, 11, 17, 126)
(22, 204, 28, 7, 204)
(194, 98, 14, 4, 194)
(188, 124, 5, 28, 236)
(179, 181, 44, 2, 234)
(34, 130, 55, 1, 214)
(275, 209, 6, 8, 149)
(0, 68, 8, 16, 76)
(236, 95, 7, 4, 208)
(97, 208, 19, 10, 226)
(241, 157, 8, 8, 199)
(236, 204, 19, 11, 185)
(180, 123, 4, 15, 107)
(288, 147, 5, 4, 144)
(254, 169, 17, 3, 195)
(280, 69, 2, 36, 169)
(286, 196, 6, 9, 207)
(241, 190, 28, 2, 187)
(235, 152, 2, 6, 137)
(270, 201, 15, 7, 171)
(166, 107, 14, 20, 164)
(200, 131, 8, 10, 173)
(237, 177, 17, 5, 232)
(277, 79, 10, 4, 216)
(56, 221, 20, 6, 163)
(75, 169, 19, 5, 238)
(248, 212, 19, 1, 176)
(50, 188, 17, 4, 198)
(230, 114, 30, 2, 176)
(213, 130, 20, 17, 243)
(268, 108, 13, 13, 216)
(93, 205, 13, 2, 109)
(39, 173, 11, 5, 82)
(224, 176, 10, 0, 88)
(19, 192, 77, 4, 217)
(245, 145, 39, 1, 229)
(273, 20, 9, 10, 160)
(254, 215, 10, 2, 218)
(9, 42, 7, 84, 109)
(242, 137, 27, 3, 188)
(299, 83, 1, 33, 219)
(70, 153, 13, 12, 126)
(194, 158, 30, 4, 110)
(114, 155, 9, 9, 52)
(42, 96, 4, 16, 192)
(223, 85, 25, 12, 206)
(225, 107, 7, 9, 169)
(105, 46, 12, 8, 81)
(0, 223, 11, 4, 142)
(194, 84, 17, 3, 105)
(273, 153, 4, 9, 167)
(271, 35, 11, 8, 204)
(250, 81, 47, 5, 187)
(173, 223, 35, 9, 178)
(278, 124, 11, 2, 148)
(279, 150, 3, 1, 102)
(0, 154, 16, 23, 56)
(295, 95, 4, 49, 205)
(242, 143, 8, 2, 140)
(173, 193, 19, 3, 125)
(169, 90, 9, 16, 136)
(58, 129, 15, 9, 150)
(0, 34, 10, 15, 106)
(282, 101, 8, 5, 159)
(29, 80, 13, 21, 125)
(271, 224, 0, 0, 28)
(236, 102, 2, 34, 202)
(176, 175, 4, 13, 202)
(223, 159, 4, 5, 208)
(288, 156, 11, 2, 160)
(136, 212, 43, 2, 239)
(234, 80, 0, 59, 19)
(185, 203, 19, 4, 229)
(150, 93, 12, 5, 166)
(64, 135, 64, 1, 125)
(129, 144, 5, 13, 118)
(0, 52, 11, 8, 178)
(266, 29, 7, 8, 219)
(187, 18, 11, 21, 229)
(288, 41, 6, 5, 155)
(223, 82, 11, 4, 156)
(227, 44, 29, 14, 194)
(209, 29, 6, 10, 226)
(196, 42, 2, 11, 220)
(197, 222, 20, 1, 169)
(83, 163, 25, 6, 112)
(251, 222, 3, 3, 195)
(299, 82, 0, 0, 16)
(294, 15, 4, 4, 145)
(249, 105, 24, 3, 218)
(147, 104, 6, 21, 89)
(118, 188, 4, 13, 231)
(149, 193, 5, 4, 241)
(243, 214, 8, 5, 160)
(166, 134, 9, 16, 122)
(194, 224, 15, 3, 167)
(278, 224, 7, 1, 206)
(230, 181, 11, 11, 213)
(147, 54, 2, 23, 126)
(299, 98, 0, 0, 182)
(208, 156, 4, 4, 220)
(277, 196, 15, 4, 211)
(91, 136, 10, 11, 210)
(219, 213, 9, 8, 188)
(9, 13, 72, 15, 204)
(253, 122, 3, 15, 163)
(227, 35, 3, 12, 212)
(217, 121, 3, 9, 223)
(150, 81, 8, 9, 98)
(99, 206, 73, 1, 187)
(153, 160, 3, 5, 104)
(145, 224, 154, 0, 13)
(239, 222, 11, 2, 120)
(182, 196, 17, 2, 218)
(223, 192, 0, 16, 0)
(227, 62, 1, 32, 152)
(150, 191, 10, 2, 92)
(292, 151, 6, 6, 197)
(247, 100, 14, 8, 213)
(200, 58, 17, 7, 191)
(107, 82, 4, 22, 225)
(297, 87, 2, 4, 215)
(4, 214, 191, 0, 172)
(72, 115, 19, 3, 155)
(58, 175, 33, 4, 143)
(230, 220, 4, 4, 123)
(80, 201, 12, 4, 167)
(266, 9, 4, 5, 200)
(251, 143, 11, 1, 218)
(223, 190, 11, 3, 221)
(188, 77, 28, 13, 114)
(254, 223, 6, 1, 109)
(72, 203, 8, 2, 191)
(241, 165, 0, 56, 225)
(0, 178, 26, 13, 103)
(170, 198, 7, 4, 243)
(195, 207, 33, 2, 212)
(82, 207, 22, 4, 202)
(147, 134, 12, 9, 232)
(299, 224, 0, 0, 59)
(296, 221, 3, 3, 94)
(276, 179, 0, 45, 177)
(90, 126, 40, 4, 198)
(264, 69, 7, 7, 216)
(171, 144, 3, 12, 149)
(68, 49, 8, 12, 172)
(17, 107, 5, 6, 74)
(233, 132, 6, 5, 166)
(282, 209, 3, 9, 148)
(124, 178, 8, 10, 232)
(51, 182, 2, 37, 213)
(77, 124, 6, 11, 244)
(172, 181, 70, 0, 42)
(14, 150, 13, 15, 79)
(226, 147, 8, 3, 171)
(244, 220, 9, 2, 152)
(66, 191, 17, 4, 215)
(102, 215, 26, 7, 206)
(180, 43, 8, 32, 136)
(248, 174, 11, 9, 234)
(134, 183, 15, 3, 76)
(1, 179, 12, 3, 191)
(38, 52, 24, 4, 102)
(247, 124, 10, 5, 167)
(131, 28, 8, 23, 167)
(246, 205, 46, 1, 172)
(41, 78, 25, 5, 204)
(274, 8, 0, 98, 172)
(192, 191, 24, 1, 203)
(49, 159, 4, 11, 95)
(203, 68, 3, 14, 125)
(227, 201, 15, 4, 202)
(48, 170, 13, 0, 78)
(105, 215, 9, 4, 221)
(222, 70, 17, 4, 135)
(242, 193, 0, 10, 0)
(36, 119, 8, 10, 135)
(98, 158, 15, 1, 184)
(0, 193, 22, 6, 204)
(271, 170, 28, 4, 225)
(283, 29, 13, 5, 151)
(102, 54, 10, 10, 126)
(156, 166, 4, 14, 91)
(299, 85, 9, 10, 198)
(82, 200, 5, 2, 51)
(291, 5, 1, 29, 181)
(163, 132, 4, 8, 220)
(80, 142, 44, 4, 210)
(121, 207, 29, 3, 186)
(181, 216, 33, 1, 193)
(116, 213, 90, 0, 55)
(197, 176, 0, 43, 92)
(97, 221, 100, 2, 203)
(257, 170, 3, 10, 221)
(211, 183, 16, 5, 235)
(249, 224, 1, 24, 74)
(202, 198, 12, 5, 229)
(1, 83, 5, 16, 141)
(207, 220, 9, 2, 175)
(254, 140, 14, 1, 224)
(219, 77, 8, 6, 218)
(79, 218, 16, 6, 180)
(139, 164, 7, 23, 78)
(140, 224, 25, 0, 21)
(276, 114, 18, 4, 201)
(27, 75, 50, 4, 193)
(260, 112, 22, 2, 223)
(0, 206, 9, 9, 180)
(167, 205, 7, 1, 93)
(279, 182, 4, 7, 209)
(258, 167, 27, 0, 48)
(207, 94, 15, 18, 141)
(296, 123, 0, 45, 182)
(163, 144, 4, 10, 87)
(273, 47, 0, 98, 176)
(273, 96, 6, 5, 221)
(53, 166, 24, 1, 151)
(284, 126, 11, 9, 216)
(251, 141, 26, 1, 157)
(265, 202, 0, 14, 54)
(294, 36, 5, 7, 224)
(84, 132, 8, 4, 74)
(87, 112, 24, 10, 205)
(116, 198, 2, 4, 209)
(157, 216, 20, 3, 220)
(257, 44, 0, 40, 60)
(269, 127, 0, 80, 255)
(135, 35, 15, 4, 145)
(262, 155, 8, 1, 166)
(162, 103, 2, 28, 114)
(191, 62, 3, 19, 105)
(66, 91, 3, 9, 140)
(270, 154, 0, 35, 221)
(141, 214, 7, 4, 254)
(15, 119, 7, 14, 123)
(128, 209, 11, 4, 226)
(0, 215, 7, 5, 167)
(267, 175, 0, 0, 255)
(9, 48, 5, 6, 61)
(165, 188, 13, 1, 141)
(49, 203, 9, 16, 223)
(222, 218, 21, 1, 165)
(284, 149, 5, 4, 208)
(299, 0, 0, 126, 245)
(250, 209, 1, 6, 195)
(237, 8, 0, 216, 20)
(95, 30, 3, 20, 104)
(234, 224, 2, 3, 201)
(97, 169, 9, 1, 126)
(266, 124, 5, 4, 227)
(67, 138, 22, 4, 232)
(284, 89, 13, 3, 144)
(62, 99, 2, 1, 150)
(287, 222, 8, 3, 131)
(221, 97, 0, 109, 182)
(299, 49, 5, 8, 154)
(255, 224, 0, 6, 184)
(234, 175, 9, 12, 231)
(172, 201, 0, 23, 209)
(126, 9, 3, 13, 175)
(128, 194, 60, 0, 137)
(289, 182, 3, 5, 180)
(183, 167, 49, 4, 242)
(266, 105, 4, 5, 237)
(295, 182, 0, 9, 171)
(171, 220, 4, 3, 190)
(21, 224, 5, 2, 114)
(296, 58, 8, 12, 211)
(273, 224, 3, 9, 139)
(283, 95, 3, 4, 222)
(245, 184, 0, 0, 146)
(264, 207, 7, 4, 148)
(286, 218, 12, 1, 113)
(298, 179, 0, 10, 102)
(191, 107, 10, 19, 113)
(238, 223, 8, 1, 140)
(154, 224, 98, 0, 0)
(284, 82, 5, 6, 149)
(49, 216, 85, 0, 214)
(18, 134, 13, 7, 213)
(271, 52, 8, 8, 177)
(240, 196, 16, 1, 179)
(267, 83, 7, 4, 158)
(294, 91, 5, 3, 157)
(271, 224, 6, 0, 138)
(248, 29, 8, 8, 210)
(57, 97, 10, 10, 101)
(274, 156, 10, 0, 72)
(250, 223, 2, 1, 195)
(28, 217, 10, 2, 188)
(278, 77, 0, 127, 132)
(250, 221, 38, 1, 159)
(27, 116, 0, 108, 152)
(88, 201, 12, 1, 195)
(100, 57, 5, 5, 116)
(159, 77, 12, 3, 166)
(97, 129, 43, 5, 174)
(299, 209, 0, 0, 195)
(248, 2, 2, 7, 145)
(299, 20, 0, 14, 15)
(156, 224, 1, 0, 255)
(163, 190, 78, 0, 128)
(297, 32, 2, 6, 153)
(207, 224, 23, 0, 155)
(256, 117, 7, 6, 166)
(0, 80, 7, 10, 84)
(297, 163, 12, 3, 195)
(298, 218, 9, 0, 121)
(124, 190, 4, 8, 72)
(289, 207, 1, 6, 229)
(240, 130, 15, 3, 247)
(159, 207, 9, 13, 216)
(124, 106, 12, 6, 153)
(240, 153, 21, 2, 226)
(144, 192, 8, 3, 219)
(234, 88, 16, 2, 193)
(271, 146, 13, 3, 224)
(144, 191, 2, 3, 178)
(43, 176, 13, 2, 147)
(242, 208, 57, 0, 104)
(76, 86, 4, 7, 176)
(68, 196, 161, 0, 122)
(279, 139, 2, 10, 195)
(293, 117, 6, 7, 196)
(34, 188, 6, 20, 210)
(59, 151, 125, 0, 16)
(163, 202, 32, 2, 178)
(283, 6, 12, 9, 155)
(292, 89, 0, 0, 69)
(292, 35, 5, 4, 227)
(135, 224, 107, 0, 94)
(18, 218, 2, 2, 101)
(31, 110, 10, 10, 153)
(277, 0, 2, 4, 142)
(158, 188, 3, 3, 213)
(237, 150, 2, 4, 124)
(272, 122, 6, 1, 153)
(288, 141, 8, 1, 213)
(183, 183, 7, 4, 170)
(260, 78, 18, 3, 207)
(187, 86, 9, 7, 131)
(273, 89, 2, 4, 138)
(273, 72, 42, 2, 159)
(299, 149, 21, 9, 161)
(110, 201, 152, 0, 192)
(228, 211, 7, 5, 190)
(238, 219, 34, 2, 147)
(233, 223, 2, 1, 80)
(283, 21, 5, 7, 199)
(299, 180, 0, 18, 234)
(47, 49, 6, 40, 197)
(117, 168, 3, 8, 238)
(231, 186, 0, 0, 119)
(233, 14, 3, 28, 155)
(269, 224, 22, 0, 136)
(84, 0, 33, 8, 210)
(161, 166, 4, 15, 136)
(246, 199, 25, 2, 225)
(122, 186, 3, 4, 238)
(299, 157, 0, 56, 222)
(240, 192, 59, 3, 173)
(177, 214, 44, 3, 202)
(257, 194, 16, 4, 181)
(0, 224, 55, 0, 214)
(140, 223, 0, 0, 9)
(96, 199, 11, 2, 227)
(44, 224, 254, 0, 183)
(176, 130, 4, 15, 128)
(189, 184, 9, 2, 250)
(124, 136, 5, 9, 129)
(153, 224, 14, 0, 75)
(253, 15, 7, 17, 194)
(299, 206, 6, 3, 179)
(0, 133, 3, 6, 67)
(283, 0, 0, 11, 215)
(275, 179, 2, 12, 186)
(299, 150, 0, 0, 232)
(66, 23, 11, 10, 223)
(41, 143, 22, 6, 241)
(288, 161, 2, 3, 230)
(161, 192, 2, 10, 81)
(252, 27, 1, 20, 163)
(299, 58, 0, 74, 89)
(256, 130, 12, 4, 190)
(147, 144, 3, 5, 138)
(27, 212, 10, 1, 186)
(251, 35, 3, 7, 208)
(282, 186, 13, 0, 155)
(225, 0, 24, 0, 9)
(245, 149, 4, 3, 153)
(167, 218, 14, 1, 232)
(186, 198, 36, 0, 42)
(224, 50, 48, 2, 184)
(148, 171, 1, 9, 69)
(176, 91, 0, 11, 198)
(176, 161, 6, 5, 80)
(109, 218, 121, 0, 58)
(211, 169, 9, 7, 232)
(193, 8, 3, 46, 228)
(155, 211, 0, 12, 0)
(172, 190, 20, 4, 145)
(96, 65, 2, 13, 109)
(209, 222, 90, 0, 135)
(11, 222, 13, 2, 212)
(176, 177, 2, 5, 125)
(123, 207, 3, 2, 150)
(100, 42, 3, 10, 171)
(0, 187, 33, 2, 117)
(283, 106, 2, 5, 154)
(90, 148, 22, 3, 87)
(210, 187, 0, 0, 209)
(177, 20, 57, 4, 231)
(246, 60, 1, 18, 179)
(291, 222, 2, 2, 129)
(132, 201, 6, 2, 236)
(237, 190, 1, 16, 192)
(237, 224, 10, 0, 31)
(195, 202, 24, 3, 226)
(249, 168, 13, 0, 62)
(284, 116, 15, 1, 220)
(210, 148, 4, 3, 95)
(40, 87, 17, 2, 169)
(288, 122, 0, 29, 35)
(161, 139, 2, 7, 87)
(238, 159, 30, 1, 179)
(279, 222, 7, 2, 197)
(38, 208, 164, 0, 66)
(72, 107, 16, 4, 36)
(299, 163, 0, 38, 180)
(147, 220, 14, 3, 209)
(146, 182, 0, 0, 49)
(234, 114, 3, 3, 137)
(147, 54, 14, 2, 150)
(120, 83, 5, 5, 211)
(285, 98, 0, 71, 231)
(254, 202, 7, 2, 161)
(233, 224, 42, 0, 192)
(220, 25, 3, 22, 166)
(281, 136, 6, 9, 179)
(264, 87, 4, 7, 177)
(178, 151, 1, 5, 204)
(299, 0, 0, 133, 30)
(143, 202, 3, 11, 181)
(299, 30, 0, 177, 176)
(215, 222, 5, 1, 146)
(18, 24, 11, 7, 164)
(168, 209, 0, 15, 40)
(286, 84, 11, 2, 210)
(207, 153, 2, 3, 246)
(270, 126, 15, 3, 182)
(299, 224, 0, 3, 68)
(13, 224, 64, 0, 186)
(247, 206, 10, 1, 205)
(102, 34, 7, 6, 126)
(205, 224, 8, 0, 0)
(271, 188, 6, 5, 186)
(297, 49, 2, 4, 170)
(76, 195, 3, 3, 128)
(89, 137, 4, 3, 104)
(169, 35, 11, 12, 174)
(263, 108, 0, 20, 11)
(299, 184, 0, 0, 144)
(54, 159, 12, 3, 193)
(218, 219, 60, 0, 30)
(284, 120, 3, 5, 157)
(290, 30, 1, 11, 219)
(103, 134, 11, 5, 78)
(200, 172, 9, 2, 195)
(299, 224, 0, 0, 43)
(183, 167, 20, 6, 247)
(251, 48, 3, 7, 221)
(264, 68, 22, 2, 210)
(272, 151, 1, 3, 131)
(167, 101, 1, 36, 176)
(299, 223, 0, 0, 110)
(155, 85, 4, 13, 169)
(151, 18, 8, 31, 200)
(72, 39, 4, 7, 164)
(62, 219, 85, 0, 154)
(116, 205, 7, 2, 147)
(286, 204, 1, 11, 174)
(67, 205, 68, 0, 32)
(285, 164, 2, 8, 229)
(255, 57, 7, 4, 239)
(299, 84, 0, 67, 0)
(161, 213, 8, 1, 123)
(299, 112, 0, 26, 112)
(57, 190, 204, 0, 230)
(28, 44, 10, 11, 165)
(116, 42, 3, 5, 199)
(112, 18, 6, 5, 168)
(226, 86, 3, 9, 157)
(269, 201, 3, 4, 198)
(289, 95, 0, 113, 139)
(58, 205, 17, 7, 227)
(194, 224, 106, 0, 148)
(18, 213, 0, 0, 27)
(138, 42, 23, 6, 198)
(113, 146, 16, 5, 201)
(248, 224, 51, 0, 39)
(241, 149, 2, 5, 242)
(125, 200, 7, 1, 157)
(278, 194, 19, 1, 163)
(249, 142, 11, 1, 171)
(295, 210, 4, 2, 148)
(127, 203, 4, 11, 200)
(286, 210, 4, 3, 207)
(211, 118, 2, 8, 157)
(2, 220, 10, 1, 206)
(266, 128, 2, 4, 218)
(210, 211, 11, 0, 129)
(150, 100, 3, 14, 109)
(291, 194, 0, 6, 8)
(299, 88, 0, 116, 134)
(25, 182, 6, 1, 214)
(279, 70, 1, 9, 160)
(267, 224, 0, 0, 15)
(64, 180, 35, 1, 227)
(299, 124, 0, 0, 201)
(146, 222, 69, 0, 255)
(34, 170, 23, 5, 65)
(273, 181, 2, 1, 180)
(109, 183, 130, 0, 236)
(41, 178, 11, 2, 191)
(284, 186, 7, 8, 167)
(271, 149, 1, 14, 183)
(115, 131, 19, 5, 162)
(85, 157, 13, 9, 76)
(221, 128, 10, 12, 238)
(207, 174, 0, 16, 241)
(252, 171, 0, 24, 41)
(0, 197, 23, 0, 46)
(239, 134, 6, 3, 228)
(283, 168, 17, 2, 233)
(299, 224, 0, 0, 174)
(212, 10, 0, 119, 199)
(94, 45, 4, 6, 73)
(264, 202, 7, 2, 197)
(259, 170, 0, 39, 221)
(287, 193, 0, 31, 204)
(226, 0, 20, 11, 229)
(0, 185, 0, 0, 183)
(299, 200, 0, 0, 30)
(210, 160, 0, 31, 77)
(99, 196, 8, 3, 215)
(263, 219, 8, 3, 143)
(244, 17, 1, 6, 137)
(66, 143, 8, 1, 131)
(67, 161, 5, 10, 117)
(175, 78, 27, 1, 94)
(279, 224, 0, 0, 16)
(225, 217, 10, 3, 168)
(228, 160, 0, 0, 206)
(96, 130, 4, 21, 207)
(229, 79, 1, 4, 113)
(299, 189, 0, 11, 132)
(286, 17, 0, 179, 141)
(299, 207, 0, 0, 82)
(130, 82, 3, 5, 145)
(23, 224, 265, 0, 201)
(299, 224, 0, 0, 213)
(31, 224, 26, 0, 225)
(208, 132, 15, 12, 244)
(0, 112, 0, 60, 2)
(184, 224, 92, 0, 45)
(296, 178, 4, 2, 204)
(290, 224, 9, 0, 179)
(75, 22, 18, 3, 152)
(229, 157, 5, 1, 111)
(111, 224, 6, 0, 137)
(38, 98, 4, 8, 79)
(151, 150, 10, 10, 163)
(282, 204, 0, 16, 130)
(153, 11, 7, 10, 192)
(230, 78, 6, 4, 126)
(245, 100, 12, 1, 235)
(287, 203, 8, 4, 191)
(0, 171, 123, 0, 224)
(165, 194, 7, 4, 247)
(297, 185, 9, 7, 151)
(215, 174, 86, 1, 225)
(68, 67, 26, 10, 180)
(165, 72, 28, 4, 140)
(279, 132, 3, 10, 217)
(287, 78, 12, 4, 176)
(169, 83, 0, 58, 138)
(299, 20, 6, 4, 118)
(299, 189, 0, 0, 40)
(286, 42, 0, 104, 24)
(0, 186, 25, 1, 83)
(0, 63, 34, 2, 99)
(296, 162, 0, 26, 56)
(292, 120, 0, 88, 141)
(290, 217, 9, 1, 133)
(250, 138, 0, 0, 124)
(221, 61, 3, 11, 137)
(187, 157, 19, 2, 97)
(296, 145, 2, 7, 161)
(164, 198, 0, 16, 60)
(200, 156, 1, 7, 166)
(284, 159, 2, 5, 210)
(265, 224, 0, 0, 0)
(99, 87, 5, 14, 157)
(179, 187, 3, 4, 229)
(39, 21, 7, 14, 146)
(274, 140, 8, 1, 190)
(206, 101, 9, 6, 120)
(255, 184, 4, 6, 179)
(183, 224, 10, 0, 239)
(217, 0, 16, 26, 228)
(51, 62, 12, 24, 196)
(270, 209, 4, 9, 160)
(3, 132, 13, 6, 128)
(299, 177, 0, 6, 138)
(263, 181, 0, 16, 242)
(295, 182, 5, 1, 193)
(271, 74, 3, 9, 214)
(233, 161, 5, 1, 229)
(90, 213, 53, 0, 10)
(164, 160, 0, 0, 201)
(267, 0, 3, 7, 195)
(71, 172, 28, 2, 229)
(110, 186, 2, 4, 231)
(291, 19, 0, 9, 93)
(265, 106, 3, 0, 211)
(208, 210, 13, 5, 207)
(272, 193, 0, 0, 214)
(286, 224, 7, 0, 71)
(209, 132, 0, 37, 69)
(76, 60, 69, 0, 200)
(9, 224, 116, 0, 115)
(219, 36, 1, 9, 177)
(238, 93, 8, 6, 221)
(260, 98, 0, 26, 86)
(174, 164, 4, 10, 231)
(271, 178, 13, 1, 218)
(299, 16, 0, 177, 134)
(69, 98, 3, 7, 37)
(155, 201, 6, 3, 199)
(278, 79, 4, 7, 213)
(58, 224, 87, 0, 105)
(293, 203, 6, 0, 124)
(259, 207, 6, 2, 143)
(196, 182, 3, 1, 152)
(227, 201, 13, 0, 190)
(263, 136, 4, 2, 114)
(177, 169, 117, 0, 155)
(296, 117, 0, 69, 12)
(296, 85, 0, 92, 93)
(133, 15, 5, 8, 90)
(299, 224, 0, 0, 14)
(72, 191, 0, 0, 115)
(75, 136, 10, 3, 151)
(108, 192, 0, 0, 177)
(95, 162, 9, 6, 115)
(198, 96, 6, 9, 211)
(188, 59, 4, 13, 109)
(292, 201, 2, 2, 135)
(40, 200, 64, 0, 18)
(210, 25, 4, 8, 241)
(193, 44, 3, 6, 166)
(77, 36, 20, 3, 158)
(286, 154, 0, 44, 75)
(207, 129, 11, 2, 147)
(294, 209, 5, 1, 156)
(200, 210, 0, 11, 0)
(299, 9, 0, 24, 18)
(271, 169, 17, 0, 85)
(102, 191, 4, 4, 125)
(241, 146, 3, 2, 113)
(12, 224, 40, 0, 134)
(133, 166, 4, 17, 201)
(279, 74, 12, 3, 152)
(269, 135, 5, 2, 209)
(273, 164, 3, 5, 217)
(299, 171, 4, 8, 213)
(247, 125, 0, 42, 118)
(29, 136, 68, 0, 201)
(235, 12, 2, 15, 176)
(298, 77, 2, 4, 178)
(299, 224, 9, 0, 105)
(277, 189, 0, 53, 237)
(255, 213, 20, 1, 171)
(101, 0, 12, 18, 217)
(293, 64, 6, 4, 205)
(102, 171, 205, 0, 56)
(189, 8, 35, 6, 224)
(287, 160, 17, 1, 166)
(52, 69, 0, 44, 163)
(190, 196, 2, 7, 178)
(299, 209, 0, 11, 113)
(297, 208, 2, 2, 161)
(195, 115, 0, 17, 48)
(258, 150, 0, 0, 79)
(219, 196, 13, 2, 220)
(182, 184, 2, 2, 81)
(91, 211, 55, 0, 83)
(242, 41, 4, 18, 198)
(213, 48, 3, 6, 133)
(95, 131, 10, 2, 104)
(124, 206, 3, 6, 146)
(299, 74, 0, 39, 4)
(194, 107, 11, 2, 109)
(200, 94, 16, 1, 175)
(232, 212, 32, 0, 242)
(255, 144, 0, 15, 249)
(178, 106, 6, 13, 171)
(273, 35, 0, 133, 214)
(270, 195, 0, 13, 7)
(51, 224, 138, 0, 136)
(299, 156, 0, 19, 15)
(286, 224, 0, 0, 3)
(274, 117, 3, 2, 173)
(81, 224, 167, 0, 187)
(49, 141, 91, 0, 68)
(271, 20, 2, 10, 200)
(298, 104, 1, 3, 227)
(138, 196, 5, 5, 137)
(287, 81, 0, 0, 154)
(247, 198, 13, 1, 228)
(65, 58, 7, 14, 149)
(176, 198, 3, 9, 205)
(299, 129, 0, 20, 156)
(299, 65, 0, 52, 79)
(289, 212, 0, 11, 74)
(297, 135, 8, 3, 174)
(35, 102, 4, 17, 187)
(299, 44, 0, 0, 141)
(57, 194, 22, 2, 222)
(291, 76, 2, 3, 200)
(252, 219, 8, 1, 161)
(130, 136, 12, 0, 243)
(236, 224, 47, 0, 235)
(299, 186, 0, 0, 239)
(248, 207, 3, 2, 208)
(250, 201, 0, 26, 11)
(81, 209, 3, 5, 214)
(151, 185, 9, 3, 203)
(299, 187, 0, 11, 102)
(70, 172, 0, 0, 72)
(78, 93, 8, 9, 60)
(251, 146, 13, 2, 190)
(40, 212, 8, 6, 203)
(251, 174, 5, 0, 225)
(197, 211, 101, 0, 8)
(245, 69, 12, 3, 158)
(168, 29, 18, 6, 197)
(272, 173, 10, 4, 233)
(207, 200, 0, 0, 86)
(290, 121, 0, 31, 67)
(175, 198, 13, 1, 177)
(293, 141, 0, 0, 67)
(290, 76, 0, 133, 168)
(181, 153, 5, 3, 122)
(136, 209, 15, 1, 168)
(22, 202, 32, 6, 206)
(0, 170, 19, 6, 51)
(272, 89, 0, 0, 255)
(196, 165, 8, 4, 255)
(185, 198, 5, 1, 194)
(299, 90, 0, 87, 161)
(7, 109, 13, 11, 94)
(208, 189, 2, 4, 160)
(247, 88, 12, 0, 238)
(285, 153, 5, 3, 175)
(244, 139, 6, 3, 219)
(128, 45, 1, 24, 124)
(236, 158, 8, 3, 217)
(75, 206, 3, 4, 227)
(99, 156, 4, 4, 174)
(299, 92, 0, 25, 207)
(188, 105, 9, 3, 220)
(104, 206, 12, 1, 208)
(293, 94, 2, 6, 147)
(285, 186, 0, 3, 148)
(217, 76, 4, 9, 207)
(51, 193, 49, 0, 134)
(161, 167, 6, 13, 153)
(192, 131, 4, 13, 248)
(246, 156, 9, 1, 167)
(168, 202, 141, 0, 161)
(269, 134, 0, 0, 201)
(109, 150, 6, 4, 47)
(273, 5, 0, 87, 116)
(279, 16, 10, 1, 220)
(50, 176, 16, 1, 101)
(299, 194, 0, 0, 0)
(293, 43, 4, 2, 210)
(179, 213, 21, 1, 216)
(290, 44, 7, 2, 178)
(89, 224, 152, 0, 185)
(263, 107, 5, 17, 216)
(271, 113, 4, 4, 235)
(295, 99, 0, 110, 98)
(259, 47, 6, 5, 196)
(225, 199, 16, 0, 106)
(238, 148, 4, 2, 141)
(225, 73, 15, 0, 26)
(240, 87, 2, 8, 232)
(160, 0, 25, 9, 219)
(299, 33, 1, 2, 142)
(240, 140, 0, 63, 50)
(242, 77, 3, 11, 194)
(251, 20, 1, 8, 149)
(258, 147, 0, 2, 179)
(190, 200, 7, 2, 147)
(236, 219, 3, 4, 137)
(222, 48, 4, 4, 180)
(0, 0, 14, 6, 180)
(206, 176, 41, 2, 245)
(73, 216, 63, 0, 210)
(236, 118, 2, 17, 209)
(140, 94, 10, 17, 88)
(263, 191, 13, 2, 183)
(298, 1, 25, 3, 135)
(171, 175, 0, 0, 227)
(268, 172, 5, 2, 217)
(97, 134, 3, 5, 250)
(299, 195, 0, 29, 135)
(1, 224, 50, 0, 16)
(222, 210, 12, 2, 198)
(167, 223, 3, 5, 204)
(299, 192, 0, 0, 172)
(277, 114, 6, 2, 181)
(248, 62, 5, 9, 169)
(260, 31, 6, 8, 177)
(299, 17, 0, 109, 159)
(274, 157, 2, 2, 124)
(299, 11, 0, 0, 28)
(277, 124, 4, 3, 118)
(250, 106, 5, 16, 196)
(186, 218, 0, 0, 255)
(87, 61, 8, 16, 198)
(34, 43, 28, 6, 173)
(264, 176, 8, 2, 205)
(273, 195, 0, 20, 131)
(146, 119, 5, 2, 62)
(231, 89, 3, 9, 217)
(177, 77, 0, 19, 138)
(287, 70, 0, 104, 14)
(274, 201, 0, 20, 195)
(78, 47, 5, 11, 234)
(289, 219, 3, 4, 121)
(225, 84, 2, 4, 220)
(28, 224, 86, 0, 51)
(67, 116, 7, 5, 149)
(289, 189, 4, 2, 147)
(101, 207, 15, 8, 227)
(179, 165, 3, 0, 88)
(211, 204, 54, 0, 130)
(145, 160, 1, 17, 93)
(101, 207, 4, 5, 217)
(63, 165, 82, 0, 198)
(196, 111, 8, 4, 148)
(244, 172, 23, 2, 205)
(63, 224, 239, 0, 249)
(291, 124, 6, 5, 220)
(141, 202, 13, 1, 124)
(292, 214, 13, 0, 105)
(180, 143, 3, 5, 252)
(299, 178, 0, 65, 84)
(0, 196, 35, 0, 103)
(192, 146, 6, 6, 197)
(261, 169, 0, 12, 75)
(15, 222, 78, 0, 97)
(217, 78, 0, 60, 93)
(21, 33, 12, 6, 208)
(87, 114, 4, 7, 167)
(144, 76, 5, 13, 155)
(250, 211, 0, 3, 23)
(134, 215, 6, 9, 191)
(298, 158, 1, 0, 234)
(163, 224, 85, 0, 74)
(19, 92, 7, 8, 76)
(158, 145, 1, 11, 79)
(277, 222, 2, 1, 196)
(247, 88, 0, 95, 136)
(282, 108, 0, 0, 95)
(25, 145, 2, 16, 72)
(89, 224, 179, 0, 68)
(107, 103, 22, 4, 194)
(217, 224, 0, 42, 255)
(81, 196, 0, 19, 209)
(255, 45, 39, 0, 138)
(299, 190, 0, 0, 0)
(284, 179, 10, 1, 179)
(122, 193, 3, 6, 73)
(282, 138, 4, 3, 160)
(66, 220, 227, 0, 49)
(178, 141, 1, 1, 221)
(290, 95, 0, 64, 135)
(217, 25, 4, 5, 190)
(73, 123, 5, 11, 241)
(191, 163, 43, 0, 5)
(203, 133, 0, 5, 70)
(228, 133, 0, 0, 216)
(191, 187, 3, 4, 240)
(282, 143, 0, 43, 50)
(130, 27, 6, 42, 188)
(254, 18, 3, 6, 159)
(252, 224, 2, 2, 224)
(71, 212, 125, 0, 247)
(174, 84, 14, 4, 154)
(299, 87, 0, 115, 97)
(261, 161, 22, 0, 9)
(96, 178, 0, 0, 51)
(235, 37, 18, 2, 171)
(131, 96, 2, 13, 95)
(216, 197, 3, 2, 171)
(276, 54, 0, 25, 37)
(233, 224, 6, 0, 200)
(243, 73, 0, 57, 10)
(250, 0, 3, 3, 195)
(299, 221, 0, 0, 64)
(210, 64, 2, 9, 225)
(297, 140, 0, 20, 160)
(239, 224, 23, 0, 86)
(201, 197, 69, 0, 105)
(258, 63, 2, 31, 168)
(247, 224, 0, 0, 24)
(251, 174, 17, 1, 234)
(109, 224, 42, 0, 255)
(275, 53, 14, 1, 179)
(70, 148, 5, 2, 206)
(291, 131, 8, 2, 197)
(260, 77, 0, 84, 115)
(0, 86, 0, 89, 251)
(269, 130, 1, 1, 43)
(126, 174, 3, 10, 236)
(299, 215, 10, 0, 154)
(263, 100, 5, 4, 187)
(113, 131, 7, 0, 168)
(271, 221, 0, 0, 165)
(237, 121, 0, 26, 88)
(290, 154, 0, 11, 21)
(38, 157, 19, 2, 171)
(106, 224, 65, 0, 163)
(29, 223, 64, 0, 201)
(261, 203, 0, 21, 230)
(299, 205, 0, 20, 103)
(299, 33, 0, 104, 49)
(279, 216, 0, 0, 187)
(77, 186, 4, 0, 78)
(299, 96, 0, 12, 156)
(185, 217, 109, 0, 75)
(299, 203, 0, 2, 60)
(56, 51, 9, 5, 90)
(253, 224, 0, 0, 174)
(123, 179, 0, 0, 162)
(299, 166, 0, 0, 52)
(274, 128, 2, 7, 185)
(264, 210, 3, 4, 180)
(274, 209, 8, 4, 146)
(256, 219, 32, 0, 95)
(299, 204, 0, 0, 218)
(71, 69, 19, 5, 165)
(290, 69, 0, 97, 198)
(62, 190, 3, 7, 223)
(246, 191, 0, 0, 116)
(295, 224, 0, 0, 38)
(283, 171, 16, 2, 219)
(0, 53, 0, 17, 240)
(160, 0, 0, 172, 144)
(249, 124, 6, 1, 137)
(33, 207, 250, 0, 71)
(262, 159, 0, 15, 0)
(212, 95, 13, 2, 163)
(275, 155, 6, 1, 223)
(200, 190, 49, 0, 105)
(193, 210, 0, 0, 255)
(122, 50, 2, 22, 112)
(299, 169, 0, 0, 206)
(274, 215, 15, 0, 8)
(284, 134, 0, 0, 165)
(49, 187, 8, 4, 196)
(103, 120, 5, 11, 164)
(95, 208, 114, 0, 16)
(28, 224, 0, 0, 19)
(265, 215, 0, 19, 5)
(241, 209, 0, 29, 56)
(278, 219, 3, 3, 167)
(299, 152, 0, 0, 186)
(117, 78, 4, 6, 208)
(181, 8, 0, 43, 153)
(141, 52, 3, 7, 114)
(290, 115, 2, 4, 190)
(258, 22, 25, 0, 14)
(289, 219, 10, 0, 102)
(133, 224, 7, 10, 179)
(253, 224, 0, 0, 239)
(184, 203, 0, 0, 73)
(202, 215, 47, 0, 111)
(246, 109, 30, 1, 201)
(102, 217, 2, 4, 192)
(298, 100, 0, 64, 247)
(186, 224, 0, 1, 186)
(198, 137, 2, 14, 96)
(215, 119, 3, 5, 93)
(168, 93, 7, 5, 112)
(17, 183, 5, 4, 92)
(254, 204, 13, 1, 159)
(31, 127, 8, 27, 192)
(27, 145, 3, 4, 146)
(288, 224, 11, 0, 34)
(235, 111, 7, 2, 109)
(299, 0, 0, 153, 171)
(271, 94, 4, 9, 208)
(124, 74, 5, 7, 206)
(36, 59, 6, 16, 196)
(119, 209, 5, 5, 212)
(273, 224, 26, 0, 208)
(23, 78, 5, 9, 108)
(243, 164, 2, 1, 143)
(234, 14, 1, 6, 110)
(286, 178, 2, 0, 208)
(210, 50, 3, 15, 179)
(261, 160, 1, 11, 209)
(109, 89, 26, 4, 164)
(296, 223, 2, 8, 105)
(145, 4, 6, 28, 198)
(114, 125, 11, 7, 178)
(222, 224, 3, 2, 126)
(201, 224, 0, 0, 24)
(273, 62, 0, 19, 22)
(275, 87, 7, 5, 159)
(0, 224, 172, 0, 239)
(96, 189, 6, 1, 75)
(243, 196, 0, 22, 108)
(186, 197, 4, 2, 229)
(214, 32, 0, 60, 235)
(53, 164, 0, 18, 255)
(101, 194, 142, 0, 23)
(39, 154, 19, 3, 201)
(108, 184, 9, 1, 142)
(220, 224, 58, 0, 143)
(263, 151, 2, 4, 179)
(156, 110, 3, 15, 111)
(299, 224, 0, 0, 217)
(130, 6, 5, 5, 87)
(299, 53, 0, 30, 12)
(258, 79, 14, 2, 206)
(256, 166, 0, 29, 200)
(267, 142, 8, 1, 122)
(223, 224, 62, 0, 115)
(82, 181, 25, 1, 119)
(5, 224, 44, 0, 223)
(91, 224, 0, 0, 132)
(293, 78, 6, 1, 151)
(224, 31, 2, 4, 222)
(78, 140, 2, 19, 161)
(256, 116, 3, 5, 184)
(89, 222, 44, 0, 105)
(187, 109, 10, 2, 103)
(299, 66, 0, 96, 219)
(113, 169, 9, 5, 236)
(30, 199, 19, 6, 208)
(194, 178, 31, 0, 52)
(239, 186, 25, 0, 150)
(230, 31, 5, 9, 140)
(289, 95, 1, 24, 177)
(132, 203, 0, 0, 161)
(30, 200, 12, 0, 199)
(117, 188, 2, 10, 216)
(173, 206, 12, 0, 20)
(172, 175, 2, 7, 181)
(239, 52, 9, 3, 182)
(0, 224, 135, 0, 112)
(79, 16, 2, 19, 158)
(262, 220, 22, 0, 95)
(264, 3, 2, 6, 138)
(297, 110, 2, 1, 165)
(299, 35, 0, 75, 129)
(183, 204, 67, 0, 237)
(249, 224, 7, 0, 188)
(299, 24, 0, 12, 221)
(163, 224, 25, 0, 255)
(272, 131, 0, 21, 0)
(16, 218, 2, 3, 129)
(291, 224, 0, 0, 179)
(296, 161, 0, 18, 156)
(279, 224, 1, 1, 231)
(249, 224, 0, 0, 0)
(251, 109, 1, 8, 161)
(227, 153, 3, 3, 138)
(47, 184, 48, 0, 255)
(253, 143, 15, 2, 238)
(74, 224, 193, 0, 143)
(291, 196, 1, 14, 199)
(299, 217, 0, 3, 78)
(267, 148, 0, 22, 77)
(299, 155, 0, 10, 239)
(258, 147, 4, 11, 217)
(295, 216, 7, 2, 129)
(263, 71, 4, 3, 235)
(274, 203, 0, 0, 31)
(133, 153, 1, 38, 202)
(244, 202, 29, 0, 164)
(97, 214, 72, 0, 169)
(263, 163, 11, 6, 229)
(181, 179, 18, 3, 213)
(199, 183, 3, 4, 166)
(28, 216, 103, 0, 87)
(65, 83, 0, 35, 158)
(204, 197, 3, 2, 175)
(217, 223, 2, 4, 170)
(72, 59, 5, 8, 229)
(168, 113, 7, 5, 135)
(249, 0, 0, 124, 80)
(99, 202, 200, 0, 199)
(248, 168, 17, 1, 190)
(54, 202, 139, 0, 139)
(299, 155, 0, 58, 230)
(164, 162, 4, 6, 163)
(1, 224, 10, 1, 74)
(271, 23, 0, 92, 215)
(220, 119, 2, 3, 211)
(164, 184, 7, 4, 116)
(186, 224, 6, 1, 189)
(194, 187, 2, 10, 226)
(63, 40, 149, 0, 73)
(196, 178, 28, 0, 161)
(127, 161, 4, 9, 84)
(33, 0, 220, 0, 20)
(72, 206, 188, 0, 17)
(209, 207, 19, 0, 251)
(125, 42, 13, 11, 163)
(28, 207, 122, 0, 154)
(264, 108, 0, 0, 112)
(299, 6, 1, 5, 190)
(294, 207, 0, 0, 0)
(84, 116, 9, 4, 178)
(278, 223, 1, 1, 218)
(204, 201, 0, 16, 222)
(124, 171, 81, 0, 193)
(243, 112, 2, 11, 166)
(258, 195, 0, 0, 10)
(229, 164, 11, 1, 116)
(297, 146, 13, 2, 219)
(256, 0, 2, 23, 200)
(285, 81, 24, 0, 200)
(234, 224, 0, 0, 94)
(299, 159, 0, 26, 194)
(98, 76, 5, 5, 194)
(0, 224, 247, 0, 106)
(139, 169, 1, 6, 165)
(131, 140, 0, 0, 225)
(299, 212, 0, 2, 105)
(299, 132, 0, 16, 87)
(92, 59, 5, 7, 215)
(260, 224, 0, 0, 251)
(242, 204, 6, 1, 188)
(30, 22, 3, 15, 217)
(66, 116, 1, 15, 159)
(47, 220, 8, 3, 183)
(261, 165, 0, 9, 0)
(195, 189, 4, 3, 187)
(83, 201, 47, 0, 226)
(230, 165, 0, 0, 139)
(181, 56, 4, 3, 103)
(289, 64, 4, 4, 219)
(58, 145, 3, 1, 79)
(215, 117, 0, 63, 220)
(144, 224, 47, 0, 244)
(107, 204, 9, 1, 116)
(222, 86, 1, 10, 190)
(70, 222, 38, 0, 113)
(258, 22, 1, 16, 209)
(164, 196, 28, 0, 188)
(299, 33, 0, 27, 205)
(129, 64, 4, 3, 214)
(287, 206, 16, 1, 181)
(11, 217, 5, 2, 223)
(142, 115, 1, 19, 142)
(241, 205, 24, 0, 208)
(275, 209, 0, 0, 10)
(253, 138, 5, 3, 213)
(110, 41, 156, 0, 114)
(289, 85, 3, 3, 176)
(299, 224, 0, 0, 219)
(220, 139, 65, 0, 255)
(299, 132, 0, 0, 171)
(236, 170, 5, 2, 194)
(264, 212, 0, 12, 241)
(124, 173, 1, 7, 75)
(47, 192, 150, 0, 77)
(54, 50, 5, 6, 127)
(160, 201, 13, 2, 142)
(255, 0, 0, 27, 92)
(61, 176, 0, 7, 79)
(227, 141, 8, 5, 249)
(221, 149, 6, 4, 187)
(269, 60, 10, 3, 195)
(153, 117, 5, 3, 81)
(299, 174, 0, 31, 220)
(279, 82, 0, 19, 1)
(47, 217, 22, 0, 232)
(166, 122, 0, 1, 71)
(103, 69, 3, 5, 101)
(0, 224, 157, 0, 0)
(174, 198, 0, 0, 20)
(290, 206, 7, 0, 181)
(38, 198, 164, 0, 149)
(262, 7, 3, 2, 191)
(243, 224, 25, 0, 171)
(30, 224, 138, 0, 84)
(92, 213, 9, 5, 225)
(211, 224, 47, 0, 74)
(8, 172, 4, 0, 132)
(200, 199, 55, 0, 208)
(14, 136, 0, 0, 244)
(280, 211, 5, 1, 162)
(194, 148, 1, 15, 111)
(10, 100, 12, 4, 140)
(276, 191, 23, 0, 69)
(224, 223, 2, 1, 169)
(299, 224, 0, 0, 27)
(299, 17, 0, 112, 13)
(270, 56, 0, 92, 92)
(70, 201, 5, 3, 210)
(148, 68, 2, 6, 100)
(299, 26, 0, 77, 134)
(174, 103, 2, 4, 190)
(17, 204, 9, 5, 191)
(298, 85, 0, 148, 136)
(62, 31, 6, 9, 180)
(167, 31, 4, 14, 207)
(0, 224, 39, 0, 189)
(292, 143, 1, 2, 151)
(245, 72, 0, 0, 101)
(206, 147, 2, 4, 197)
(264, 224, 2, 2, 128)
(293, 104, 4, 2, 148)
(177, 145, 3, 12, 253)
(299, 87, 0, 28, 140)
(0, 213, 279, 0, 193)
(147, 193, 12, 0, 206)
(299, 149, 0, 39, 233)
(293, 95, 0, 46, 203)
(273, 11, 0, 102, 52)
(47, 212, 10, 7, 225)
(160, 158, 3, 12, 97)
(52, 29, 0, 28, 231)
(138, 206, 5, 2, 208)
(211, 46, 2, 2, 121)
(253, 43, 1, 4, 132)
(240, 138, 11, 1, 160)
(280, 224, 0, 0, 124)
(136, 140, 7, 22, 227)
(180, 217, 0, 7, 227)
(52, 224, 0, 0, 207)
(285, 222, 0, 0, 0)
(188, 161, 12, 0, 71)
(174, 197, 9, 2, 148)
(15, 220, 192, 0, 115)
(282, 74, 1, 8, 223)
(106, 186, 34, 0, 144)
(11, 72, 3, 15, 136)
(157, 196, 3, 0, 193)
(196, 224, 44, 0, 11)
(182, 193, 20, 0, 119)
(221, 137, 15, 3, 234)
(294, 183, 1, 17, 172)
(229, 224, 20, 0, 120)
(273, 189, 15, 0, 216)
(239, 179, 5, 6, 228)
(225, 215, 0, 0, 228)
(71, 114, 5, 5, 123)
(49, 0, 19, 12, 199)
(161, 214, 14, 3, 212)
(299, 40, 0, 88, 132)
(50, 224, 94, 0, 14)
(299, 74, 0, 26, 103)
(226, 156, 10, 2, 105)
(145, 155, 7, 0, 54)
(261, 123, 0, 40, 123)
(273, 95, 0, 121, 100)
(109, 86, 0, 94, 64)
(168, 17, 22, 11, 232)
(260, 71, 16, 1, 213)
(146, 224, 0, 0, 117)
(299, 127, 0, 3, 69)
(13, 122, 4, 28, 130)
(17, 224, 217, 0, 251)
(290, 182, 0, 0, 139)
(292, 204, 7, 2, 160)
(138, 185, 2, 7, 58)
(214, 195, 12, 0, 165)
(261, 122, 0, 97, 178)
(265, 215, 7, 3, 166)
(299, 224, 0, 0, 55)
(249, 161, 0, 25, 135)
(119, 224, 16, 0, 103)
(169, 184, 3, 7, 111)
(157, 194, 5, 1, 82)
(207, 186, 6, 3, 250)
(205, 224, 0, 0, 0)
(280, 15, 0, 95, 179)
(270, 19, 0, 93, 21)
(280, 144, 0, 80, 203)
(299, 147, 0, 6, 0)
(282, 204, 14, 0, 128)
(164, 48, 11, 8, 195)
(199, 124, 6, 8, 142)
(299, 33, 0, 67, 60)
(152, 210, 6, 3, 253)
(90, 224, 46, 0, 51)
(265, 223, 1, 1, 179)
(91, 224, 10, 0, 90)
(294, 198, 1, 2, 144)
(52, 207, 4, 7, 230)
(112, 224, 96, 0, 70)
(258, 224, 0, 0, 183)
(269, 127, 0, 44, 219)
(250, 29, 0, 48, 159)
(82, 168, 4, 1, 251)
(299, 219, 0, 0, 186)
(271, 16, 0, 47, 52)
(215, 65, 0, 0, 141)
(149, 185, 3, 6, 96)
(17, 142, 7, 7, 137)
(273, 202, 5, 2, 161)
(235, 120, 54, 0, 85)
(247, 223, 2, 4, 113)
(99, 197, 5, 0, 193)
(242, 224, 0, 0, 11)
(184, 216, 10, 1, 191)
(215, 36, 0, 33, 52)
(5, 224, 111, 0, 175)
(198, 207, 0, 0, 16)
(90, 78, 56, 0, 30)
(42, 209, 5, 4, 196)
(288, 32, 2, 8, 196)
(145, 110, 2, 6, 198)
(97, 224, 91, 0, 74)
(251, 224, 0, 0, 19)
(293, 110, 4, 1, 209)
(244, 181, 5, 0, 192)
(89, 165, 10, 2, 141)
(64, 190, 65, 0, 12)
(101, 190, 2, 3, 190)
(82, 76, 0, 126, 143)
(282, 34, 4, 2, 158)
(291, 211, 8, 0, 240)
(58, 174, 35, 1, 174)
(118, 204, 93, 0, 51)
(25, 165, 200, 0, 95)
(198, 224, 98, 0, 160)
(93, 224, 0, 0, 107)
(118, 198, 6, 1, 231)
(230, 159, 3, 5, 101)
(78, 165, 7, 2, 58)
(45, 224, 215, 0, 255)
(278, 181, 0, 69, 71)
(80, 218, 67, 0, 0)
(209, 224, 6, 0, 135)
(28, 192, 0, 0, 44)
(299, 0, 0, 121, 190)
(37, 213, 11, 3, 214)
(290, 176, 9, 1, 204)
(118, 224, 112, 0, 186)
(135, 108, 0, 93, 28)
(98, 209, 2, 3, 223)
(52, 106, 7, 12, 207)
(299, 107, 0, 41, 101)
(117, 218, 11, 6, 200)
(278, 132, 5, 1, 208)
(277, 213, 0, 0, 0)
(185, 222, 32, 0, 87)
(299, 218, 0, 0, 131)
(211, 165, 29, 1, 170)
(280, 88, 5, 3, 192)
(202, 194, 43, 0, 198)
(60, 193, 123, 0, 123)
(231, 223, 3, 1, 97)
(274, 101, 6, 5, 183)
(80, 124, 9, 7, 246)
(74, 224, 160, 0, 91)
(189, 224, 79, 0, 2)
(4, 204, 12, 0, 166)
(267, 162, 0, 19, 94)
(299, 103, 0, 6, 107)
(181, 33, 7, 9, 197)
(237, 206, 22, 0, 150)
(31, 224, 154, 0, 82)
(90, 139, 0, 0, 151)
(277, 224, 22, 0, 249)
(241, 187, 22, 0, 60)
(131, 167, 0, 0, 207)
(216, 68, 3, 4, 197)
(235, 135, 2, 3, 99)
(111, 153, 5, 2, 50)
(130, 87, 4, 6, 182)
(245, 106, 3, 2, 131)
(157, 184, 72, 0, 217)
(299, 224, 0, 0, 15)
(200, 82, 3, 11, 107)
(83, 224, 63, 0, 193)
(213, 172, 63, 0, 136)
(299, 85, 0, 76, 95)
(145, 190, 3, 6, 202)
(299, 37, 0, 71, 255)
(241, 221, 4, 1, 165)
(221, 224, 50, 0, 31)
(222, 184, 0, 40, 69)
(19, 188, 7, 3, 122)
(125, 88, 1, 23, 145)
(299, 224, 21, 0, 236)
(87, 143, 32, 1, 192)
(236, 111, 1, 7, 160)
(299, 215, 0, 0, 28)
(215, 224, 73, 0, 51)
(4, 181, 15, 1, 156)
(209, 224, 82, 0, 149)
(25, 211, 11, 3, 188)
(280, 212, 6, 2, 146)
(162, 128, 1, 8, 194)
(161, 88, 1, 31, 163)
(278, 92, 0, 40, 58)
(47, 110, 6, 21, 193)
(299, 188, 0, 0, 62)
(299, 128, 0, 50, 178)
(123, 141, 4, 2, 71)
(199, 81, 0, 72, 0)
(299, 91, 0, 44, 186)
(76, 50, 61, 0, 174)
(56, 153, 9, 1, 238)
(235, 223, 2, 1, 164)
(164, 184, 91, 0, 127)
(114, 55, 12, 0, 79)
(299, 139, 2, 7, 198)
(114, 184, 5, 4, 70)
(124, 95, 0, 0, 152)
(186, 97, 13, 2, 127)
(10, 213, 24, 1, 187)
(275, 131, 0, 0, 185)
(244, 106, 0, 126, 192)
(11, 213, 23, 4, 185)
(98, 118, 13, 2, 231)
(142, 176, 120, 0, 143)
(281, 197, 3, 2, 232)
(182, 74, 3, 12, 124)
(77, 212, 125, 0, 89)
(299, 206, 8, 1, 183)
(249, 72, 1, 3, 189)
(299, 0, 0, 155, 27)
(281, 107, 22, 1, 197)
(264, 72, 0, 75, 255)
(299, 196, 0, 28, 188)
(69, 224, 235, 0, 221)
(220, 224, 10, 0, 70)
(123, 113, 10, 8, 217)
(286, 141, 1, 3, 211)
(123, 207, 76, 0, 164)
(251, 202, 2, 9, 192)
(229, 37, 2, 2, 214)
(223, 53, 2, 10, 119)
(295, 6, 4, 8, 183)
(263, 74, 0, 79, 255)
(254, 215, 0, 0, 181)
(246, 48, 0, 40, 218)
(185, 205, 20, 1, 232)
(59, 178, 242, 0, 95)
(252, 224, 47, 0, 106)
(257, 222, 3, 2, 106)
(292, 179, 0, 0, 52)
(149, 91, 4, 3, 186)
(276, 79, 0, 121, 24)
(149, 224, 150, 0, 188)
(276, 187, 0, 39, 56)
(279, 189, 0, 0, 184)
(238, 128, 6, 2, 128)
(5, 223, 5, 1, 74)
(282, 166, 4, 2, 194)
(44, 0, 0, 144, 87)
(258, 224, 0, 0, 20)
(299, 220, 0, 0, 93)
(283, 153, 0, 0, 71)
(67, 61, 0, 96, 194)
(258, 82, 5, 5, 171)
(22, 224, 12, 0, 155)
(205, 201, 19, 2, 226)
(24, 209, 229, 0, 109)
(142, 160, 3, 6, 132)
(295, 99, 0, 58, 194)
(95, 130, 11, 1, 164)
(285, 97, 6, 3, 191)
(194, 71, 0, 154, 19)
(155, 218, 55, 0, 184)
(109, 215, 95, 0, 172)
(245, 184, 11, 6, 193)
(217, 222, 0, 2, 217)
(269, 6, 5, 2, 151)
(133, 216, 0, 3, 41)
(282, 172, 0, 35, 89)
(274, 103, 1, 4, 150)
(122, 126, 0, 58, 96)
(201, 130, 2, 18, 188)
(129, 224, 62, 0, 0)
(14, 224, 0, 0, 116)
(93, 150, 10, 4, 164)
(273, 222, 5, 1, 201)
(276, 168, 2, 2, 188)
(176, 206, 2, 1, 129)
(299, 147, 0, 77, 178)
(299, 183, 0, 41, 30)
(111, 191, 0, 7, 255)
(207, 198, 19, 0, 69)
(149, 101, 2, 2, 176)
(245, 171, 2, 0, 205)
(292, 210, 1, 5, 184)
(135, 145, 3, 22, 239)
(161, 222, 31, 0, 160)
(118, 50, 5, 4, 113)
(225, 202, 15, 1, 195)
(249, 164, 0, 18, 193)
(274, 72, 0, 13, 105)
(89, 151, 113, 0, 51)
(71, 209, 7, 0, 0)
(137, 204, 9, 2, 243)
(278, 50, 6, 4, 208)
(240, 224, 0, 0, 44)
(299, 207, 0, 16, 81)
(299, 50, 0, 9, 211)
(54, 194, 60, 0, 119)
(139, 191, 0, 9, 88)
(299, 50, 0, 43, 0)
(270, 224, 6, 0, 255)
(262, 175, 5, 1, 238)
(260, 209, 34, 0, 240)
(291, 222, 8, 0, 167)
(276, 218, 3, 4, 170)
(140, 209, 8, 4, 189)
(255, 224, 0, 0, 47)
(203, 123, 1, 8, 129)
(105, 83, 1, 7, 234)
(46, 212, 71, 0, 233)
(123, 23, 9, 1, 177)
(276, 6, 3, 6, 187)
(293, 153, 6, 1, 216)
(6, 181, 3, 5, 90)
(291, 174, 0, 11, 134)
(299, 70, 0, 31, 149)
(299, 120, 0, 63, 48)
(150, 10, 0, 0, 15)
(293, 19, 6, 4, 183)
(273, 178, 0, 0, 15)
(191, 107, 6, 1, 148)
(144, 224, 92, 0, 10)
(254, 45, 0, 0, 55)
(236, 190, 1, 13, 193)
(186, 129, 8, 11, 241)
(289, 214, 9, 1, 157)
(201, 224, 0, 0, 255)
(91, 215, 20, 0, 84)
(68, 125, 11, 3, 174)
(205, 104, 2, 4, 115)
(270, 167, 0, 23, 124)
(299, 108, 0, 0, 0)
(222, 204, 18, 0, 51)
(292, 0, 7, 4, 158)
(52, 135, 11, 5, 161)
(178, 182, 1, 8, 233)
(299, 69, 0, 0, 0)
(68, 137, 200, 0, 20)
(281, 28, 0, 15, 83)
(290, 0, 0, 69, 172)
(152, 205, 113, 0, 94)
(159, 224, 140, 0, 106)
(290, 82, 5, 3, 223)
(103, 182, 3, 1, 105)
(299, 194, 21, 7, 155)
(291, 151, 0, 60, 215)
(122, 147, 3, 10, 191)
(155, 176, 1, 9, 198)
(260, 224, 0, 0, 167)
(295, 0, 3, 1, 195)
(243, 65, 0, 22, 200)
(173, 219, 10, 0, 204)
(109, 168, 72, 0, 40)
(283, 54, 2, 1, 136)
(256, 133, 1, 3, 227)
(106, 190, 193, 0, 35)
(188, 216, 0, 8, 22)
(104, 205, 83, 0, 58)
(277, 210, 2, 1, 139)
(136, 203, 4, 3, 226)
(242, 0, 0, 40, 124)
(217, 21, 0, 153, 121)
(87, 141, 4, 1, 115)
(254, 194, 0, 0, 200)
(77, 224, 210, 0, 34)
(241, 188, 7, 3, 191)
(254, 212, 41, 0, 186)
(253, 121, 0, 103, 195)
(29, 144, 7, 13, 162)
(16, 224, 26, 0, 20)
(291, 190, 0, 17, 14)
(299, 209, 0, 15, 210)
(13, 89, 38, 2, 139)
(32, 112, 14, 2, 141)
(234, 158, 65, 0, 208)
(266, 41, 0, 0, 93)
(226, 78, 1, 3, 168)
(142, 87, 3, 27, 94)
(45, 204, 68, 0, 150)
(289, 14, 2, 2, 129)
(286, 207, 0, 14, 235)
(221, 126, 11, 1, 104)
(175, 194, 5, 1, 162)
(240, 44, 3, 11, 179)
(107, 51, 0, 23, 7)
(197, 222, 11, 2, 176)
(299, 32, 0, 28, 0)
(299, 224, 0, 0, 119)
(28, 167, 174, 0, 205)
(297, 95, 0, 61, 81)
(138, 214, 3, 1, 141)
(274, 164, 0, 60, 63)
(30, 186, 7, 2, 141)
(110, 221, 7, 13, 203)
(109, 67, 3, 16, 210)
(50, 204, 91, 0, 232)
(281, 92, 0, 58, 0)
(220, 139, 4, 10, 248)
(289, 223, 1, 0, 80)
(83, 124, 14, 3, 211)
(9, 68, 202, 0, 205)
(60, 216, 227, 0, 90)
(295, 144, 4, 0, 114)
(235, 216, 8, 2, 173)
(285, 113, 0, 3, 96)
(218, 103, 2, 2, 234)
(0, 0, 0, 163, 104)
(274, 102, 2, 4, 151)
(142, 129, 6, 7, 117)
(299, 97, 0, 89, 94)
(142, 195, 16, 0, 32)
(80, 31, 6, 3, 159)
(153, 163, 1, 1, 216)
(280, 55, 2, 3, 190)
(129, 180, 7, 2, 186)
(273, 111, 0, 19, 11)
(296, 158, 0, 41, 92)
(281, 0, 0, 23, 0)
(115, 212, 63, 0, 23)
(40, 60, 9, 2, 128)
(0, 29, 170, 0, 211)
(155, 20, 9, 10, 216)
(58, 145, 74, 0, 62)
(299, 224, 0, 0, 228)
(299, 78, 0, 136, 136)
(284, 129, 0, 64, 69)
(133, 224, 139, 0, 230)
(275, 13, 0, 12, 39)
(0, 91, 7, 6, 185)
(268, 215, 31, 0, 255)
(181, 206, 6, 4, 205)
(191, 153, 3, 6, 170)
(276, 72, 0, 1, 131)
(136, 138, 2, 6, 181)
(269, 90, 0, 79, 169)
(65, 128, 2, 9, 109)
(228, 27, 7, 5, 156)
(280, 188, 0, 4, 0)
(193, 191, 1, 7, 227)
(189, 221, 63, 0, 85)
(49, 20, 27, 1, 208)
(203, 38, 3, 14, 130)
(224, 154, 4, 3, 115)
(215, 151, 3, 4, 198)
(243, 209, 67, 0, 157)
(299, 57, 0, 11, 255)
(277, 92, 3, 1, 191)
(78, 201, 5, 1, 188)
(287, 217, 0, 7, 58)
(92, 224, 94, 0, 25)
(299, 61, 0, 168, 49)
(299, 212, 3, 1, 148)
(299, 27, 0, 36, 173)
(299, 191, 0, 13, 0)
(209, 154, 3, 4, 227)
(272, 123, 7, 1, 174)
(46, 218, 2, 3, 225)
(279, 65, 0, 16, 123)
(122, 180, 103, 0, 127)
(285, 206, 0, 0, 17)
(289, 70, 18, 2, 186)
(29, 101, 2, 8, 116)
(237, 224, 26, 0, 52)
(148, 224, 104, 0, 45)
(242, 217, 7, 2, 157)
(243, 152, 4, 3, 189)
(288, 58, 2, 16, 212)
(75, 92, 2, 3, 189)
(295, 72, 0, 28, 154)
(120, 187, 5, 4, 235)
(177, 190, 3, 3, 115)
(199, 201, 0, 0, 42)
(198, 110, 9, 2, 140)
(299, 202, 3, 0, 11)
(222, 99, 0, 98, 47)
(262, 57, 9, 3, 200)
(261, 194, 9, 3, 186)
(58, 122, 5, 9, 216)
(152, 13, 3, 3, 216)
(266, 11, 0, 0, 49)
(299, 13, 0, 59, 198)
(116, 166, 11, 1, 134)
(299, 55, 0, 169, 0)
(296, 95, 3, 5, 221)
(103, 39, 0, 0, 56)
(270, 130, 3, 3, 239)
(235, 54, 5, 2, 170)
(247, 218, 16, 0, 180)
(95, 224, 13, 0, 217)
(78, 111, 219, 0, 128)
(19, 147, 4, 8, 130)
(273, 55, 10, 1, 159)
(0, 215, 36, 0, 111)
(209, 188, 20, 0, 105)
(229, 89, 5, 4, 233)
(54, 224, 130, 0, 130)
(275, 94, 0, 93, 63)
(78, 59, 6, 3, 129)
(225, 221, 6, 1, 158)
(220, 157, 8, 2, 92)
(200, 207, 0, 2, 236)
(256, 200, 4, 0, 103)
(294, 180, 0, 42, 255)
(259, 201, 4, 1, 230)
(26, 223, 9, 10, 188)
(289, 172, 0, 33, 253)
(264, 212, 28, 0, 102)
(47, 224, 59, 0, 62)
(96, 100, 4, 9, 97)
(196, 93, 8, 1, 191)
(171, 114, 11, 0, 0)
(238, 9, 2, 7, 191)
(82, 56, 1, 5, 135)
(266, 155, 0, 49, 255)
(282, 191, 0, 4, 46)
(18, 195, 0, 0, 255)
(222, 224, 58, 0, 177)
(124, 196, 0, 17, 61)
(299, 124, 0, 58, 42)
(190, 191, 1, 7, 110)
(47, 119, 58, 0, 210)
(63, 134, 4, 2, 222)
(268, 191, 0, 0, 132)
(213, 219, 0, 0, 149)
(54, 188, 67, 0, 124)
(89, 27, 1, 20, 159)
(192, 111, 0, 113, 132)
(295, 150, 0, 26, 18)
(1, 224, 64, 0, 132)
(83, 224, 125, 0, 68)
(299, 116, 0, 84, 75)
(7, 224, 12, 0, 154)
(276, 143, 0, 45, 1)
(266, 54, 0, 14, 24)
(299, 160, 0, 24, 147)
(299, 207, 0, 0, 11)
(289, 80, 2, 3, 176)
(120, 208, 65, 0, 35)
(273, 209, 0, 0, 155)
(102, 50, 4, 5, 94)
(144, 104, 158, 0, 72)
(228, 68, 2, 3, 129)
(0, 203, 6, 5, 181)
(248, 196, 3, 1, 201)
(120, 160, 8, 5, 55)
(220, 107, 2, 2, 190)
(248, 166, 0, 30, 238)
(299, 196, 0, 0, 155)
(187, 135, 2, 12, 211)
(0, 191, 14, 1, 168)
(295, 183, 0, 37, 139)
(20, 156, 14, 1, 99)
(299, 35, 0, 203, 55)
(158, 185, 16, 2, 114)
(270, 129, 1, 2, 176)
(297, 11, 0, 79, 31)
(245, 59, 3, 7, 159)
(85, 224, 8, 4, 180)
(183, 224, 75, 0, 38)
(263, 188, 0, 5, 36)
(286, 115, 0, 47, 160)
(0, 172, 15, 0, 75)
(37, 217, 6, 2, 213)
(75, 185, 4, 0, 178)
(284, 18, 0, 59, 23)
(296, 136, 0, 88, 19)
(189, 169, 7, 2, 204)
(205, 108, 4, 5, 155)
(236, 98, 0, 0, 1)
(163, 121, 0, 3, 190)
(299, 208, 30, 0, 66)
(298, 219, 0, 5, 131)
(93, 159, 108, 0, 172)
(95, 211, 203, 0, 180)
(215, 192, 19, 1, 215)
(282, 203, 4, 5, 163)
(299, 197, 0, 15, 112)
(299, 83, 0, 15, 60)
(299, 197, 0, 10, 98)
(279, 13, 0, 165, 187)
(270, 28, 0, 19, 44)
(213, 193, 3, 4, 162)
(282, 136, 0, 60, 142)
(191, 179, 0, 16, 150)
(212, 206, 16, 0, 143)
(183, 224, 3, 8, 155)
(27, 222, 1, 2, 225)
(276, 197, 1, 2, 164)
(281, 195, 10, 2, 192)
(251, 154, 0, 70, 111)
(109, 192, 155, 0, 240)
(299, 137, 0, 16, 140)
(299, 69, 0, 29, 174)
(170, 149, 55, 0, 138)
(10, 178, 31, 2, 78)
(171, 77, 12, 1, 96)
(115, 122, 3, 9, 207)
(82, 0, 163, 0, 187)
(157, 224, 0, 0, 162)
(30, 224, 150, 0, 200)
(274, 124, 4, 1, 243)
(188, 184, 21, 0, 41)
(269, 170, 31, 1, 230)
(257, 93, 2, 2, 132)
(0, 179, 4, 4, 165)
(299, 21, 0, 28, 255)
(299, 61, 0, 34, 150)
(260, 224, 0, 0, 145)
(70, 199, 229, 0, 173)
(204, 174, 0, 39, 196)
(267, 224, 0, 0, 89)
(283, 0, 8, 3, 180)
(93, 224, 6, 0, 22)
(275, 110, 0, 62, 255)
(235, 14, 0, 9, 181)
(4, 30, 6, 4, 131)
(282, 224, 17, 0, 198)
(230, 44, 3, 2, 122)
(173, 79, 27, 4, 118)
(183, 203, 0, 0, 91)
(299, 38, 0, 11, 246)
(40, 66, 3, 2, 88)
(299, 109, 0, 75, 246)
(171, 98, 2, 7, 102)
(204, 126, 0, 63, 38)
(86, 224, 28, 0, 148)
(257, 217, 6, 1, 206)
(27, 85, 12, 12, 117)
(289, 61, 0, 75, 141)
(157, 224, 3, 0, 67)
(282, 69, 5, 2, 224)
(204, 224, 39, 0, 90)
(252, 185, 5, 1, 220)
(206, 185, 0, 39, 51)
(133, 203, 50, 0, 0)
(240, 189, 3, 2, 205)
(1, 206, 8, 5, 184)
(233, 224, 0, 0, 42)
(299, 224, 0, 0, 255)
(295, 126, 1, 26, 206)
(233, 206, 0, 0, 6)
(228, 224, 35, 0, 206)
(67, 153, 10, 1, 95)
(209, 193, 0, 19, 39)
(234, 96, 16, 0, 255)
(45, 192, 17, 0, 133)
(24, 215, 159, 0, 178)
(299, 181, 0, 25, 155)
(297, 195, 2, 8, 166)
(135, 81, 1, 8, 100)
(109, 185, 6, 1, 235)
(198, 54, 1, 42, 110)
(272, 164, 0, 2, 185)
(230, 94, 1, 4, 128)
(156, 224, 117, 0, 129)
(115, 101, 1, 8, 228)
(118, 219, 0, 5, 166)
(289, 180, 10, 0, 161)
(150, 199, 3, 7, 118)
(163, 224, 68, 0, 104)
(69, 224, 2, 0, 216)
(103, 224, 5, 0, 71)
(223, 224, 0, 0, 66)
(277, 123, 3, 1, 239)
(297, 108, 18, 0, 211)
(234, 68, 2, 15, 134)
(65, 126, 22, 0, 128)
(299, 114, 0, 72, 109)
(163, 217, 94, 0, 231)
(221, 188, 13, 2, 224)
(250, 65, 1, 5, 226)
(129, 205, 1, 10, 201)
(256, 88, 1, 8, 163)
(247, 120, 6, 1, 182)
(146, 211, 138, 0, 33)
(199, 224, 0, 0, 78)
(82, 217, 4, 0, 144)
(253, 99, 1, 1, 119)
(23, 219, 132, 0, 0)
(299, 224, 0, 0, 220)
(213, 82, 5, 4, 135)
(252, 182, 7, 1, 210)
(282, 165, 0, 15, 196)
(18, 186, 32, 0, 162)
(299, 100, 0, 40, 0)
(81, 175, 12, 2, 126)
(296, 130, 0, 26, 173)
(92, 130, 3, 5, 77)
(258, 37, 2, 6, 202)
(91, 204, 2, 15, 200)
(245, 224, 11, 0, 152)
(249, 203, 50, 0, 156)
(237, 78, 1, 15, 198)
(284, 148, 0, 76, 28)
(225, 224, 25, 0, 0)
(288, 91, 0, 0, 208)
(199, 216, 20, 2, 196)
(14, 107, 5, 7, 62)
(212, 96, 0, 3, 29)
(269, 221, 0, 0, 26)
(290, 151, 8, 2, 185)
(281, 174, 0, 11, 78)
(299, 147, 0, 4, 44)
(213, 164, 3, 3, 168)
(297, 29, 0, 108, 142)
(138, 224, 0, 0, 8)
(128, 39, 7, 2, 141)
(276, 148, 0, 76, 179)
(54, 220, 0, 2, 147)
(269, 145, 0, 0, 194)
(75, 224, 195, 0, 42)
(256, 173, 4, 1, 153)
(131, 29, 128, 0, 51)
(111, 203, 71, 0, 0)
(199, 224, 4, 0, 110)
(56, 19, 15, 8, 212)
(206, 224, 61, 0, 69)
(299, 148, 0, 76, 194)
(114, 48, 0, 52, 247)
(292, 187, 0, 0, 104)
(284, 184, 6, 4, 178)
(252, 221, 2, 2, 183)
(299, 215, 11, 1, 121)
(86, 224, 7, 0, 9)
(281, 167, 0, 50, 44)
(3, 224, 0, 1, 36)
(292, 216, 9, 0, 138)
(35, 92, 3, 4, 78)
(133, 204, 3, 5, 156)
(290, 93, 0, 8, 114)
(270, 89, 0, 62, 190)
(299, 152, 0, 31, 109)
(192, 208, 13, 0, 149)
(240, 206, 0, 18, 117)
(299, 2, 0, 187, 25)
(0, 171, 33, 0, 34)
(211, 111, 6, 5, 107)
(218, 182, 8, 0, 121)
(292, 112, 2, 2, 227)
(61, 107, 3, 10, 142)
(194, 202, 2, 6, 213)
(209, 157, 2, 1, 141)
(188, 180, 55, 0, 192)
(213, 218, 11, 0, 73)
(88, 213, 9, 2, 218)
(6, 144, 5, 1, 81)
(207, 141, 1, 9, 128)
(88, 102, 6, 4, 106)
(283, 85, 3, 3, 118)
(177, 156, 11, 8, 59)
(68, 175, 194, 0, 47)
(32, 220, 168, 0, 175)
(259, 122, 10, 2, 220)
(299, 125, 0, 21, 221)
(276, 139, 0, 86, 135)
(252, 197, 0, 14, 61)
(74, 190, 2, 11, 227)
(272, 172, 12, 0, 20)
(270, 106, 0, 24, 195)
(286, 186, 0, 4, 86)
(273, 137, 7, 1, 223)
(82, 224, 58, 0, 206)
(165, 96, 1, 20, 177)
(21, 180, 14, 2, 101)
(64, 176, 50, 0, 243)
(285, 224, 0, 0, 181)
(299, 118, 0, 0, 86)
(224, 99, 0, 4, 76)
(289, 40, 0, 157, 215)
(294, 162, 6, 2, 212)
(110, 0, 0, 46, 82)
(295, 188, 1, 4, 167)
(146, 163, 1, 16, 87)
(0, 214, 222, 0, 221)
(134, 108, 5, 3, 101)
(28, 65, 12, 3, 181)
(292, 63, 0, 5, 114)
(67, 224, 9, 1, 176)
(261, 138, 0, 7, 55)
(277, 224, 0, 0, 92)
(155, 197, 1, 13, 230)
(244, 189, 2, 1, 178)
(29, 79, 2, 10, 154)
(228, 102, 1, 6, 177)
(200, 173, 0, 50, 101)
(29, 185, 170, 0, 238)
(266, 162, 3, 1, 171)
(0, 197, 127, 0, 220)
(134, 204, 34, 0, 74)
(199, 224, 47, 0, 205)
(79, 224, 0, 0, 166)
(299, 188, 0, 22, 121)
(129, 210, 153, 0, 43)
(223, 80, 0, 0, 99)
(299, 15, 0, 145, 122)
(249, 120, 18, 0, 103)
(14, 207, 244, 0, 155)
(289, 159, 0, 0, 255)
(254, 132, 2, 4, 153)
(278, 208, 0, 12, 161)
(102, 202, 0, 2, 77)
(232, 148, 0, 0, 45)
(288, 224, 11, 0, 85)
(294, 198, 0, 17, 215)
(93, 99, 3, 13, 184)
(180, 224, 0, 0, 174)
(174, 183, 0, 10, 207)
(129, 195, 86, 0, 186)
(222, 119, 3, 5, 99)
(135, 206, 37, 0, 138)
(213, 224, 75, 0, 50)
(72, 224, 0, 0, 162)
(128, 25, 4, 6, 114)
(170, 206, 21, 0, 57)
(246, 224, 2, 2, 128)
(133, 199, 3, 4, 236)
(185, 209, 107, 0, 182)
(158, 130, 3, 3, 86)
(161, 198, 55, 0, 220)
(195, 152, 6, 4, 93)
(295, 7, 0, 71, 228)
(50, 64, 95, 0, 47)
(164, 202, 3, 2, 113)
(291, 75, 5, 1, 202)
(151, 73, 26, 0, 126)
(251, 123, 3, 3, 147)
(285, 206, 0, 17, 108)
(181, 204, 4, 4, 193)
(0, 207, 75, 0, 60)
(191, 44, 3, 5, 199)
(210, 118, 3, 5, 184)
(299, 29, 0, 0, 192)
(165, 197, 3, 5, 182)
(58, 187, 185, 0, 98)
(158, 223, 1, 32, 229)
(169, 176, 2, 5, 122)
(212, 178, 20, 0, 30)
(252, 169, 0, 45, 38)
(40, 205, 0, 17, 68)
(112, 210, 9, 1, 220)
(98, 110, 0, 74, 177)
(162, 224, 0, 0, 199)
(299, 143, 0, 74, 143)
(262, 144, 13, 0, 68)
(299, 152, 25, 3, 180)
(299, 135, 0, 0, 134)
(152, 219, 19, 0, 205)
(90, 223, 178, 0, 219)
(12, 224, 7, 4, 217)
(284, 146, 6, 1, 165)
(247, 26, 1, 7, 122)
(243, 206, 56, 0, 81)
(131, 215, 114, 0, 16)
(179, 218, 27, 0, 246)
(299, 214, 0, 0, 100)
(203, 0, 0, 207, 95)
(91, 52, 193, 0, 28)
(26, 172, 61, 0, 36)
(248, 224, 0, 0, 132)
(116, 183, 7, 0, 4)
(299, 119, 0, 80, 0)
(128, 194, 1, 5, 216)
(241, 188, 33, 0, 234)
(57, 222, 7, 2, 157)
(27, 153, 2, 5, 84)
(221, 163, 0, 31, 240)
(233, 64, 7, 1, 213)
(299, 145, 0, 33, 95)
(184, 219, 68, 0, 24)
(290, 138, 0, 13, 17)
(292, 177, 0, 55, 114)
(119, 182, 99, 0, 205)
(284, 192, 10, 1, 166)
(44, 222, 4, 2, 177)
(83, 224, 98, 0, 199)
(215, 107, 1, 1, 176)
(299, 119, 0, 42, 189)
(123, 171, 1, 4, 93)
(299, 144, 0, 0, 120)
(299, 157, 0, 43, 215)
(200, 138, 0, 27, 19)
(291, 130, 0, 0, 209)
(33, 214, 179, 0, 205)
(135, 170, 0, 10, 124)
(117, 48, 1, 5, 60)
(24, 219, 5, 2, 154)
(299, 29, 0, 42, 109)
(91, 128, 11, 2, 164)
(209, 195, 0, 4, 60)
(124, 0, 5, 7, 118)
(276, 152, 0, 31, 177)
(99, 50, 80, 0, 105)
(290, 95, 0, 2, 78)
(241, 65, 1, 7, 210)
(242, 197, 14, 1, 203)
(299, 151, 0, 56, 193)
(242, 168, 0, 0, 119)
(294, 171, 5, 2, 212)
(58, 98, 7, 3, 157)
(174, 182, 0, 16, 35)
(231, 47, 1, 16, 206)
(143, 224, 42, 0, 179)
(201, 140, 4, 1, 222)
(251, 121, 0, 13, 0)
(276, 209, 11, 0, 86)
(299, 118, 0, 0, 22)
(274, 36, 0, 0, 137)
(299, 58, 0, 10, 15)
(123, 185, 5, 2, 213)
(294, 224, 0, 0, 0)
(77, 223, 189, 0, 127)
(59, 224, 21, 0, 93)
(221, 165, 0, 0, 182)
(286, 218, 1, 2, 122)
(0, 222, 3, 1, 227)
(128, 204, 36, 0, 140)
(77, 224, 29, 0, 89)
(129, 22, 0, 69, 196)
(299, 165, 0, 13, 61)
(236, 224, 0, 0, 69)
(257, 119, 0, 67, 140)
(286, 181, 0, 1, 2)
(250, 221, 27, 0, 174)
(227, 58, 0, 7, 246)
(176, 144, 2, 3, 127)
(267, 60, 0, 6, 108)
(202, 187, 0, 0, 51)
(299, 214, 0, 10, 28)
(45, 224, 191, 0, 19)
(256, 224, 28, 0, 98)
(274, 36, 0, 12, 141)
(24, 203, 85, 0, 179)
(274, 182, 25, 0, 225)
(263, 222, 3, 0, 92)
(255, 135, 0, 8, 103)
(164, 163, 132, 0, 4)
(274, 184, 10, 0, 40)
(299, 34, 0, 144, 119)
(235, 98, 0, 39, 110)
(250, 43, 1, 24, 197)
(236, 145, 2, 6, 225)
(266, 62, 0, 85, 59)
(246, 189, 0, 3, 17)
(258, 213, 0, 12, 240)
(80, 224, 77, 0, 73)
(144, 224, 57, 0, 69)
(31, 199, 89, 0, 67)
(255, 214, 3, 2, 224)
(154, 215, 2, 5, 195)
(299, 128, 12, 5, 190)
(178, 213, 17, 0, 64)
(8, 224, 57, 0, 50)
(283, 191, 0, 19, 87)
(215, 175, 0, 30, 142)
(231, 163, 0, 0, 1)
(229, 116, 0, 3, 170)
(299, 51, 0, 13, 229)
(189, 202, 4, 0, 135)
(274, 128, 1, 7, 172)
(298, 45, 0, 42, 187)
(39, 0, 1, 26, 202)
(111, 199, 0, 25, 212)
(299, 171, 0, 2, 82)
(287, 179, 0, 17, 173)
(187, 224, 0, 0, 60)
(256, 131, 0, 2, 206)
(285, 94, 0, 52, 226)
(53, 191, 222, 0, 171)
(237, 0, 10, 10, 233)
(247, 144, 29, 1, 238)
(282, 224, 17, 0, 13)
(202, 145, 3, 6, 232)
(203, 19, 2, 0, 140)
(299, 31, 0, 65, 170)
(299, 212, 0, 0, 40)
(212, 120, 1, 3, 99)
(299, 21, 0, 82, 233)
(134, 93, 7, 4, 164)
(287, 101, 0, 33, 84)
(201, 161, 0, 0, 28)
(22, 184, 103, 0, 255)
(0, 31, 0, 94, 14)
(299, 79, 0, 153, 10)
(265, 196, 4, 2, 170)
(203, 78, 2, 5, 176)
(15, 224, 6, 0, 254)
(296, 124, 0, 13, 42)
(153, 114, 3, 6, 98)
(123, 57, 163, 0, 56)
(254, 130, 0, 35, 46)
(147, 218, 42, 0, 132)
(42, 179, 7, 7, 202)
(299, 42, 0, 73, 205)
(289, 224, 0, 0, 136)
(78, 224, 6, 1, 210)
(291, 173, 0, 49, 38)
(198, 223, 5, 1, 168)
(76, 212, 42, 0, 16)
(299, 19, 0, 0, 157)
(123, 211, 2, 11, 206)
(133, 224, 5, 0, 240)
(0, 123, 9, 6, 184)
(225, 184, 0, 0, 209)
(56, 58, 2, 2, 193)
(246, 64, 0, 1, 152)
(286, 142, 0, 56, 51)
(259, 187, 0, 0, 98)
(126, 202, 4, 1, 143)
(131, 183, 53, 0, 85)
(299, 224, 0, 0, 32)
(226, 224, 71, 0, 151)
(290, 45, 2, 4, 230)
(185, 126, 1, 9, 207)
(299, 93, 0, 97, 116)
(59, 110, 9, 1, 128)
(53, 224, 129, 0, 164)
(138, 224, 84, 0, 128)
(279, 163, 1, 10, 227)
(295, 197, 0, 27, 30)
(277, 82, 5, 1, 226)
(299, 174, 0, 0, 199)
(236, 80, 6, 1, 141)
(297, 157, 3, 1, 125)
(86, 156, 3, 3, 54)
(247, 168, 0, 0, 254)
(275, 163, 0, 0, 144)
(281, 32, 0, 29, 17)
(249, 164, 16, 0, 209)
(224, 25, 7, 2, 221)
(241, 114, 3, 2, 219)
(267, 57, 6, 1, 209)
(299, 217, 16, 0, 152)
(264, 135, 18, 0, 134)
(226, 209, 2, 4, 183)
(180, 204, 26, 0, 173)
(243, 138, 0, 37, 35)
(113, 187, 0, 19, 214)
(192, 115, 6, 2, 154)
(221, 0, 23, 3, 231)
(294, 14, 16, 0, 246)
(255, 149, 0, 0, 54)
(172, 148, 2, 8, 131)
(259, 212, 12, 1, 180)
(286, 185, 13, 0, 66)
(117, 202, 3, 3, 159)
(299, 191, 0, 11, 247)
(33, 15, 19, 4, 215)
(270, 177, 22, 1, 207)
(224, 80, 1, 10, 158)
(299, 34, 0, 147, 178)
(217, 140, 0, 77, 255)
(190, 89, 0, 65, 82)
(0, 68, 4, 3, 104)
(265, 224, 24, 0, 175)
(249, 9, 1, 10, 189)
(254, 171, 45, 0, 202)
(223, 117, 0, 27, 117)
(261, 169, 7, 1, 176)
(78, 0, 19, 14, 207)
(299, 116, 0, 39, 63)
(293, 87, 2, 4, 139)
(198, 57, 0, 11, 85)
(237, 224, 18, 0, 148)
(58, 66, 0, 49, 183)
(152, 92, 3, 3, 100)
(296, 223, 0, 0, 152)
(287, 199, 0, 17, 75)
(217, 154, 0, 3, 9)
(246, 220, 3, 2, 151)
(102, 202, 7, 4, 81)
(182, 189, 1, 5, 202)
(193, 63, 4, 3, 91)
(293, 210, 3, 1, 159)
(98, 39, 3, 4, 187)
(299, 54, 0, 57, 28)
(53, 213, 0, 0, 235)
(276, 203, 0, 0, 247)
(269, 150, 0, 0, 195)
(299, 125, 0, 45, 103)
(202, 224, 49, 0, 114)
(73, 224, 52, 0, 96)
(159, 224, 3, 0, 133)
(299, 42, 0, 107, 188)
(65, 223, 129, 0, 25)
(278, 140, 0, 64, 141)
(254, 31, 21, 0, 55)
(128, 185, 1, 8, 161)
(222, 2, 0, 3, 128)
(287, 219, 1, 1, 106)
(0, 224, 15, 0, 92)
(83, 191, 193, 0, 155)
(126, 212, 8, 0, 16)
(264, 10, 4, 1, 185)
(240, 0, 30, 0, 24)
(236, 224, 0, 0, 127)
(255, 123, 0, 89, 176)
(292, 208, 2, 1, 204)
(225, 195, 21, 0, 141)
(1, 84, 7, 2, 185)
(157, 48, 0, 16, 41)
(279, 224, 0, 0, 177)
(250, 203, 2, 3, 173)
(24, 163, 3, 3, 75)
(284, 223, 1, 1, 213)
(46, 224, 15, 0, 243)
(123, 148, 0, 35, 107)
(0, 224, 235, 0, 54)
(64, 130, 8, 4, 118)
(83, 166, 2, 1, 81)
(85, 189, 10, 3, 110)
(84, 224, 197, 0, 206)
(250, 212, 0, 0, 220)
(235, 109, 8, 1, 189)
(103, 168, 0, 28, 159)
(248, 0, 0, 18, 184)
(299, 120, 0, 45, 23)
(15, 0, 35, 3, 191)
(259, 167, 5, 1, 239)
(168, 224, 20, 0, 111)
(279, 191, 6, 1, 166)
(178, 205, 121, 0, 236)
(262, 139, 4, 2, 220)
(299, 74, 0, 77, 247)
(299, 78, 0, 74, 103)
(122, 224, 27, 0, 158)
(258, 208, 0, 8, 0)
(235, 24, 3, 2, 227)
(282, 224, 14, 0, 156)
(82, 177, 25, 1, 181)
(21, 30, 0, 133, 116)
(299, 151, 0, 0, 7)
(0, 185, 0, 20, 179)
(294, 133, 0, 13, 0)
(235, 219, 14, 0, 135)
(299, 221, 0, 0, 255)
(208, 218, 7, 1, 200)
(299, 168, 0, 56, 79)
(196, 189, 0, 0, 236)
(294, 145, 4, 1, 140)
(208, 54, 3, 6, 147)
(290, 93, 1, 13, 225)
(224, 139, 13, 2, 233)
(299, 41, 0, 112, 24)
(197, 71, 0, 29, 57)
(34, 224, 148, 0, 151)
(232, 224, 56, 0, 60)
(50, 224, 44, 0, 50)
(290, 100, 3, 4, 168)
(243, 25, 4, 3, 194)
(168, 212, 0, 5, 80)
(228, 197, 7, 1, 228)
(299, 195, 0, 0, 73)
(206, 174, 8, 0, 49)
(196, 116, 0, 0, 2)
(28, 181, 3, 1, 206)
(234, 56, 27, 0, 40)
(25, 97, 10, 1, 184)
(299, 188, 8, 0, 8)
(279, 81, 0, 6, 13)
(285, 202, 0, 0, 135)
(205, 184, 2, 13, 237)
(281, 23, 2, 5, 199)
(80, 201, 94, 0, 87)
(194, 209, 0, 0, 183)
(128, 203, 5, 1, 141)
(295, 166, 0, 0, 186)
(299, 171, 0, 1, 164)
(80, 0, 25, 2, 207)
(245, 95, 0, 40, 70)
(237, 224, 13, 0, 66)
(299, 115, 0, 0, 106)
(56, 224, 143, 0, 175)
(245, 224, 54, 0, 151)
(53, 165, 3, 2, 93)
(257, 0, 0, 0, 229)
(266, 170, 2, 1, 114)
(299, 137, 9, 0, 206)
(4, 138, 67, 0, 30)
(194, 25, 0, 138, 163)
(271, 199, 1, 2, 225)
(299, 39, 0, 32, 6)
(208, 194, 37, 0, 52)
(290, 54, 4, 3, 193)
(290, 40, 4, 1, 166)
(143, 202, 63, 0, 244)
(7, 177, 53, 0, 80)
(265, 15, 0, 200, 90)
(153, 125, 4, 7, 178)
(258, 214, 0, 0, 18)
(292, 151, 0, 0, 232)
(114, 180, 57, 0, 92)
(98, 214, 102, 0, 51)
(193, 114, 0, 95, 190)
(77, 71, 5, 14, 175)
(235, 224, 36, 0, 235)
(253, 151, 3, 1, 118)
(286, 65, 0, 77, 79)
(74, 168, 8, 1, 203)
(251, 43, 0, 117, 191)
(121, 220, 5, 0, 179)
(90, 203, 0, 0, 9)
(288, 206, 20, 0, 163)
(39, 94, 4, 3, 189)
(161, 213, 60, 0, 46)
(284, 69, 0, 102, 107)
(299, 106, 0, 55, 12)
(38, 152, 1, 9, 112)
(191, 167, 0, 0, 153)
(299, 152, 0, 9, 92)
(19, 177, 10, 4, 83)
(69, 130, 4, 2, 237)
(299, 201, 0, 0, 57)
(40, 174, 126, 0, 162)
(299, 182, 0, 25, 77)
(297, 208, 0, 0, 219)
(21, 224, 262, 0, 72)
(286, 12, 1, 14, 205)
(299, 99, 0, 20, 137)
(103, 224, 181, 0, 132)
(31, 130, 12, 3, 209)
(219, 150, 0, 90, 206)
(260, 191, 38, 0, 117)
(3, 202, 3, 8, 181)
(284, 209, 0, 23, 168)
(76, 215, 8, 2, 186)
(61, 210, 216, 0, 142)
(189, 224, 0, 0, 0)
(188, 224, 65, 0, 248)
(299, 93, 0, 11, 45)
(229, 75, 4, 3, 191)
(162, 201, 3, 1, 90)
(273, 207, 0, 10, 147)
(188, 224, 13, 0, 244)
(262, 185, 6, 1, 184)
(99, 210, 136, 0, 190)
(262, 112, 0, 56, 0)
(10, 21, 8, 13, 205)
(188, 183, 18, 1, 248)
(279, 174, 20, 0, 214)
(282, 104, 3, 1, 196)
(47, 89, 4, 9, 116)
(269, 44, 0, 145, 79)
(163, 223, 3, 1, 199)
(233, 72, 0, 9, 177)
(211, 117, 6, 2, 172)
(226, 25, 0, 65, 97)
(66, 224, 4, 0, 0)
(299, 12, 0, 88, 22)
(182, 25, 3, 21, 186)
(264, 156, 9, 3, 195)
(299, 152, 0, 8, 248)
(278, 150, 3, 1, 105)
(154, 205, 9, 1, 193)
(296, 134, 0, 50, 63)
(270, 166, 6, 1, 203)
(26, 224, 35, 0, 221)
(152, 190, 6, 3, 92)
(265, 29, 0, 25, 87)
(145, 224, 16, 0, 213)
(66, 174, 221, 0, 129)
(244, 221, 1, 6, 155)
(13, 182, 8, 4, 77)
(0, 148, 7, 7, 62)
(202, 0, 0, 20, 65)
(299, 108, 0, 99, 147)
(261, 100, 0, 31, 241)
(12, 152, 8, 6, 69)
(287, 109, 3, 4, 159)
(297, 130, 0, 13, 218)
(286, 92, 0, 97, 195)
(59, 218, 8, 1, 180)
(107, 188, 2, 3, 202)
(180, 224, 26, 0, 7)
(205, 67, 5, 2, 132)
(182, 176, 27, 2, 238)
(299, 39, 21, 7, 228)
(119, 16, 7, 3, 80)
(235, 53, 0, 23, 81)
(181, 190, 0, 6, 199)
(299, 190, 0, 0, 150)
(290, 208, 2, 2, 252)
(50, 224, 81, 0, 137)
(155, 84, 32, 1, 129)
(211, 166, 50, 0, 155)
(244, 27, 28, 0, 116)
(297, 65, 0, 79, 130)
(172, 166, 7, 8, 235)
(68, 130, 219, 0, 67)
(260, 146, 0, 0, 222)
(298, 224, 18, 0, 223)
(247, 198, 18, 0, 176)
(191, 224, 0, 0, 64)
(299, 185, 0, 27, 8)
(259, 191, 14, 1, 191)
(11, 118, 2, 5, 188)
(281, 183, 4, 4, 211)
(75, 166, 56, 0, 244)
(234, 183, 1, 2, 208)
(240, 141, 0, 22, 122)
(263, 223, 14, 0, 44)
(299, 192, 0, 0, 85)
(292, 132, 0, 0, 207)
(299, 14, 14, 0, 60)
(267, 177, 0, 46, 218)
(49, 103, 5, 9, 204)
(94, 191, 52, 0, 22)
(218, 22, 17, 2, 230)
(113, 201, 79, 0, 188)
(206, 211, 0, 0, 168)
(299, 185, 0, 45, 34)
(299, 108, 0, 0, 252)
(5, 214, 183, 0, 174)
(148, 21, 25, 0, 53)
(23, 103, 2, 27, 165)
(56, 197, 243, 0, 55)
(136, 224, 146, 0, 102)
(79, 204, 7, 4, 196)
(88, 181, 144, 0, 136)
(13, 194, 2, 4, 202)
(299, 0, 0, 224, 249)
(132, 52, 2, 5, 229)
(289, 195, 0, 10, 164)
(299, 148, 0, 35, 255)
(53, 91, 9, 5, 171)
(13, 224, 69, 0, 83)
(101, 188, 20, 0, 172)
(73, 224, 42, 0, 0)
(140, 224, 0, 0, 192)
(299, 173, 0, 11, 189)
(299, 20, 0, 43, 62)
(16, 22, 0, 23, 39)
(271, 15, 0, 81, 211)
(60, 165, 13, 2, 155)
(255, 69, 26, 0, 68)
(186, 193, 9, 0, 174)
(27, 94, 0, 54, 158)
(87, 44, 0, 137, 78)
(277, 44, 0, 37, 238)
(210, 195, 0, 0, 84)
(233, 188, 0, 47, 12)
(299, 148, 0, 0, 56)
(220, 224, 24, 0, 10)
(248, 98, 10, 0, 186)
(266, 76, 2, 4, 167)
(297, 218, 2, 0, 196)
(287, 171, 12, 0, 224)
(291, 155, 0, 37, 240)
(63, 185, 188, 0, 146)
(299, 94, 0, 37, 66)
(68, 170, 0, 28, 64)
(169, 176, 0, 0, 30)
(266, 14, 1, 13, 188)
(269, 140, 4, 1, 120)
(207, 115, 0, 58, 104)
(241, 46, 0, 21, 135)
(262, 106, 4, 12, 206)
(299, 194, 0, 0, 39)
(246, 224, 16, 0, 166)
(140, 118, 6, 1, 124)
(204, 221, 16, 0, 163)
(284, 83, 15, 0, 207)
(285, 199, 8, 2, 212)
(125, 95, 1, 11, 102)
(299, 224, 0, 0, 156)
(164, 199, 1, 0, 181)
(216, 133, 2, 2, 255)
(264, 199, 9, 2, 211)
(166, 216, 0, 8, 251)
(272, 192, 0, 28, 120)
(212, 31, 8, 1, 229)
(270, 205, 0, 0, 68)
(192, 224, 9, 4, 163)
(272, 142, 0, 21, 255)
(9, 11, 25, 9, 200)
(179, 149, 18, 0, 232)
(119, 224, 59, 0, 56)
(247, 224, 17, 0, 148)
(61, 159, 22, 1, 135)
(135, 210, 105, 0, 48)
(232, 59, 3, 6, 142)
(208, 185, 17, 0, 202)
(299, 20, 0, 90, 252)
(76, 19, 5, 5, 138)
(271, 193, 0, 2, 203)
(231, 50, 2, 3, 143)
(299, 16, 0, 146, 23)
(253, 103, 2, 19, 208)
(199, 21, 35, 0, 213)
(208, 223, 48, 0, 38)
(143, 224, 109, 0, 208)
(280, 220, 0, 7, 20)
(44, 113, 4, 6, 154)
(267, 189, 6, 1, 166)
(258, 211, 5, 3, 173)
(0, 224, 154, 0, 186)
(271, 202, 8, 1, 161)
(299, 106, 0, 36, 10)
(144, 156, 155, 0, 106)
(159, 181, 124, 0, 242)
(223, 198, 0, 8, 35)
(3, 178, 0, 3, 222)
(175, 204, 7, 2, 175)
(275, 156, 0, 0, 0)
(221, 32, 3, 4, 224)
(80, 119, 59, 0, 166)
(277, 181, 8, 3, 209)
(193, 127, 0, 0, 42)
(38, 224, 29, 0, 194)
(299, 199, 0, 4, 152)
(294, 224, 0, 0, 21)
(227, 44, 0, 180, 82)
(0, 224, 18, 0, 116)
(119, 224, 103, 0, 240)
(299, 146, 0, 1, 48)
(214, 199, 34, 0, 35)
(57, 195, 0, 13, 62)
(28, 204, 0, 20, 201)
(131, 206, 3, 3, 196)
(299, 175, 0, 20, 126)
(12, 161, 92, 0, 129)
(299, 187, 0, 5, 2)
(190, 19, 14, 9, 228)
(33, 224, 246, 0, 0)
(299, 216, 0, 0, 82)
(299, 62, 0, 21, 156)
(80, 114, 73, 0, 98)
(19, 186, 162, 0, 234)
(57, 189, 15, 1, 198)
(227, 162, 52, 0, 79)
(299, 64, 0, 1, 159)
(272, 87, 0, 67, 253)
(299, 3, 0, 170, 5)
(299, 183, 0, 25, 164)
(267, 153, 0, 71, 255)
(299, 224, 0, 5, 77)
(43, 221, 171, 0, 154)
(289, 205, 0, 0, 139)
(16, 135, 10, 3, 198)
(170, 33, 0, 31, 217)
(299, 91, 0, 11, 94)
(60, 149, 8, 3, 137)
(94, 204, 3, 4, 148)
(9, 218, 0, 15, 227)
(273, 105, 1, 3, 145)
(251, 188, 16, 0, 98)
(299, 160, 0, 48, 190)
(115, 27, 3, 3, 88)
(155, 71, 4, 0, 186)
(86, 115, 0, 88, 182)
(278, 190, 0, 32, 120)
(259, 6, 3, 6, 140)
(55, 199, 27, 0, 115)
(299, 0, 0, 36, 207)
(265, 213, 0, 0, 161)
(150, 224, 17, 0, 0)
(249, 30, 2, 7, 240)
(225, 193, 47, 0, 69)
(212, 224, 0, 0, 118)
(72, 143, 6, 5, 157)
(282, 206, 0, 17, 72)
(19, 189, 101, 0, 61)
(108, 203, 31, 0, 34)
(258, 133, 5, 5, 178)
(276, 75, 2, 2, 209)
(270, 36, 0, 157, 150)
(223, 34, 0, 66, 255)
(287, 200, 0, 6, 75)
(282, 181, 13, 1, 208)
(67, 137, 8, 1, 204)
(138, 215, 0, 9, 145)
(244, 204, 0, 0, 123)
(229, 188, 0, 15, 105)
(285, 26, 8, 1, 209)
(60, 186, 24, 2, 98)
(299, 127, 0, 75, 20)
(188, 202, 6, 1, 139)
(53, 211, 214, 0, 165)
(299, 68, 0, 23, 188)
(254, 191, 1, 0, 217)
(236, 207, 63, 0, 159)
(299, 70, 9, 4, 160)
(41, 192, 21, 3, 222)
(0, 224, 229, 0, 66)
(295, 79, 0, 56, 58)
(116, 206, 60, 0, 244)
(169, 192, 3, 9, 247)
(289, 220, 0, 4, 42)
(298, 99, 0, 121, 20)
(179, 146, 47, 0, 84)
(19, 195, 36, 5, 211)
(149, 218, 4, 4, 221)
(256, 96, 3, 1, 245)
(225, 18, 0, 38, 193)
(212, 171, 0, 18, 221)
(105, 142, 15, 1, 238)
(116, 171, 79, 0, 124)
(77, 221, 197, 0, 155)
(202, 104, 12, 3, 123)
(167, 166, 0, 0, 107)
(77, 195, 41, 0, 2)
(48, 4, 63, 0, 5)
(299, 215, 0, 0, 238)
(59, 168, 7, 5, 99)
(98, 224, 48, 0, 166)
(296, 53, 0, 29, 247)
(200, 49, 0, 138, 81)
(170, 187, 3, 2, 106)
(249, 218, 51, 0, 211)
(194, 22, 0, 135, 248)
(184, 176, 17, 0, 59)
(150, 69, 7, 3, 132)
(278, 115, 0, 41, 44)
(68, 204, 203, 0, 172)
(262, 139, 0, 40, 151)
(269, 149, 16, 0, 200)
(299, 65, 0, 19, 29)
(246, 91, 1, 5, 215)
(293, 56, 6, 0, 158)
(196, 184, 9, 0, 171)
(299, 198, 0, 19, 195)
(108, 224, 149, 0, 216)
(291, 155, 2, 6, 202)
(114, 190, 163, 0, 136)
(42, 222, 77, 0, 53)
(64, 106, 3, 4, 99)
(96, 224, 15, 0, 80)
(295, 17, 0, 95, 0)
(188, 40, 3, 3, 166)
(198, 182, 2, 3, 152)
(172, 124, 2, 11, 182)
(118, 224, 111, 0, 197)
(283, 44, 2, 7, 220)
(192, 28, 0, 71, 76)
(176, 224, 152, 0, 117)
(291, 58, 3, 2, 210)
(227, 65, 13, 1, 195)
(247, 224, 33, 0, 147)
(175, 224, 0, 0, 171)
(290, 161, 0, 37, 146)
(292, 115, 0, 91, 181)
(112, 151, 0, 15, 235)
(276, 206, 3, 1, 192)
(299, 204, 0, 4, 34)
(119, 211, 16, 0, 142)
(167, 203, 66, 0, 1)
(161, 218, 82, 0, 188)
(191, 207, 97, 0, 56)
(280, 139, 0, 18, 136)
(281, 198, 0, 14, 138)
(247, 194, 0, 3, 105)
(299, 154, 0, 0, 194)
(298, 198, 1, 5, 165)
(96, 132, 0, 0, 193)
(124, 33, 5, 9, 173)
(241, 16, 3, 3, 214)
(50, 115, 1, 7, 186)
(163, 144, 34, 0, 19)
(60, 181, 10, 1, 149)
(277, 84, 22, 0, 209)
(237, 175, 25, 0, 89)
(42, 217, 44, 0, 78)
(285, 63, 0, 0, 122)
(206, 224, 25, 0, 190)
(233, 118, 2, 17, 107)
(252, 137, 0, 85, 138)
(106, 222, 173, 0, 219)
(249, 186, 0, 0, 212)
(283, 144, 1, 5, 226)
(221, 31, 1, 3, 159)
(0, 212, 10, 3, 174)
(225, 224, 35, 0, 0)
(158, 171, 2, 2, 129)
(196, 129, 1, 8, 141)
(270, 172, 3, 1, 206)
(98, 33, 0, 0, 255)
(97, 116, 49, 1, 206)
(0, 190, 63, 0, 146)
(114, 179, 1, 7, 214)
(121, 55, 8, 3, 149)
(90, 42, 1, 4, 107)
(299, 124, 0, 9, 3)
(208, 224, 39, 0, 24)
(203, 153, 7, 2, 242)
(225, 202, 71, 0, 13)
(64, 192, 0, 10, 200)
(296, 65, 0, 5, 212)
(280, 72, 0, 23, 81)
(34, 71, 1, 1, 47)
(299, 0, 0, 106, 234)
(74, 222, 93, 0, 16)
(299, 45, 0, 72, 177)
(99, 221, 44, 0, 108)
(241, 173, 23, 0, 0)
(287, 142, 1, 6, 120)
(277, 217, 5, 0, 92)
(272, 204, 3, 1, 180)
(104, 224, 136, 0, 152)
(287, 224, 0, 0, 68)
(275, 224, 6, 0, 159)
(194, 118, 0, 0, 203)
(299, 72, 0, 8, 167)
(32, 224, 226, 0, 47)
(249, 144, 22, 0, 241)
(88, 191, 3, 1, 133)
(158, 184, 0, 0, 162)
(299, 211, 10, 1, 143)
(93, 201, 60, 0, 50)
(84, 207, 3, 8, 202)
(196, 70, 10, 3, 108)
(8, 224, 43, 0, 90)
(211, 202, 4, 2, 223)
(155, 222, 140, 0, 169)
(12, 74, 7, 2, 209)
(299, 9, 0, 186, 156)
(30, 224, 94, 0, 197)
(133, 224, 121, 0, 119)
(242, 0, 0, 166, 47)
(247, 176, 5, 0, 119)
(150, 29, 29, 5, 206)
(76, 218, 137, 0, 159)
(39, 46, 62, 0, 6)
(143, 131, 12, 0, 119)
(253, 224, 31, 0, 186)
(164, 207, 19, 3, 229)
(67, 45, 4, 12, 228)
(281, 20, 2, 3, 157)
(259, 194, 0, 18, 247)
(257, 180, 0, 7, 118)
(50, 80, 7, 6, 212)
(0, 205, 224, 0, 117)
(175, 222, 22, 1, 200)
(218, 147, 65, 0, 0)
(238, 170, 2, 0, 63)
(27, 19, 118, 0, 97)
(282, 222, 4, 1, 216)
(299, 129, 0, 74, 148)
(100, 20, 5, 15, 184)
(252, 136, 2, 2, 132)
(153, 224, 94, 0, 195)
(218, 80, 1, 2, 146)
(284, 89, 0, 13, 241)
(299, 66, 0, 22, 142)
(299, 0, 0, 34, 131)
(222, 4, 0, 65, 217)
(267, 103, 1, 1, 125)
(198, 215, 29, 0, 37)
(176, 217, 18, 0, 255)
(249, 210, 42, 0, 121)
(68, 224, 148, 0, 19)
(18, 218, 31, 0, 18)
(287, 218, 2, 0, 183)
(271, 126, 0, 0, 10)
(216, 204, 51, 0, 184)
(196, 224, 0, 0, 213)
(64, 203, 122, 0, 102)
(100, 224, 97, 0, 54)
(299, 75, 0, 69, 241)
(284, 202, 0, 0, 184)
(35, 83, 10, 0, 35)
(107, 224, 2, 12, 175)
(167, 224, 2, 0, 244)
(203, 165, 8, 4, 225)
(185, 139, 1, 7, 182)
(299, 47, 0, 65, 72)
(162, 219, 117, 0, 246)
(23, 224, 2, 0, 22)
(85, 120, 9, 4, 204)
(238, 224, 35, 0, 31)
(183, 121, 2, 14, 110)
(293, 107, 4, 2, 184)
(214, 224, 98, 0, 228)
(233, 21, 28, 0, 4)
(195, 197, 7, 3, 162)
(215, 190, 2, 3, 244)
(256, 124, 6, 1, 206)
(55, 181, 99, 0, 209)
(287, 70, 7, 1, 181)
(273, 7, 0, 86, 199)
(164, 107, 1, 23, 125)
(299, 120, 0, 0, 142)
(221, 207, 34, 0, 152)
(219, 205, 0, 16, 0)
(299, 182, 0, 21, 80)
(299, 27, 0, 135, 246)
(299, 93, 0, 0, 36)
(299, 224, 0, 0, 89)
(14, 174, 89, 0, 143)
(18, 200, 76, 0, 160)
(289, 210, 0, 0, 194)
(204, 200, 2, 6, 235)
(250, 77, 0, 143, 39)
(228, 160, 0, 5, 243)
(147, 224, 137, 0, 164)
(203, 221, 5, 3, 181)
(251, 63, 0, 44, 217)
(224, 209, 40, 0, 111)
(73, 214, 4, 0, 139)
(118, 224, 16, 11, 190)
(285, 56, 0, 41, 97)
(86, 210, 55, 0, 250)
(278, 142, 1, 8, 222)
(272, 177, 0, 2, 114)
(246, 159, 4, 3, 176)
(133, 168, 1, 8, 156)
(169, 30, 6, 2, 218)
(296, 126, 0, 81, 192)
(248, 21, 2, 1, 240)
(287, 134, 0, 0, 160)
(191, 147, 39, 0, 109)
(0, 209, 116, 0, 119)
(194, 224, 74, 0, 201)
(259, 224, 0, 2, 176)
(80, 128, 10, 1, 250)
(294, 183, 11, 1, 176)
(68, 63, 23, 0, 194)
(60, 224, 16, 0, 133)
(290, 202, 1, 1, 172)
(157, 180, 79, 0, 107)
(299, 209, 1, 1, 195)
(299, 217, 0, 0, 98)
(9, 199, 0, 0, 156)
(155, 115, 3, 4, 67)
(260, 185, 1, 2, 213)
(166, 224, 130, 0, 89)
(166, 111, 2, 7, 213)
(299, 72, 0, 53, 109)
(162, 48, 1, 26, 166)
(299, 199, 0, 2, 226)
(164, 196, 2, 3, 183)
(278, 224, 0, 0, 32)
(295, 126, 0, 37, 254)
(299, 159, 0, 57, 180)
(100, 210, 199, 0, 134)
(253, 119, 0, 96, 41)
(248, 224, 0, 0, 118)
(232, 191, 0, 29, 96)
(110, 203, 28, 0, 61)
(299, 84, 0, 92, 145)
(208, 76, 4, 3, 98)
(213, 208, 0, 0, 192)
(299, 224, 3, 1, 88)
(213, 153, 23, 0, 41)
(276, 205, 0, 0, 149)
(191, 95, 0, 0, 254)
(255, 133, 0, 0, 66)
(213, 209, 0, 0, 216)
(234, 187, 41, 0, 147)
(299, 46, 0, 123, 33)
(266, 26, 3, 4, 226)
(254, 190, 14, 0, 70)
(184, 217, 27, 0, 236)
(116, 90, 6, 11, 122)
(92, 171, 0, 0, 220)
(217, 132, 10, 0, 127)
(176, 224, 51, 0, 182)
(159, 102, 3, 9, 150)
(19, 217, 152, 0, 171)
(265, 198, 0, 26, 242)
(84, 209, 215, 0, 109)
(135, 146, 1, 7, 171)
(187, 224, 9, 0, 60)
(233, 181, 10, 0, 29)
(132, 224, 140, 0, 194)
(223, 65, 2, 4, 210)
(173, 0, 10, 0, 29)
(272, 221, 2, 1, 175)
(289, 208, 0, 1, 196)
(178, 213, 69, 0, 238)
(285, 198, 6, 0, 134)
(58, 215, 0, 0, 0)
(278, 207, 8, 1, 169)
(282, 121, 0, 41, 159)
(98, 224, 1, 0, 239)
(83, 194, 87, 0, 109)
(178, 224, 35, 0, 147)
(72, 167, 6, 1, 252)
(201, 113, 101, 0, 203)
(295, 103, 3, 1, 160)
(299, 223, 0, 0, 147)
(244, 78, 0, 162, 113)
(227, 71, 1, 21, 157)
(255, 110, 0, 16, 147)
(281, 157, 5, 1, 165)
(238, 172, 21, 0, 0)
(158, 219, 28, 0, 115)
(212, 218, 0, 0, 196)
(164, 179, 67, 0, 245)
(296, 31, 0, 26, 255)
(137, 97, 5, 7, 116)
(0, 224, 63, 0, 129)
(258, 224, 0, 6, 51)
(299, 224, 0, 0, 3)
(299, 178, 0, 3, 141)
(278, 189, 21, 0, 220)
(299, 53, 0, 194, 40)
(299, 9, 0, 74, 41)
(110, 224, 73, 0, 199)
(170, 224, 10, 0, 255)
(152, 93, 1, 5, 96)
(297, 43, 0, 85, 41)
(299, 159, 0, 57, 28)
(267, 109, 0, 78, 188)
(279, 224, 16, 0, 218)
(286, 89, 2, 5, 179)
(247, 163, 40, 0, 229)
(36, 224, 47, 0, 206)
(280, 160, 0, 17, 111)
(125, 140, 8, 2, 188)
(295, 141, 4, 0, 23)
(145, 198, 8, 6, 108)
(149, 187, 27, 0, 36)
(282, 13, 0, 102, 245)
(232, 213, 25, 0, 183)
(109, 182, 1, 4, 137)
(203, 161, 0, 63, 143)
(299, 186, 0, 2, 152)
(223, 179, 0, 8, 110)
(36, 4, 0, 54, 43)
(201, 201, 0, 0, 0)
(117, 87, 2, 17, 96)
(230, 32, 4, 0, 239)
(132, 192, 1, 6, 89)
(267, 199, 17, 0, 107)
(232, 163, 7, 1, 126)
(272, 124, 0, 0, 203)
(83, 67, 4, 18, 142)
(120, 129, 2, 3, 223)
(223, 125, 0, 12, 184)
(146, 136, 11, 3, 250)
(247, 168, 10, 1, 201)
(264, 121, 0, 35, 176)
(288, 12, 3, 4, 143)
(194, 193, 1, 4, 251)
(286, 97, 5, 0, 45)
(159, 224, 31, 0, 172)
(198, 224, 15, 0, 163)
(92, 149, 0, 0, 71)
(230, 224, 46, 0, 193)
(287, 211, 0, 0, 100)
(299, 204, 0, 16, 139)
(169, 64, 20, 1, 116)
(264, 212, 35, 0, 121)
(263, 98, 3, 8, 182)
(290, 77, 1, 4, 213)
(136, 59, 71, 0, 238)
(34, 208, 0, 0, 55)
(294, 129, 0, 40, 42)
(286, 138, 0, 86, 71)
(253, 208, 5, 2, 172)
(299, 70, 0, 14, 27)
(141, 224, 17, 0, 198)
(238, 221, 2, 2, 110)
(237, 151, 0, 4, 146)
(59, 224, 84, 0, 50)
(292, 202, 1, 1, 164)
(289, 171, 0, 58, 76)
(0, 205, 148, 0, 9)
(208, 210, 29, 0, 169)
(36, 219, 181, 0, 153)
(278, 212, 4, 3, 156)
(175, 209, 57, 0, 56)
(78, 199, 3, 2, 166)
(285, 114, 11, 0, 167)
(239, 19, 0, 100, 13)
(99, 120, 3, 5, 225)
(34, 223, 22, 0, 104)
(165, 177, 94, 0, 25)
(288, 126, 0, 73, 160)
(299, 101, 0, 0, 0)
(247, 148, 5, 1, 180)
(299, 128, 0, 0, 194)
(299, 6, 0, 116, 96)
(166, 202, 34, 0, 45)
(268, 19, 3, 3, 209)
(289, 223, 3, 1, 134)
(288, 196, 0, 4, 48)
(191, 220, 52, 0, 185)
(242, 35, 2, 5, 135)
(87, 138, 123, 0, 18)
(206, 63, 2, 3, 235)
(77, 127, 31, 0, 57)
(280, 224, 0, 0, 227)
(77, 219, 28, 0, 0)
(159, 184, 91, 0, 170)
(285, 174, 0, 41, 66)
(299, 94, 0, 10, 127)
(104, 194, 3, 1, 182)
(286, 162, 13, 0, 218)
(272, 148, 0, 105, 15)
(8, 176, 0, 0, 137)
(164, 168, 2, 4, 185)
(291, 190, 0, 0, 135)
(280, 204, 0, 0, 57)
(282, 181, 0, 43, 115)
(259, 10, 0, 28, 184)
(246, 73, 0, 0, 147)
(8, 224, 281, 0, 171)
(290, 207, 0, 0, 27)
(243, 170, 31, 0, 195)
(253, 5, 11, 2, 169)
(249, 155, 4, 3, 183)
(125, 199, 1, 2, 99)
(117, 224, 190, 0, 11)
(287, 103, 0, 116, 153)
(167, 173, 11, 0, 78)
(176, 106, 2, 11, 194)
(182, 224, 21, 0, 150)
(224, 100, 2, 4, 147)
(80, 195, 137, 0, 64)
(23, 161, 0, 39, 231)
(0, 95, 2, 5, 147)
(239, 118, 0, 0, 191)
(294, 224, 0, 0, 135)
(42, 208, 4, 4, 200)
(61, 196, 132, 0, 130)
(278, 198, 3, 2, 231)
(99, 138, 30, 0, 167)
(71, 159, 0, 39, 149)
(272, 168, 1, 3, 230)
(203, 145, 0, 0, 175)
(217, 224, 10, 0, 194)
(259, 214, 0, 0, 79)
(293, 209, 6, 0, 96)
(208, 171, 3, 2, 190)
(299, 43, 0, 45, 57)
(17, 105, 6, 2, 65)
(266, 8, 1, 2, 134)
(72, 140, 5, 1, 115)
(274, 128, 0, 3, 130)
(45, 214, 0, 0, 45)
(254, 223, 44, 0, 179)
(113, 189, 69, 0, 121)
(177, 164, 18, 0, 6)
(164, 212, 9, 0, 199)
(293, 165, 0, 49, 236)
(160, 146, 1, 8, 189)
(17, 77, 53, 0, 0)
(291, 224, 0, 0, 179)
(259, 209, 0, 27, 255)
(122, 80, 34, 0, 33)
(299, 164, 0, 87, 19)
(144, 211, 46, 0, 139)
(257, 186, 0, 0, 142)
(218, 224, 2, 0, 29)
(299, 72, 0, 0, 56)
(210, 200, 0, 0, 140)
(47, 224, 3, 6, 215)
(299, 113, 0, 72, 81)
(299, 75, 0, 24, 255)
(277, 197, 0, 0, 240)
(156, 124, 11, 2, 109)
(281, 18, 9, 2, 182)
(131, 203, 98, 0, 189)
(157, 222, 126, 0, 137)
(280, 157, 0, 8, 255)
(238, 190, 37, 0, 255)
(261, 87, 0, 133, 97)
(120, 82, 11, 1, 125)
(79, 116, 131, 0, 154)
(138, 161, 1, 20, 168)
(73, 203, 23, 0, 207)
(114, 81, 152, 0, 129)
(276, 216, 9, 0, 0)
(262, 201, 21, 0, 1)
(250, 214, 0, 0, 194)
(241, 133, 6, 3, 228)
(272, 224, 12, 0, 133)
(299, 213, 0, 0, 133)
(256, 22, 1, 28, 162)
(140, 209, 2, 5, 177)
(78, 219, 5, 3, 159)
(299, 100, 0, 35, 98)
(260, 0, 2, 2, 126)
(161, 203, 106, 0, 5)
(106, 57, 0, 157, 255)
(265, 213, 0, 0, 83)
(181, 75, 3, 2, 102)
(293, 6, 0, 89, 149)
(198, 202, 0, 3, 34)
(248, 194, 0, 36, 244)
(157, 30, 12, 8, 202)
(299, 224, 0, 0, 69)
(249, 224, 0, 0, 227)
(180, 129, 11, 0, 54)
(299, 59, 0, 14, 37)
(232, 170, 0, 0, 104)
(262, 211, 11, 1, 170)
(253, 178, 0, 19, 165)
(79, 219, 191, 0, 92)
(37, 76, 5, 2, 131)
(299, 173, 0, 0, 68)
(241, 207, 41, 0, 179)
(299, 170, 0, 9, 9)
(299, 112, 0, 41, 106)
(284, 215, 0, 0, 0)
(169, 127, 2, 4, 107)
(231, 96, 0, 18, 99)
(136, 6, 12, 8, 171)
(287, 197, 0, 0, 143)
(293, 219, 0, 5, 16)
(75, 156, 4, 2, 205)
(148, 110, 1, 13, 67)
(287, 38, 0, 38, 163)
(213, 191, 0, 19, 150)
(299, 158, 0, 24, 76)
(86, 211, 1, 0, 70)
(277, 29, 0, 180, 81)
(41, 157, 15, 2, 185)
(235, 191, 15, 1, 188)
(284, 74, 0, 8, 215)
(284, 181, 0, 0, 251)
(131, 212, 31, 0, 147)
(244, 182, 0, 0, 152)
(260, 28, 2, 16, 162)
(128, 152, 1, 12, 119)
(171, 224, 79, 0, 102)
(280, 202, 19, 0, 233)
(285, 47, 0, 47, 188)
(278, 56, 0, 0, 218)
(295, 45, 0, 130, 59)
(299, 58, 0, 125, 191)
(244, 224, 0, 0, 141)
(159, 125, 6, 3, 98)
(52, 187, 31, 0, 236)
(273, 202, 0, 0, 46)
(278, 216, 13, 1, 141)
(290, 26, 0, 124, 16)
(157, 212, 0, 0, 152)
(102, 224, 166, 0, 35)
(224, 208, 0, 9, 92)
(259, 67, 7, 2, 233)
(37, 199, 208, 0, 185)
(201, 189, 2, 2, 180)
(78, 120, 3, 5, 114)
(284, 117, 3, 1, 235)
(91, 219, 32, 0, 48)
(133, 148, 2, 3, 87)
(238, 212, 0, 12, 153)
(299, 119, 0, 5, 222)
(202, 103, 0, 30, 211)
(299, 100, 0, 31, 114)
(169, 84, 4, 4, 108)
(147, 201, 1, 2, 204)
(264, 203, 17, 0, 0)
(205, 215, 45, 0, 251)
(292, 97, 0, 131, 243)
(99, 206, 0, 0, 113)
(299, 171, 0, 53, 0)
(101, 176, 23, 0, 41)
(265, 177, 9, 1, 192)
(284, 181, 15, 0, 128)
(259, 91, 40, 0, 0)
(285, 93, 3, 3, 220)
(212, 39, 2, 5, 212)
(265, 71, 0, 39, 217)
(210, 197, 32, 0, 96)
(0, 214, 19, 0, 116)
(279, 90, 2, 3, 200)
(299, 205, 0, 0, 122)
(225, 195, 18, 0, 169)
(174, 24, 9, 5, 223)
(13, 224, 141, 0, 116)
(269, 0, 2, 4, 163)
(45, 52, 6, 3, 105)
(69, 223, 47, 0, 147)
(46, 224, 35, 0, 105)
(293, 5, 0, 110, 0)
(189, 203, 14, 0, 15)
(299, 224, 0, 0, 133)
(285, 70, 0, 63, 41)
(30, 220, 146, 0, 74)
(236, 224, 57, 0, 55)
(299, 107, 0, 97, 106)
(22, 208, 30, 1, 197)
(299, 207, 0, 17, 209)
(246, 63, 0, 97, 148)
(257, 46, 1, 4, 147)
(15, 79, 2, 8, 62)
(64, 199, 13, 1, 221)
(294, 82, 0, 54, 208)
(96, 224, 109, 0, 242)
(4, 54, 2, 9, 89)
(266, 224, 0, 0, 35)
(296, 66, 3, 1, 184)
(206, 223, 90, 0, 187)
(0, 204, 71, 0, 0)
(218, 68, 88, 0, 88)
(290, 130, 0, 5, 238)
(158, 193, 5, 3, 84)
(236, 51, 26, 0, 240)
(171, 175, 8, 2, 187)
(158, 189, 13, 0, 177)
(18, 221, 10, 1, 217)
(283, 112, 0, 27, 134)
(299, 147, 0, 0, 81)
(296, 19, 3, 0, 255)
(273, 163, 0, 61, 87)
(299, 182, 0, 20, 108)
(62, 77, 17, 0, 45)
(279, 206, 0, 13, 239)
(69, 224, 65, 0, 158)
(267, 224, 0, 0, 160)
(238, 218, 17, 0, 139)
(219, 200, 63, 0, 88)
(294, 67, 0, 54, 118)
(0, 224, 102, 0, 245)
(98, 224, 60, 0, 14)
(174, 224, 36, 0, 17)
(171, 161, 22, 0, 255)
(14, 176, 28, 0, 42)
(199, 224, 123, 0, 122)
(230, 104, 0, 45, 33)
(298, 221, 0, 8, 219)
(278, 189, 0, 16, 138)
(299, 125, 12, 2, 222)
(217, 224, 0, 0, 84)
(113, 175, 1, 10, 196)
(155, 207, 109, 0, 156)
(0, 46, 11, 1, 75)
(0, 191, 44, 0, 172)
(16, 211, 273, 0, 63)
(130, 0, 1, 34, 125)
(9, 217, 120, 0, 168)
(156, 190, 50, 0, 92)
(299, 84, 0, 22, 202)
(160, 181, 3, 5, 88)
(155, 224, 23, 0, 98)
(182, 150, 5, 1, 167)
(285, 165, 6, 2, 238)
(29, 224, 208, 0, 151)
(285, 119, 1, 5, 136)
(299, 140, 0, 32, 21)
(284, 205, 14, 0, 69)
(19, 224, 13, 0, 0)
(250, 80, 0, 6, 153)
(299, 224, 0, 0, 168)
(213, 143, 0, 12, 198)
(99, 185, 0, 4, 109)
(217, 118, 52, 0, 154)
(166, 224, 90, 0, 241)
(221, 190, 10, 0, 197)
(99, 170, 11, 3, 176)
(299, 179, 0, 0, 234)
(285, 84, 3, 1, 150)
(28, 217, 0, 7, 188)
(270, 160, 0, 28, 136)
(207, 196, 3, 1, 154)
(183, 104, 5, 1, 135)
(197, 206, 11, 0, 64)
(290, 98, 0, 0, 150)
(230, 224, 4, 10, 135)
(175, 199, 0, 0, 13)
(270, 224, 29, 0, 128)
(119, 224, 91, 0, 48)
(52, 224, 0, 0, 48)
(276, 216, 23, 0, 54)
(295, 96, 4, 5, 225)
(42, 121, 27, 3, 204)
(204, 189, 0, 12, 127)
(174, 40, 3, 4, 109)
(290, 69, 3, 1, 174)
(130, 222, 160, 0, 147)
(86, 111, 7, 7, 188)
(299, 184, 0, 36, 231)
(221, 209, 4, 4, 199)
(236, 187, 0, 32, 227)
(35, 218, 3, 5, 187)
(83, 206, 148, 0, 142)
(183, 129, 1, 10, 160)
(62, 211, 6, 3, 202)
(245, 102, 0, 64, 32)
(299, 224, 0, 0, 246)
(286, 224, 13, 0, 119)
(178, 170, 77, 0, 41)
(169, 2, 7, 12, 222)
(294, 80, 5, 3, 190)
(299, 30, 0, 79, 250)
(197, 81, 59, 0, 177)
(99, 111, 115, 0, 255)
(294, 18, 1, 3, 141)
(238, 192, 0, 4, 85)
(14, 42, 2, 9, 146)
(204, 102, 0, 68, 84)
(24, 27, 5, 8, 133)
(124, 201, 3, 2, 230)
(118, 0, 0, 74, 40)
(33, 224, 153, 0, 7)
(242, 27, 4, 4, 186)
(273, 96, 20, 0, 62)
(159, 138, 1, 6, 188)
(109, 219, 79, 0, 90)
(260, 93, 1, 4, 154)
(155, 167, 1, 7, 93)
(21, 216, 3, 4, 168)
(19, 60, 63, 0, 68)
(0, 206, 30, 0, 231)
(299, 170, 0, 40, 27)
(227, 184, 0, 0, 165)
(154, 60, 2, 8, 139)
(169, 177, 0, 0, 142)
(282, 110, 0, 124, 99)
(299, 76, 0, 100, 212)
(295, 54, 0, 80, 56)
(229, 224, 6, 0, 252)
(231, 206, 63, 0, 90)
(299, 173, 0, 0, 204)
(299, 184, 0, 0, 44)
(89, 131, 4, 6, 92)
(252, 167, 0, 57, 21)
(0, 100, 8, 15, 99)
(212, 224, 99, 0, 234)
(157, 148, 1, 11, 98)
(299, 28, 8, 1, 172)
(237, 0, 0, 115, 159)
(251, 173, 3, 8, 234)
(296, 141, 0, 38, 243)
(214, 105, 85, 0, 66)
(182, 144, 0, 19, 0)
(295, 159, 1, 2, 113)
(279, 21, 0, 37, 203)
(4, 138, 7, 3, 66)
(299, 40, 0, 47, 228)
(282, 65, 0, 41, 224)
(299, 205, 0, 12, 0)
(273, 200, 0, 0, 84)
(29, 19, 0, 107, 126)
(299, 206, 0, 4, 161)
(272, 224, 8, 0, 126)
(291, 201, 0, 0, 51)
(230, 200, 16, 0, 100)
(299, 199, 0, 15, 53)
(60, 134, 158, 0, 189)
(168, 89, 15, 2, 147)
(257, 139, 0, 65, 26)
(227, 224, 4, 1, 143)
(0, 224, 0, 0, 99)
(282, 203, 14, 0, 144)
(51, 208, 120, 0, 66)
(299, 189, 0, 9, 121)
(169, 98, 0, 19, 0)
(232, 213, 5, 2, 182)
(249, 175, 8, 2, 242)
(243, 74, 23, 0, 0)
(283, 191, 6, 0, 137)
(31, 224, 181, 0, 239)
(0, 161, 0, 0, 170)
(295, 203, 1, 2, 187)
(215, 70, 0, 10, 159)
(246, 206, 0, 0, 37)
(255, 8, 3, 4, 215)
(162, 184, 66, 0, 120)
(257, 196, 42, 0, 156)
(48, 224, 4, 0, 231)
(299, 167, 0, 0, 240)
(138, 131, 6, 2, 117)
(259, 170, 0, 34, 199)
(263, 27, 0, 170, 192)
(274, 149, 0, 20, 200)
(257, 167, 0, 9, 143)
(225, 124, 0, 0, 89)
(298, 224, 1, 0, 119)
(162, 222, 110, 0, 59)
(156, 160, 0, 26, 145)
(283, 24, 2, 1, 157)
(54, 224, 145, 0, 5)
(299, 99, 0, 26, 0)
(213, 193, 1, 1, 216)
(101, 155, 0, 41, 33)
(269, 203, 0, 0, 34)
(256, 123, 0, 13, 128)
(102, 45, 95, 0, 70)
(278, 224, 11, 0, 251)
(90, 224, 0, 0, 143)
(3, 211, 2, 3, 178)
(299, 84, 0, 21, 70)
(299, 220, 0, 0, 147)
(279, 197, 0, 16, 130)
(275, 0, 2, 34, 173)
(299, 224, 0, 0, 190)
(184, 201, 25, 0, 181)
(299, 128, 0, 0, 58)
(224, 113, 6, 3, 148)
(273, 121, 8, 1, 166)
(65, 219, 16, 0, 95)
(87, 98, 0, 30, 76)
(299, 63, 0, 8, 62)
(286, 223, 0, 1, 91)
(282, 197, 0, 0, 210)
(288, 63, 0, 38, 84)
(55, 97, 2, 6, 114)
(277, 158, 2, 2, 174)
(292, 133, 14, 0, 32)
(132, 224, 83, 0, 141)
(299, 166, 0, 11, 187)
(102, 209, 0, 0, 180)
(76, 190, 0, 0, 255)
(231, 85, 0, 53, 178)
(60, 198, 5, 5, 243)
(46, 129, 18, 2, 197)
(295, 216, 0, 8, 223)
(287, 224, 1, 10, 144)
(299, 205, 2, 0, 237)
(258, 224, 8, 0, 62)
(206, 221, 0, 0, 0)
(235, 210, 2, 4, 181)
(249, 188, 0, 0, 187)
(230, 54, 0, 120, 186)
(244, 136, 0, 48, 59)
(0, 202, 116, 0, 191)
(125, 224, 125, 0, 202)
(190, 202, 19, 0, 249)
(278, 133, 20, 0, 215)
(204, 19, 4, 11, 233)
(121, 223, 9, 0, 169)
(44, 25, 5, 24, 198)
(254, 224, 15, 0, 183)
(155, 175, 88, 0, 15)
(297, 215, 2, 3, 132)
(299, 47, 0, 49, 212)
(230, 61, 0, 55, 102)
(299, 214, 0, 0, 81)
(293, 108, 0, 108, 141)
(284, 224, 9, 0, 14)
(226, 18, 0, 136, 209)
(299, 93, 0, 55, 152)
(299, 142, 0, 19, 20)
(299, 69, 0, 25, 151)
(280, 97, 0, 155, 30)
(299, 205, 0, 0, 33)
(282, 206, 0, 0, 177)
(30, 224, 51, 0, 47)
(270, 183, 3, 2, 214)
(185, 147, 4, 3, 236)
(266, 185, 1, 6, 177)
(236, 203, 62, 0, 70)
(299, 177, 0, 33, 232)
(266, 224, 1, 0, 172)
(140, 179, 5, 5, 63)
(299, 44, 0, 52, 173)
(295, 178, 0, 12, 0)
(141, 120, 2, 9, 163)
(114, 187, 160, 0, 11)
(137, 198, 55, 0, 218)
(289, 194, 0, 0, 0)
(162, 176, 24, 0, 17)
(289, 58, 0, 22, 211)
(299, 53, 0, 0, 94)
(5, 175, 281, 0, 66)
(299, 213, 0, 0, 238)
(278, 174, 0, 0, 225)
(263, 9, 0, 99, 238)
(293, 94, 3, 2, 144)
(271, 57, 0, 27, 240)
(199, 120, 0, 28, 204)
(256, 131, 9, 0, 220)
(299, 64, 0, 135, 235)
(134, 87, 6, 3, 133)
(60, 210, 71, 0, 242)
(16, 224, 55, 0, 122)
(106, 188, 0, 0, 252)
(299, 84, 0, 106, 160)
(169, 224, 130, 0, 255)
(238, 154, 4, 2, 243)
(174, 224, 35, 0, 219)
(296, 12, 0, 150, 112)
(299, 187, 0, 19, 43)
(201, 130, 1, 5, 160)
(222, 182, 0, 15, 32)
(222, 224, 42, 0, 32)
(254, 73, 0, 47, 84)
(204, 101, 2, 2, 230)
(174, 186, 3, 2, 89)
(69, 24, 218, 0, 190)
(184, 203, 3, 1, 208)
(299, 46, 0, 100, 0)
(100, 143, 1, 11, 202)
(299, 214, 0, 12, 237)
(83, 191, 181, 0, 46)
(299, 205, 0, 0, 155)
(296, 215, 0, 3, 0)
(41, 26, 16, 1, 192)
(183, 39, 1, 4, 136)
(181, 224, 74, 0, 1)
(299, 34, 0, 56, 14)
(299, 58, 0, 105, 224)
(299, 36, 0, 147, 235)
(263, 221, 2, 2, 161)
(58, 20, 0, 175, 231)
(286, 223, 3, 0, 209)
(249, 174, 18, 0, 129)
(8, 218, 5, 2, 226)
(265, 195, 0, 29, 201)
(12, 121, 5, 1, 180)
(66, 211, 233, 0, 168)
(299, 121, 0, 32, 154)
(273, 125, 2, 3, 239)
(69, 33, 3, 9, 223)
(239, 78, 0, 40, 247)
(178, 224, 63, 0, 210)
(119, 199, 0, 16, 214)
(251, 174, 0, 17, 138)
(142, 209, 121, 0, 255)
(274, 149, 0, 42, 110)
(246, 43, 5, 2, 215)
(232, 132, 28, 0, 1)
(268, 136, 1, 1, 225)
(155, 163, 88, 0, 149)
(116, 219, 43, 0, 23)
(14, 192, 29, 1, 219)
(299, 209, 0, 14, 37)
(173, 224, 20, 0, 3)
(299, 185, 0, 18, 154)
(197, 224, 0, 0, 136)
(104, 152, 4, 5, 248)
(176, 213, 22, 0, 24)
(65, 52, 1, 22, 177)
(293, 134, 6, 1, 224)
(286, 136, 6, 2, 233)
(299, 162, 0, 61, 251)
(299, 129, 0, 86, 6)
(20, 64, 4, 5, 165)
(63, 207, 4, 2, 209)
(242, 211, 2, 3, 194)
(257, 93, 0, 0, 31)
(207, 162, 13, 1, 103)
(224, 50, 33, 0, 20)
(201, 202, 0, 0, 252)
(283, 180, 0, 26, 156)
(299, 206, 0, 0, 117)
(137, 191, 0, 0, 127)
(200, 195, 0, 0, 47)
(287, 23, 0, 13, 130)
(245, 198, 7, 3, 228)
(246, 39, 4, 3, 161)
(257, 2, 0, 70, 144)
(211, 129, 0, 0, 233)
(130, 207, 1, 12, 217)
(76, 224, 0, 0, 18)
(34, 224, 179, 0, 189)
(270, 219, 10, 0, 158)
(89, 33, 128, 0, 47)
(264, 224, 0, 0, 14)
(143, 224, 119, 0, 89)
(10, 181, 8, 1, 210)
(271, 161, 5, 1, 187)
(192, 47, 55, 0, 40)
(290, 224, 0, 0, 131)
(197, 151, 2, 2, 204)
(281, 14, 0, 52, 49)
(97, 22, 82, 0, 23)
(264, 215, 6, 1, 157)
(290, 147, 0, 29, 57)
(42, 145, 16, 1, 206)
(299, 64, 0, 71, 54)
(290, 207, 7, 1, 234)
(299, 95, 0, 34, 191)
(240, 40, 3, 4, 163)
(281, 104, 0, 88, 59)
(213, 95, 0, 0, 116)
(260, 142, 4, 2, 249)
(183, 224, 85, 0, 247)
(74, 211, 5, 3, 199)
(274, 224, 0, 12, 221)
(59, 204, 146, 0, 45)
(68, 224, 156, 0, 179)
(225, 167, 10, 2, 246)
(171, 196, 0, 10, 145)
(214, 189, 16, 0, 29)
(129, 210, 0, 0, 98)
(295, 224, 0, 0, 133)
(70, 58, 54, 0, 124)
(13, 224, 248, 0, 233)
(244, 147, 1, 4, 235)
(254, 72, 1, 8, 126)
(195, 224, 0, 0, 70)
(257, 179, 0, 0, 219)
(54, 83, 134, 0, 107)
(253, 224, 18, 0, 23)
(220, 216, 45, 0, 104)
(150, 28, 4, 10, 212)
(156, 203, 7, 1, 231)
(253, 217, 29, 0, 36)
(88, 99, 0, 35, 35)
(299, 83, 0, 94, 32)
(108, 168, 17, 2, 239)
(225, 176, 0, 0, 5)
(38, 220, 61, 0, 213)
(277, 153, 2, 1, 186)
(299, 118, 0, 17, 247)
(137, 205, 62, 0, 0)
(226, 124, 0, 100, 149)
(47, 121, 0, 6, 255)
(30, 218, 176, 0, 67)
(257, 60, 0, 64, 141)
(206, 47, 2, 4, 194)
(140, 213, 144, 0, 87)
(299, 216, 0, 0, 114)
(219, 129, 6, 1, 186)
(180, 201, 7, 2, 167)
(267, 49, 0, 58, 238)
(202, 221, 68, 0, 243)
(277, 70, 0, 0, 97)
(299, 209, 0, 6, 76)
(90, 89, 3, 8, 66)
(246, 203, 4, 1, 192)
(253, 224, 15, 0, 167)
(244, 135, 0, 9, 66)
(136, 0, 3, 12, 202)
(55, 195, 9, 2, 218)
(179, 224, 26, 0, 47)
(203, 59, 18, 0, 147)
(114, 35, 4, 4, 173)
(201, 212, 30, 0, 174)
(68, 61, 0, 33, 193)
(0, 224, 0, 0, 162)
(86, 224, 192, 0, 115)
(259, 177, 0, 0, 196)
(111, 159, 143, 0, 255)
(207, 211, 14, 0, 133)
(256, 149, 0, 22, 142)
(263, 223, 1, 1, 123)
(297, 224, 2, 0, 169)
(20, 168, 7, 9, 69)
(148, 156, 4, 5, 234)
(14, 199, 27, 0, 244)
(250, 218, 0, 0, 114)
(245, 177, 45, 0, 69)
(288, 95, 1, 5, 166)
(133, 93, 12, 2, 123)
(108, 224, 130, 0, 29)
(232, 103, 8, 2, 215)
(102, 224, 70, 0, 105)
(216, 179, 49, 0, 249)
(252, 224, 15, 0, 150)
(33, 39, 28, 1, 200)
(299, 114, 0, 13, 187)
(63, 161, 3, 3, 202)
(227, 74, 0, 75, 252)
(203, 25, 0, 6, 253)
(266, 205, 0, 0, 40)
(236, 0, 0, 8, 75)
(299, 63, 0, 22, 0)
(218, 220, 40, 0, 58)
(251, 133, 0, 12, 25)
(265, 214, 27, 0, 255)
(286, 187, 0, 20, 171)
(281, 179, 0, 9, 192)
(51, 190, 55, 0, 238)
(274, 4, 2, 2, 203)
(257, 140, 0, 21, 109)
(299, 21, 0, 147, 55)
(242, 192, 18, 4, 173)
(73, 88, 1, 3, 120)
(288, 88, 0, 108, 21)
(299, 118, 0, 55, 133)
(65, 220, 0, 4, 81)
(299, 176, 0, 21, 209)
(127, 224, 9, 0, 105)
(213, 135, 0, 97, 191)
(280, 106, 2, 4, 212)
(120, 203, 9, 2, 231)
(250, 130, 0, 75, 58)
(293, 212, 2, 3, 168)
(257, 221, 14, 0, 74)
(261, 202, 3, 1, 198)
(273, 17, 15, 1, 209)
(290, 34, 0, 129, 35)
(185, 224, 121, 0, 20)
(264, 224, 0, 0, 27)
(0, 198, 183, 0, 30)
(56, 200, 126, 0, 180)
(244, 180, 20, 0, 158)
(263, 188, 0, 0, 124)
(237, 163, 1, 2, 108)
(270, 148, 3, 3, 173)
(82, 44, 6, 4, 158)
(299, 90, 0, 65, 152)
(31, 194, 144, 0, 174)
(299, 170, 0, 39, 127)
(125, 131, 131, 0, 189)
(37, 49, 0, 21, 203)
(80, 224, 56, 0, 93)
(299, 193, 0, 0, 131)
(299, 140, 8, 1, 151)
(201, 180, 3, 5, 251)
(162, 211, 86, 0, 245)
(108, 219, 22, 0, 165)
(293, 194, 6, 0, 99)
(299, 152, 0, 24, 130)
(258, 75, 3, 3, 137)
(238, 186, 0, 0, 34)
(267, 218, 32, 0, 26)
(209, 14, 9, 11, 227)
(283, 177, 0, 15, 72)
(90, 193, 209, 0, 155)
(281, 131, 0, 0, 25)
(191, 224, 57, 0, 202)
(192, 207, 0, 0, 148)
(76, 216, 0, 3, 0)
(299, 224, 0, 0, 161)
(290, 224, 0, 0, 255)
(299, 25, 0, 125, 54)
(295, 204, 0, 20, 58)
(51, 224, 96, 0, 219)
(243, 95, 5, 2, 232)
(229, 140, 3, 4, 255)
(38, 199, 14, 0, 164)
(132, 141, 12, 6, 220)
(158, 224, 2, 0, 41)
(197, 193, 0, 6, 157)
(252, 171, 2, 1, 171)
(12, 224, 37, 0, 136)
(116, 41, 16, 1, 152)
(231, 180, 0, 44, 185)
(272, 166, 4, 2, 189)
(200, 46, 6, 5, 125)
(259, 224, 34, 0, 3)
(291, 147, 3, 2, 174)
(182, 159, 0, 23, 55)
(180, 204, 70, 0, 84)
(210, 192, 1, 2, 112)
(158, 206, 15, 0, 83)
(274, 24, 6, 5, 154)
(0, 0, 0, 0, 0)
(0, 0, 0, 0, 0)
(0, 0, 0, 0, 0)
(0, 0, 0, 0, 0)
