Background: 198
(0, 38, 217, 153, 150)
(28, 109, 113, 47, 186)
(185, 131, 72, 60, 223)
(177, 152, 60, 13, 115)
(243, 186, 57, 41, 172)
(132, 135, 24, 28, 214)
(0, 152, 42, 28, 67)
(35, 62, 86, 24, 186)
(168, 166, 131, 13, 230)
(0, 62, 20, 90, 109)
(249, 0, 50, 18, 170)
(113, 0, 31, 70, 153)
(217, 27, 45, 103, 178)
(230, 86, 68, 23, 192)
(130, 36, 50, 30, 182)
(102, 86, 14, 35, 209)
(140, 76, 76, 52, 130)
(138, 166, 11, 37, 102)
(159, 0, 74, 29, 225)
(219, 216, 81, 9, 151)
(99, 167, 37, 29, 184)
(63, 181, 41, 9, 87)
(150, 149, 5, 38, 219)
(159, 100, 25, 56, 151)
(103, 134, 41, 8, 112)
(287, 217, 15, 9, 118)
(158, 158, 6, 44, 112)
(206, 196, 88, 7, 207)
(192, 114, 51, 13, 114)
(176, 192, 26, 10, 158)
(16, 132, 15, 9, 215)
(24, 190, 56, 22, 213)
(95, 207, 124, 9, 211)
(46, 37, 36, 13, 189)
(254, 163, 36, 17, 222)
(231, 137, 31, 25, 208)
(66, 92, 24, 24, 69)
(197, 127, 4, 28, 114)
(184, 61, 17, 25, 117)
(106, 196, 10, 9, 106)
(273, 4, 8, 28, 176)
(194, 162, 14, 24, 239)
(231, 206, 30, 12, 183)
(83, 72, 16, 20, 145)
(76, 49, 12, 7, 226)
(207, 131, 29, 17, 241)
(274, 72, 24, 22, 171)
(69, 170, 31, 4, 237)
(202, 136, 9, 21, 226)
(266, 208, 19, 16, 157)
(82, 26, 42, 25, 139)
(240, 188, 37, 10, 179)
(52, 219, 43, 5, 173)
(65, 53, 5, 4, 231)
(266, 105, 8, 28, 218)
(236, 89, 2, 74, 203)
(260, 77, 36, 9, 191)
(89, 43, 30, 13, 113)
(201, 53, 61, 13, 183)
(44, 63, 19, 23, 198)
(233, 18, 12, 23, 159)
(219, 97, 9, 19, 140)
(51, 131, 97, 5, 144)
(228, 44, 52, 17, 192)
(173, 223, 46, 9, 178)
(87, 112, 54, 15, 207)
(282, 139, 16, 22, 184)
(246, 160, 32, 2, 152)
(234, 144, 51, 6, 220)
(203, 191, 25, 18, 214)
(0, 184, 34, 6, 103)
(171, 167, 61, 17, 236)
(71, 157, 60, 10, 96)
(285, 125, 12, 13, 216)
(21, 54, 8, 51, 115)
(73, 126, 12, 8, 248)
(16, 104, 7, 11, 70)
(0, 210, 36, 11, 185)
(0, 80, 41, 21, 114)
(21, 23, 26, 27, 186)
(283, 177, 17, 9, 190)
(281, 29, 20, 6, 160)
(19, 64, 6, 27, 158)
(244, 183, 41, 6, 194)
(98, 210, 107, 4, 226)
(103, 157, 10, 5, 243)
(203, 220, 16, 3, 171)
(229, 0, 18, 12, 230)
(187, 16, 11, 25, 228)
(97, 202, 12, 4, 91)
(41, 168, 21, 7, 68)
(175, 61, 13, 16, 134)
(78, 177, 35, 4, 213)
(271, 201, 15, 3, 168)
(116, 188, 6, 13, 226)
(256, 6, 2, 14, 209)
(255, 41, 18, 9, 164)
(95, 174, 44, 4, 186)
(201, 131, 7, 12, 186)
(220, 216, 47, 3, 172)
(263, 45, 6, 1, 123)
(172, 175, 8, 11, 191)
(160, 134, 17, 16, 121)
(40, 141, 22, 18, 223)
(145, 224, 18, 1, 220)
(289, 200, 6, 10, 196)
(140, 213, 9, 5, 253)
(161, 65, 5, 77, 152)
(46, 89, 31, 9, 132)
(225, 146, 46, 8, 208)
(49, 164, 7, 13, 71)
(233, 126, 3, 11, 146)
(54, 195, 21, 16, 228)
(70, 108, 19, 2, 34)
(250, 141, 28, 2, 159)
(259, 207, 12, 3, 147)
(227, 63, 12, 23, 157)
(197, 98, 29, 11, 136)
(299, 87, 1, 41, 217)
(0, 71, 9, 19, 76)
(191, 41, 8, 13, 199)
(219, 218, 15, 3, 173)
(237, 92, 23, 18, 208)
(81, 22, 9, 11, 127)
(2, 182, 22, 5, 82)
(206, 112, 15, 6, 105)
(35, 188, 35, 2, 191)
(132, 155, 7, 18, 222)
(278, 215, 22, 2, 141)
(197, 77, 19, 16, 113)
(116, 207, 14, 12, 204)
(299, 20, 2, 4, 85)
(171, 155, 6, 12, 229)
(178, 142, 3, 7, 217)
(208, 189, 3, 4, 168)
(221, 54, 7, 19, 144)
(190, 128, 4, 25, 241)
(271, 95, 8, 6, 213)
(187, 203, 19, 8, 224)
(144, 189, 5, 7, 189)
(66, 179, 46, 2, 227)
(109, 108, 14, 22, 213)
(222, 156, 12, 10, 142)
(110, 84, 23, 10, 174)
(235, 24, 34, 3, 190)
(0, 116, 8, 16, 173)
(78, 196, 13, 5, 120)
(22, 194, 29, 17, 209)
(131, 97, 19, 14, 96)
(295, 221, 6, 4, 99)
(134, 24, 10, 51, 174)
(151, 22, 19, 24, 207)
(100, 173, 21, 2, 225)
(141, 218, 21, 6, 212)
(211, 36, 2, 37, 196)
(88, 191, 72, 1, 126)
(41, 177, 14, 14, 190)
(133, 19, 3, 7, 83)
(230, 222, 31, 2, 131)
(256, 52, 10, 13, 217)
(19, 224, 118, 3, 185)
(31, 103, 24, 31, 184)
(247, 82, 27, 13, 182)
(118, 201, 21, 3, 209)
(47, 157, 15, 2, 182)
(60, 147, 54, 8, 159)
(267, 219, 7, 5, 151)
(26, 224, 57, 0, 143)
(244, 197, 11, 5, 222)
(299, 194, 0, 24, 86)
(216, 33, 3, 18, 128)
(0, 30, 10, 19, 120)
(28, 144, 8, 12, 161)
(159, 188, 9, 4, 229)
(289, 157, 10, 4, 136)
(147, 105, 7, 20, 91)
(292, 155, 1, 10, 211)
(117, 174, 7, 13, 81)
(163, 213, 16, 6, 217)
(209, 147, 5, 7, 112)
(295, 183, 5, 10, 154)
(279, 101, 12, 5, 166)
(150, 128, 7, 15, 236)
(0, 224, 11, 1, 74)
(134, 70, 1, 19, 74)
(289, 88, 6, 4, 143)
(197, 54, 2, 9, 101)
(274, 222, 12, 2, 196)
(179, 120, 6, 18, 109)
(233, 179, 34, 2, 233)
(95, 214, 9, 3, 232)
(258, 24, 1, 20, 213)
(209, 43, 2, 30, 164)
(277, 181, 21, 1, 206)
(8, 46, 6, 9, 75)
(116, 8, 10, 12, 112)
(277, 224, 9, 5, 202)
(167, 201, 14, 5, 182)
(295, 54, 0, 9, 34)
(168, 15, 61, 13, 229)
(279, 220, 0, 4, 61)
(258, 132, 11, 8, 176)
(102, 55, 5, 19, 121)
(86, 131, 10, 6, 85)
(58, 168, 13, 4, 100)
(151, 195, 8, 5, 241)
(101, 45, 2, 5, 211)
(275, 209, 8, 8, 148)
(155, 0, 53, 8, 221)
(241, 125, 6, 4, 111)
(272, 121, 16, 5, 168)
(295, 95, 4, 6, 225)
(279, 15, 10, 4, 211)
(233, 221, 7, 1, 135)
(220, 161, 10, 4, 184)
(238, 162, 11, 2, 200)
(228, 110, 15, 7, 143)
(289, 15, 3, 30, 189)
(156, 133, 0, 52, 77)
(1, 60, 31, 5, 102)
(211, 170, 16, 17, 238)
(57, 102, 11, 5, 88)
(227, 32, 3, 20, 207)
(138, 140, 22, 4, 218)
(101, 74, 29, 7, 192)
(187, 21, 47, 3, 230)
(291, 206, 8, 2, 197)
(134, 183, 6, 16, 89)
(254, 15, 1, 24, 210)
(249, 161, 0, 0, 144)
(239, 137, 5, 12, 173)
(251, 221, 3, 13, 170)
(102, 122, 23, 5, 185)
(58, 17, 18, 13, 215)
(293, 218, 6, 4, 106)
(168, 190, 4, 11, 248)
(253, 132, 3, 5, 150)
(231, 90, 16, 9, 216)
(294, 210, 9, 2, 153)
(261, 201, 0, 3, 30)
(294, 140, 2, 15, 206)
(255, 209, 9, 10, 186)
(216, 27, 17, 3, 180)
(177, 158, 12, 7, 64)
(180, 38, 12, 3, 194)
(23, 112, 23, 13, 158)
(260, 79, 27, 1, 214)
(274, 140, 0, 34, 31)
(134, 191, 1, 13, 217)
(105, 194, 6, 6, 186)
(272, 105, 4, 15, 218)
(75, 202, 18, 3, 171)
(272, 200, 13, 1, 188)
(290, 176, 14, 1, 204)
(103, 9, 1, 30, 191)
(199, 35, 8, 16, 139)
(179, 166, 85, 0, 216)
(182, 196, 58, 2, 214)
(179, 141, 15, 9, 222)
(236, 190, 4, 16, 192)
(238, 192, 22, 4, 174)
(44, 119, 45, 7, 199)
(284, 139, 8, 10, 177)
(260, 72, 11, 1, 221)
(10, 75, 43, 2, 176)
(163, 191, 9, 3, 245)
(287, 223, 9, 4, 131)
(228, 97, 1, 4, 104)
(252, 168, 18, 5, 198)
(38, 154, 18, 4, 196)
(274, 156, 2, 4, 123)
(197, 222, 9, 10, 171)
(111, 190, 5, 13, 87)
(128, 171, 4, 28, 232)
(104, 134, 11, 5, 71)
(217, 77, 9, 5, 222)
(148, 54, 1, 20, 109)
(0, 149, 17, 29, 58)
(261, 142, 1, 25, 215)
(148, 197, 5, 8, 107)
(123, 190, 5, 8, 71)
(161, 174, 12, 5, 157)
(67, 152, 14, 13, 130)
(270, 211, 18, 0, 77)
(117, 168, 3, 8, 238)
(231, 71, 25, 10, 150)
(286, 166, 14, 5, 232)
(136, 52, 8, 7, 141)
(222, 135, 12, 6, 228)
(299, 13, 0, 67, 54)
(257, 123, 5, 7, 201)
(295, 0, 5, 20, 171)
(37, 141, 28, 7, 230)
(157, 144, 2, 37, 97)
(282, 6, 13, 9, 156)
(280, 86, 7, 2, 131)
(43, 146, 11, 3, 249)
(104, 36, 11, 19, 93)
(80, 0, 34, 22, 211)
(163, 101, 39, 7, 164)
(101, 0, 16, 7, 217)
(261, 209, 3, 6, 173)
(286, 222, 2, 0, 86)
(39, 214, 16, 5, 216)
(130, 147, 4, 10, 110)
(173, 188, 9, 10, 132)
(262, 54, 0, 78, 17)
(201, 97, 5, 8, 216)
(293, 209, 5, 3, 152)
(85, 167, 24, 2, 113)
(285, 81, 4, 4, 159)
(251, 146, 0, 9, 34)
(210, 193, 6, 4, 169)
(279, 71, 9, 8, 160)
(144, 0, 2, 64, 198)
(179, 178, 14, 3, 213)
(31, 212, 27, 0, 193)
(290, 207, 7, 1, 233)
(212, 25, 2, 18, 227)
(124, 130, 15, 3, 182)
(280, 181, 4, 7, 213)
(273, 169, 9, 8, 231)
(288, 91, 8, 6, 164)
(171, 185, 3, 9, 130)
(290, 188, 3, 3, 145)
(89, 87, 3, 22, 91)
(177, 0, 52, 0, 222)
(215, 157, 14, 4, 103)
(188, 123, 4, 17, 240)
(273, 103, 3, 5, 151)
(207, 91, 15, 4, 133)
(284, 224, 16, 0, 120)
(235, 137, 19, 2, 160)
(113, 18, 7, 30, 134)
(250, 117, 6, 4, 204)
(200, 116, 9, 10, 95)
(222, 85, 42, 1, 182)
(236, 164, 0, 15, 0)
(280, 120, 4, 12, 177)
(286, 210, 4, 3, 206)
(245, 121, 8, 8, 132)
(153, 199, 1, 8, 129)
(25, 12, 56, 9, 206)
(203, 200, 4, 8, 224)
(249, 223, 5, 1, 193)
(284, 224, 15, 0, 0)
(151, 207, 32, 6, 228)
(290, 205, 9, 2, 182)
(160, 57, 6, 17, 185)
(0, 204, 7, 20, 178)
(177, 146, 3, 11, 242)
(282, 158, 24, 2, 114)
(231, 170, 29, 5, 219)
(13, 127, 6, 23, 134)
(277, 141, 0, 9, 163)
(177, 214, 32, 2, 202)
(254, 202, 7, 3, 159)
(239, 67, 0, 45, 182)
(21, 92, 4, 8, 73)
(299, 147, 0, 72, 182)
(0, 117, 2, 6, 125)
(90, 148, 23, 2, 92)
(146, 189, 13, 3, 108)
(299, 47, 1, 10, 157)
(272, 76, 3, 6, 226)
(283, 46, 9, 23, 212)
(211, 195, 0, 0, 0)
(293, 111, 6, 7, 219)
(273, 161, 24, 3, 214)
(209, 176, 37, 2, 244)
(292, 205, 16, 1, 166)
(228, 208, 23, 5, 186)
(97, 98, 3, 11, 91)
(251, 9, 3, 12, 136)
(299, 224, 0, 3, 47)
(15, 203, 11, 11, 193)
(163, 132, 4, 8, 221)
(102, 224, 22, 0, 236)
(288, 41, 6, 3, 147)
(275, 195, 27, 0, 14)
(165, 115, 16, 12, 164)
(59, 216, 28, 3, 190)
(191, 38, 1, 24, 156)
(183, 136, 2, 5, 181)
(26, 107, 2, 25, 181)
(217, 127, 13, 4, 224)
(245, 106, 10, 7, 198)
(299, 172, 0, 0, 206)
(59, 49, 5, 11, 81)
(104, 16, 6, 17, 210)
(283, 67, 16, 2, 204)
(299, 194, 4, 8, 160)
(273, 52, 13, 4, 181)
(219, 181, 32, 3, 221)
(213, 198, 1, 4, 234)
(129, 144, 2, 25, 86)
(33, 111, 10, 16, 152)
(31, 179, 5, 6, 90)
(0, 133, 3, 6, 61)
(81, 22, 17, 0, 101)
(296, 30, 3, 2, 196)
(140, 164, 7, 22, 80)
(246, 50, 4, 26, 167)
(56, 224, 19, 1, 167)
(57, 221, 20, 3, 160)
(254, 166, 2, 13, 232)
(64, 138, 24, 4, 229)
(273, 157, 0, 0, 88)
(265, 163, 0, 21, 101)
(264, 201, 7, 3, 201)
(188, 141, 16, 0, 107)
(156, 90, 6, 8, 160)
(243, 214, 7, 5, 161)
(187, 106, 10, 2, 214)
(115, 106, 9, 14, 223)
(86, 112, 5, 10, 176)
(245, 149, 4, 3, 157)
(294, 35, 4, 8, 224)
(267, 0, 2, 14, 196)
(97, 65, 1, 13, 104)
(238, 159, 3, 7, 140)
(0, 224, 0, 0, 234)
(296, 171, 5, 2, 208)
(245, 199, 20, 1, 229)
(115, 155, 7, 7, 47)
(97, 219, 182, 0, 0)
(257, 6, 28, 0, 147)
(227, 108, 10, 3, 168)
(135, 203, 0, 0, 0)
(233, 60, 2, 4, 150)
(299, 83, 0, 19, 33)
(102, 152, 8, 9, 235)
(299, 210, 0, 6, 167)
(169, 77, 5, 29, 131)
(287, 47, 0, 19, 152)
(176, 78, 26, 1, 92)
(89, 224, 157, 0, 204)
(231, 163, 8, 2, 110)
(107, 207, 6, 14, 221)
(229, 94, 1, 6, 111)
(78, 224, 127, 0, 224)
(205, 224, 93, 0, 255)
(289, 183, 11, 2, 176)
(6, 224, 258, 0, 190)
(195, 99, 15, 2, 199)
(71, 115, 12, 3, 124)
(295, 39, 6, 3, 228)
(45, 79, 11, 9, 206)
(240, 75, 21, 3, 145)
(199, 219, 10, 3, 188)
(64, 87, 2, 28, 102)
(95, 1, 0, 125, 117)
(298, 196, 1, 10, 166)
(18, 191, 70, 5, 217)
(257, 71, 0, 84, 255)
(228, 148, 5, 2, 175)
(246, 155, 9, 2, 174)
(165, 203, 8, 3, 132)
(191, 121, 45, 3, 108)
(152, 156, 8, 7, 160)
(111, 184, 3, 3, 241)
(162, 106, 2, 24, 109)
(49, 207, 6, 12, 227)
(43, 222, 7, 2, 178)
(141, 34, 8, 5, 138)
(240, 43, 10, 7, 193)
(247, 151, 9, 4, 226)
(281, 98, 0, 120, 24)
(166, 221, 10, 0, 194)
(66, 116, 4, 16, 162)
(203, 103, 9, 5, 110)
(0, 138, 13, 13, 85)
(146, 202, 7, 4, 111)
(184, 120, 0, 52, 127)
(275, 224, 12, 0, 186)
(102, 149, 11, 2, 49)
(261, 212, 14, 0, 70)
(190, 107, 16, 3, 119)
(89, 47, 4, 5, 176)
(32, 56, 5, 21, 192)
(284, 131, 0, 59, 62)
(120, 207, 31, 3, 189)
(249, 224, 0, 0, 112)
(208, 159, 12, 5, 99)
(142, 218, 37, 1, 228)
(107, 219, 12, 4, 206)
(109, 151, 6, 3, 48)
(285, 160, 14, 0, 9)
(273, 52, 0, 60, 1)
(251, 174, 15, 2, 233)
(202, 198, 12, 4, 231)
(97, 115, 35, 7, 217)
(270, 224, 4, 0, 214)
(280, 212, 6, 2, 150)
(230, 30, 4, 9, 135)
(22, 131, 143, 0, 173)
(38, 43, 6, 15, 110)
(258, 142, 7, 3, 244)
(127, 35, 11, 17, 162)
(273, 117, 36, 2, 198)
(207, 25, 9, 8, 241)
(66, 224, 81, 0, 23)
(95, 178, 17, 1, 240)
(234, 63, 4, 4, 201)
(288, 112, 3, 7, 183)
(66, 224, 165, 0, 252)
(55, 40, 29, 3, 201)
(113, 185, 4, 6, 77)
(112, 52, 14, 3, 100)
(206, 205, 6, 0, 107)
(1, 223, 9, 1, 83)
(274, 185, 3, 16, 180)
(290, 93, 1, 22, 203)
(174, 224, 48, 0, 80)
(266, 214, 6, 3, 160)
(238, 19, 3, 9, 130)
(294, 223, 2, 0, 74)
(0, 109, 157, 0, 216)
(203, 214, 15, 0, 115)
(237, 143, 14, 1, 184)
(201, 65, 5, 18, 132)
(154, 223, 1, 2, 214)
(255, 223, 5, 1, 105)
(163, 93, 40, 3, 127)
(91, 164, 205, 0, 211)
(238, 60, 5, 11, 201)
(225, 224, 39, 0, 43)
(231, 206, 22, 8, 186)
(217, 121, 4, 6, 217)
(78, 34, 35, 5, 161)
(150, 163, 1, 24, 167)
(191, 119, 29, 0, 154)
(299, 150, 2, 7, 163)
(192, 183, 2, 9, 244)
(293, 78, 9, 2, 159)
(259, 216, 4, 2, 214)
(278, 149, 10, 4, 205)
(160, 193, 3, 9, 81)
(101, 194, 162, 0, 128)
(77, 168, 9, 2, 234)
(237, 197, 20, 1, 201)
(95, 142, 6, 8, 202)
(21, 224, 5, 2, 115)
(136, 145, 12, 14, 229)
(93, 63, 1, 42, 195)
(92, 190, 9, 2, 89)
(263, 106, 3, 22, 212)
(178, 155, 27, 2, 101)
(169, 176, 2, 15, 121)
(148, 162, 2, 7, 219)
(214, 149, 4, 6, 212)
(261, 190, 4, 0, 122)
(198, 140, 2, 9, 94)
(251, 211, 23, 3, 175)
(194, 195, 2, 1, 214)
(213, 72, 1, 6, 195)
(116, 202, 4, 5, 148)
(100, 158, 184, 0, 182)
(235, 154, 2, 3, 108)
(142, 134, 1, 5, 79)
(268, 224, 4, 6, 147)
(209, 224, 54, 0, 144)
(226, 210, 8, 4, 194)
(263, 224, 13, 1, 144)
(78, 24, 140, 0, 70)
(193, 27, 3, 18, 234)
(227, 88, 1, 6, 118)
(277, 106, 5, 8, 213)
(39, 224, 243, 0, 26)
(116, 211, 85, 0, 151)
(279, 92, 0, 46, 21)
(102, 153, 78, 0, 197)
(88, 219, 203, 0, 206)
(294, 179, 5, 3, 200)
(267, 3, 0, 24, 233)
(262, 67, 9, 8, 214)
(138, 196, 8, 7, 130)
(282, 74, 1, 8, 223)
(251, 19, 1, 9, 151)
(87, 60, 6, 17, 192)
(197, 200, 0, 15, 127)
(299, 204, 0, 0, 44)
(245, 177, 14, 5, 235)
(220, 223, 30, 3, 138)
(38, 224, 157, 0, 131)
(245, 66, 2, 2, 237)
(256, 187, 15, 5, 183)
(295, 44, 4, 11, 183)
(0, 0, 26, 15, 191)
(94, 187, 54, 0, 241)
(0, 223, 4, 1, 150)
(291, 81, 6, 5, 216)
(223, 66, 11, 3, 185)
(230, 220, 3, 4, 119)
(103, 83, 8, 27, 218)
(245, 181, 22, 0, 152)
(54, 160, 12, 3, 193)
(128, 187, 13, 0, 225)
(218, 206, 68, 0, 34)
(77, 177, 14, 2, 169)
(65, 126, 10, 2, 171)
(151, 213, 0, 0, 47)
(293, 185, 3, 12, 168)
(180, 203, 14, 1, 180)
(213, 155, 91, 0, 154)
(6, 187, 233, 0, 214)
(60, 224, 124, 0, 64)
(24, 219, 100, 0, 120)
(68, 223, 28, 1, 179)
(292, 140, 1, 21, 186)
(291, 173, 12, 3, 226)
(100, 196, 139, 0, 35)
(216, 207, 21, 0, 202)
(173, 209, 14, 1, 216)
(272, 209, 3, 0, 204)
(281, 163, 0, 0, 218)
(125, 161, 4, 12, 89)
(213, 212, 7, 5, 206)
(55, 174, 8, 14, 127)
(122, 27, 1, 49, 109)
(197, 144, 1, 8, 229)
(203, 212, 0, 12, 45)
(69, 66, 3, 4, 81)
(291, 0, 0, 80, 136)
(214, 222, 9, 1, 145)
(287, 197, 3, 8, 209)
(52, 149, 0, 6, 109)
(193, 177, 2, 20, 243)
(264, 219, 8, 3, 137)
(299, 179, 0, 17, 246)
(163, 143, 4, 10, 90)
(133, 153, 1, 34, 203)
(73, 0, 24, 13, 207)
(148, 134, 11, 5, 247)
(284, 167, 0, 0, 95)
(291, 73, 8, 1, 142)
(195, 207, 22, 2, 211)
(122, 128, 9, 17, 146)
(254, 224, 0, 0, 75)
(279, 149, 4, 3, 149)
(182, 221, 26, 0, 0)
(284, 106, 3, 0, 44)
(155, 184, 3, 5, 204)
(114, 224, 40, 0, 34)
(254, 214, 6, 3, 209)
(49, 33, 54, 2, 194)
(248, 164, 8, 8, 220)
(239, 190, 37, 2, 188)
(246, 172, 14, 2, 199)
(277, 214, 21, 1, 156)
(172, 199, 5, 3, 242)
(269, 209, 0, 8, 154)
(119, 198, 0, 13, 150)
(292, 201, 2, 2, 132)
(199, 183, 2, 3, 155)
(39, 93, 3, 12, 96)
(170, 224, 73, 0, 76)
(269, 125, 2, 6, 174)
(144, 212, 0, 0, 190)
(54, 177, 15, 5, 149)
(294, 93, 5, 1, 142)
(67, 173, 16, 2, 211)
(299, 217, 0, 0, 0)
(134, 188, 165, 0, 176)
(40, 169, 162, 0, 143)
(178, 202, 16, 1, 164)
(115, 186, 0, 0, 29)
(251, 151, 6, 1, 132)
(299, 103, 0, 45, 244)
(296, 109, 0, 105, 255)
(203, 169, 37, 0, 77)
(147, 62, 1, 13, 125)
(74, 58, 3, 10, 229)
(239, 188, 17, 3, 193)
(56, 134, 30, 4, 147)
(256, 224, 37, 0, 167)
(273, 220, 0, 4, 124)
(131, 224, 26, 0, 139)
(260, 29, 4, 10, 167)
(248, 90, 2, 9, 194)
(133, 215, 7, 9, 191)
(38, 98, 4, 6, 68)
(264, 131, 0, 37, 253)
(132, 31, 14, 4, 188)
(195, 202, 11, 1, 225)
(17, 115, 4, 0, 37)
(137, 216, 98, 0, 251)
(183, 173, 47, 2, 232)
(98, 21, 3, 22, 201)
(44, 224, 0, 0, 242)
(266, 26, 4, 12, 216)
(123, 224, 28, 0, 241)
(197, 181, 0, 5, 99)
(289, 150, 4, 1, 97)
(275, 126, 2, 4, 139)
(152, 62, 4, 18, 145)
(283, 206, 3, 2, 170)
(277, 197, 0, 0, 16)
(178, 186, 4, 4, 228)
(266, 221, 6, 5, 147)
(251, 129, 1, 9, 223)
(149, 80, 7, 9, 103)
(203, 140, 3, 16, 234)
(86, 159, 9, 6, 70)
(252, 175, 8, 2, 234)
(299, 207, 0, 3, 155)
(139, 222, 0, 0, 157)
(264, 191, 73, 0, 142)
(200, 224, 18, 0, 183)
(288, 190, 0, 11, 214)
(299, 222, 0, 2, 237)
(48, 56, 5, 7, 210)
(255, 109, 0, 15, 179)
(289, 209, 3, 1, 233)
(299, 68, 0, 0, 30)
(84, 181, 23, 1, 119)
(160, 213, 40, 1, 216)
(121, 184, 3, 8, 221)
(184, 167, 19, 6, 249)
(11, 217, 5, 2, 228)
(282, 218, 5, 2, 139)
(162, 52, 0, 132, 91)
(156, 207, 11, 4, 216)
(154, 109, 5, 11, 110)
(299, 57, 0, 52, 166)
(178, 166, 4, 6, 213)
(173, 102, 12, 11, 170)
(92, 206, 7, 1, 121)
(248, 104, 15, 4, 214)
(39, 91, 23, 5, 160)
(277, 123, 0, 12, 190)
(153, 125, 2, 33, 203)
(151, 101, 4, 15, 105)
(120, 205, 5, 4, 149)
(164, 49, 0, 113, 30)
(290, 141, 9, 1, 213)
(217, 224, 61, 0, 33)
(207, 186, 7, 3, 250)
(248, 159, 32, 1, 178)
(122, 224, 0, 0, 153)
(180, 151, 8, 6, 98)
(269, 196, 0, 21, 177)
(103, 223, 165, 0, 127)
(174, 198, 55, 0, 58)
(84, 57, 190, 0, 219)
(139, 176, 71, 0, 159)
(76, 21, 13, 3, 147)
(285, 52, 2, 2, 141)
(172, 210, 21, 2, 223)
(11, 111, 10, 3, 61)
(129, 216, 5, 4, 210)
(228, 117, 5, 11, 117)
(284, 216, 15, 2, 128)
(259, 33, 1, 23, 199)
(171, 155, 2, 3, 133)
(205, 108, 5, 5, 151)
(296, 49, 0, 139, 201)
(264, 37, 0, 103, 50)
(266, 86, 3, 5, 165)
(123, 197, 4, 3, 137)
(299, 200, 0, 20, 16)
(248, 4, 1, 5, 143)
(80, 143, 45, 3, 203)
(277, 19, 22, 4, 183)
(263, 183, 9, 0, 39)
(190, 197, 18, 1, 180)
(270, 108, 5, 2, 194)
(289, 91, 11, 2, 165)
(0, 91, 7, 6, 186)
(268, 88, 4, 17, 201)
(233, 223, 2, 1, 90)
(209, 69, 10, 4, 205)
(102, 206, 128, 0, 175)
(211, 194, 42, 0, 229)
(269, 32, 6, 10, 207)
(35, 211, 121, 0, 54)
(200, 60, 18, 5, 194)
(178, 202, 42, 0, 60)
(299, 143, 0, 16, 56)
(286, 218, 1, 2, 131)
(189, 170, 7, 1, 162)
(12, 56, 1, 32, 125)
(0, 179, 11, 2, 157)
(197, 134, 1, 11, 121)
(298, 87, 0, 68, 229)
(217, 121, 2, 1, 126)
(86, 137, 48, 0, 43)
(218, 175, 3, 8, 245)
(180, 124, 1, 3, 131)
(282, 197, 5, 2, 226)
(294, 199, 3, 1, 151)
(253, 214, 0, 0, 84)
(299, 42, 0, 4, 121)
(222, 156, 14, 2, 99)
(262, 151, 4, 5, 181)
(283, 219, 1, 2, 124)
(193, 26, 9, 6, 226)
(253, 201, 3, 3, 175)
(193, 147, 2, 9, 131)
(240, 222, 9, 2, 123)
(299, 205, 0, 0, 135)
(64, 62, 6, 7, 159)
(9, 204, 218, 0, 109)
(293, 2, 8, 2, 153)
(243, 69, 20, 2, 162)
(194, 224, 81, 0, 203)
(207, 219, 47, 0, 247)
(18, 188, 180, 0, 49)
(297, 59, 7, 6, 215)
(293, 224, 18, 0, 100)
(138, 224, 35, 0, 126)
(215, 37, 2, 9, 112)
(76, 221, 20, 3, 181)
(213, 117, 3, 2, 220)
(269, 102, 1, 7, 242)
(90, 193, 1, 3, 223)
(270, 29, 0, 62, 59)
(155, 84, 26, 7, 144)
(263, 214, 36, 0, 197)
(296, 221, 5, 3, 94)
(252, 224, 2, 6, 212)
(91, 210, 32, 0, 0)
(224, 159, 2, 4, 214)
(150, 95, 6, 5, 163)
(73, 224, 0, 0, 155)
(294, 207, 3, 1, 220)
(186, 223, 5, 22, 188)
(86, 91, 7, 8, 82)
(30, 15, 3, 28, 210)
(54, 158, 167, 0, 54)
(273, 141, 0, 29, 244)
(234, 199, 8, 6, 198)
(232, 215, 20, 0, 58)
(280, 177, 10, 1, 203)
(234, 72, 2, 4, 127)
(292, 131, 0, 9, 26)
(299, 70, 1, 4, 164)
(145, 94, 5, 15, 82)
(277, 123, 3, 1, 246)
(270, 4, 20, 0, 36)
(24, 224, 84, 0, 1)
(106, 0, 37, 0, 71)
(36, 44, 8, 7, 136)
(292, 224, 0, 0, 37)
(97, 221, 22, 2, 204)
(132, 5, 3, 6, 84)
(247, 124, 10, 6, 170)
(294, 145, 5, 1, 144)
(83, 196, 6, 5, 100)
(0, 180, 4, 3, 191)
(38, 25, 8, 12, 167)
(88, 224, 72, 0, 109)
(248, 31, 3, 6, 236)
(281, 108, 0, 33, 0)
(279, 139, 1, 14, 181)
(0, 224, 38, 0, 20)
(163, 199, 3, 5, 106)
(93, 59, 4, 9, 217)
(232, 224, 1, 0, 137)
(112, 224, 134, 0, 106)
(299, 224, 0, 1, 77)
(274, 132, 10, 7, 212)
(254, 170, 2, 3, 183)
(79, 211, 16, 3, 205)
(256, 68, 0, 91, 219)
(145, 191, 4, 2, 233)
(199, 33, 7, 5, 167)
(281, 132, 18, 0, 30)
(148, 74, 2, 11, 167)
(42, 224, 113, 0, 238)
(274, 142, 0, 41, 23)
(280, 19, 2, 6, 148)
(265, 167, 18, 2, 217)
(230, 138, 6, 2, 230)
(213, 0, 0, 128, 159)
(94, 30, 4, 7, 118)
(228, 182, 23, 0, 71)
(23, 43, 0, 146, 59)
(293, 165, 0, 54, 185)
(56, 120, 8, 11, 204)
(299, 108, 0, 29, 152)
(17, 151, 8, 13, 83)
(47, 108, 14, 10, 195)
(140, 113, 7, 4, 168)
(210, 223, 7, 13, 190)
(123, 224, 174, 0, 43)
(101, 70, 187, 0, 170)
(186, 190, 5, 2, 167)
(295, 188, 22, 0, 153)
(278, 213, 4, 0, 170)
(139, 54, 2, 10, 206)
(97, 116, 186, 0, 51)
(204, 26, 0, 82, 65)
(96, 213, 5, 5, 231)
(212, 118, 2, 2, 232)
(266, 202, 33, 0, 0)
(228, 224, 42, 0, 80)
(205, 180, 3, 15, 233)
(106, 53, 7, 10, 148)
(299, 0, 0, 82, 77)
(299, 224, 0, 0, 199)
(180, 183, 9, 4, 155)
(155, 224, 0, 0, 65)
(53, 224, 124, 0, 121)
(156, 0, 10, 29, 215)
(272, 202, 0, 22, 83)
(218, 25, 3, 8, 192)
(35, 193, 9, 24, 207)
(255, 15, 1, 17, 195)
(159, 220, 33, 2, 201)
(33, 189, 32, 0, 117)
(104, 207, 106, 0, 11)
(183, 54, 3, 6, 114)
(138, 202, 3, 6, 224)
(72, 217, 60, 0, 237)
(154, 218, 2, 3, 197)
(240, 151, 3, 6, 241)
(299, 0, 0, 7, 54)
(58, 212, 40, 1, 207)
(268, 34, 0, 64, 48)
(179, 49, 17, 1, 150)
(216, 201, 3, 4, 226)
(100, 27, 9, 6, 180)
(12, 221, 16, 3, 210)
(299, 178, 0, 0, 160)
(265, 144, 6, 2, 250)
(157, 199, 2, 6, 226)
(291, 48, 0, 73, 45)
(287, 192, 5, 3, 163)
(7, 80, 3, 39, 103)
(160, 146, 3, 8, 187)
(237, 203, 13, 1, 203)
(83, 35, 5, 12, 172)
(222, 196, 11, 5, 221)
(255, 211, 18, 0, 194)
(167, 218, 0, 6, 36)
(173, 206, 157, 0, 43)
(64, 120, 204, 0, 247)
(230, 205, 3, 0, 96)
(101, 86, 3, 17, 169)
(251, 190, 22, 1, 186)
(219, 30, 3, 24, 157)
(263, 0, 3, 6, 163)
(140, 207, 13, 1, 201)
(269, 139, 4, 4, 123)
(74, 193, 24, 3, 215)
(299, 165, 0, 0, 179)
(292, 192, 0, 3, 187)
(291, 131, 6, 3, 203)
(123, 191, 42, 0, 15)
(241, 118, 5, 4, 149)
(201, 141, 1, 13, 186)
(273, 168, 7, 2, 208)
(223, 202, 12, 3, 207)
(239, 188, 4, 3, 207)
(167, 195, 132, 0, 196)
(165, 152, 3, 21, 166)
(286, 206, 0, 2, 93)
(204, 171, 7, 2, 200)
(246, 104, 0, 65, 0)
(299, 63, 0, 91, 220)
(38, 165, 18, 10, 66)
(281, 12, 6, 3, 184)
(124, 170, 2, 7, 88)
(237, 186, 3, 0, 54)
(92, 224, 24, 0, 255)
(259, 196, 8, 0, 109)
(281, 138, 5, 1, 165)
(258, 189, 32, 1, 174)
(115, 158, 12, 7, 49)
(28, 218, 12, 6, 187)
(10, 72, 8, 3, 132)
(299, 117, 0, 55, 58)
(211, 92, 4, 6, 175)
(51, 42, 3, 16, 151)
(299, 112, 0, 13, 26)
(264, 4, 3, 4, 139)
(63, 224, 186, 0, 171)
(144, 19, 92, 0, 229)
(59, 216, 61, 0, 59)
(252, 79, 1, 39, 187)
(258, 7, 4, 5, 143)
(135, 167, 4, 13, 185)
(274, 51, 2, 17, 173)
(52, 224, 0, 0, 21)
(284, 177, 0, 0, 161)
(196, 122, 3, 11, 101)
(236, 224, 8, 4, 150)
(245, 129, 7, 4, 246)
(233, 3, 0, 128, 127)
(134, 95, 8, 4, 174)
(14, 220, 5, 1, 84)
(263, 87, 0, 117, 56)
(187, 198, 58, 0, 0)
(149, 193, 7, 4, 239)
(164, 114, 2, 11, 120)
(270, 148, 2, 5, 172)
(265, 177, 10, 2, 204)
(0, 50, 8, 7, 199)
(271, 173, 0, 3, 142)
(260, 209, 3, 1, 152)
(211, 155, 2, 4, 176)
(170, 191, 7, 0, 118)
(163, 185, 5, 2, 105)
(70, 141, 25, 1, 212)
(240, 224, 5, 0, 90)
(267, 184, 6, 1, 227)
(152, 209, 5, 4, 249)
(105, 209, 5, 5, 239)
(22, 223, 22, 1, 187)
(292, 34, 4, 4, 228)
(211, 165, 30, 1, 174)
(0, 224, 6, 0, 239)
(296, 184, 3, 1, 160)
(299, 186, 0, 10, 104)
(297, 172, 0, 27, 247)
(283, 20, 6, 7, 204)
(30, 211, 6, 13, 189)
(156, 49, 7, 6, 140)
(157, 60, 103, 0, 56)
(27, 203, 151, 0, 98)
(118, 156, 19, 0, 252)
(247, 8, 0, 113, 179)
(299, 177, 0, 3, 151)
(263, 221, 7, 0, 39)
(154, 120, 113, 0, 255)
(299, 17, 0, 39, 176)
(299, 208, 0, 6, 0)
(254, 215, 31, 0, 186)
(286, 138, 1, 6, 205)
(24, 178, 0, 52, 150)
(260, 67, 10, 0, 99)
(299, 12, 0, 100, 80)
(290, 109, 7, 5, 215)
(299, 83, 0, 0, 53)
(44, 215, 5, 0, 50)
(246, 147, 0, 26, 129)
(295, 129, 0, 87, 8)
(122, 126, 2, 17, 135)
(167, 190, 20, 0, 231)
(275, 108, 2, 8, 220)
(34, 60, 5, 15, 201)
(27, 84, 0, 15, 91)
(299, 142, 0, 15, 205)
(16, 224, 264, 0, 176)
(246, 198, 8, 0, 219)
(97, 200, 13, 0, 66)
(299, 148, 0, 34, 178)
(160, 77, 11, 3, 168)
(283, 109, 7, 2, 157)
(86, 166, 43, 1, 121)
(130, 224, 163, 0, 185)
(299, 70, 0, 69, 0)
(142, 162, 5, 4, 115)
(299, 50, 0, 159, 161)
(47, 90, 5, 6, 107)
(260, 222, 29, 0, 0)
(285, 93, 2, 4, 220)
(258, 187, 1, 1, 145)
(244, 223, 2, 1, 150)
(283, 75, 0, 140, 167)
(281, 156, 0, 38, 244)
(276, 183, 0, 22, 89)
(251, 107, 1, 11, 150)
(153, 224, 114, 0, 118)
(278, 54, 0, 154, 110)
(258, 182, 41, 0, 23)
(208, 158, 3, 2, 228)
(296, 207, 0, 12, 83)
(248, 46, 5, 9, 219)
(299, 177, 0, 44, 129)
(40, 207, 160, 0, 241)
(239, 81, 0, 61, 249)
(198, 162, 3, 1, 164)
(299, 212, 1, 2, 160)
(200, 93, 1, 50, 148)
(259, 224, 18, 0, 107)
(182, 224, 38, 0, 237)
(274, 129, 3, 6, 179)
(272, 221, 2, 2, 182)
(180, 224, 86, 0, 49)
(272, 18, 0, 31, 198)
(5, 195, 52, 2, 211)
(256, 220, 21, 0, 206)
(199, 155, 2, 6, 179)
(134, 56, 0, 0, 36)
(181, 104, 0, 0, 121)
(45, 224, 7, 1, 203)
(37, 212, 245, 0, 172)
(94, 103, 3, 6, 199)
(243, 224, 2, 2, 156)
(268, 82, 7, 4, 158)
(291, 187, 2, 4, 144)
(62, 56, 26, 2, 181)
(207, 78, 2, 9, 93)
(46, 208, 2, 13, 206)
(89, 17, 11, 6, 227)
(30, 223, 0, 0, 96)
(233, 223, 55, 0, 59)
(282, 130, 4, 2, 203)
(199, 198, 85, 0, 129)
(213, 125, 4, 3, 178)
(242, 111, 2, 5, 208)
(207, 184, 0, 15, 47)
(295, 198, 1, 1, 132)
(237, 149, 2, 5, 148)
(221, 56, 1, 6, 222)
(117, 45, 15, 3, 173)
(120, 174, 2, 12, 73)
(88, 213, 9, 2, 214)
(150, 224, 0, 0, 0)
(40, 223, 181, 0, 255)
(54, 101, 8, 1, 78)
(43, 175, 191, 0, 103)
(51, 165, 0, 20, 153)
(236, 96, 0, 18, 129)
(46, 155, 192, 0, 227)
(298, 163, 0, 49, 29)
(36, 223, 194, 0, 135)
(299, 64, 0, 54, 103)
(92, 165, 14, 5, 120)
(149, 206, 16, 1, 166)
(42, 179, 4, 7, 207)
(155, 160, 8, 14, 106)
(84, 183, 12, 8, 85)
(282, 82, 4, 4, 154)
(0, 163, 113, 0, 214)
(270, 170, 0, 11, 70)
(20, 145, 8, 5, 115)
(152, 150, 4, 9, 188)
(174, 37, 0, 46, 208)
(271, 125, 1, 3, 142)
(192, 224, 10, 2, 163)
(204, 93, 3, 5, 135)
(217, 221, 3, 1, 132)
(234, 110, 1, 26, 102)
(110, 224, 8, 16, 203)
(290, 197, 2, 5, 209)
(66, 62, 4, 2, 93)
(197, 224, 66, 0, 179)
(180, 194, 12, 2, 118)
(259, 162, 0, 20, 63)
(289, 214, 7, 3, 158)
(242, 204, 4, 4, 181)
(270, 187, 0, 10, 217)
(280, 92, 2, 14, 168)
(110, 195, 127, 0, 119)
(58, 193, 28, 0, 142)
(148, 208, 0, 16, 156)
(111, 22, 39, 0, 81)
(91, 222, 6, 0, 58)
(299, 122, 0, 61, 222)
(299, 151, 0, 18, 33)
(217, 188, 17, 5, 217)
(281, 24, 1, 16, 190)
(60, 224, 21, 0, 25)
(251, 196, 1, 1, 145)
(284, 0, 0, 35, 49)
(41, 212, 7, 7, 206)
(299, 170, 0, 16, 68)
(287, 44, 1, 3, 175)
(142, 193, 0, 0, 70)
(276, 129, 17, 0, 226)
(251, 173, 4, 4, 241)
(29, 222, 244, 0, 135)
(237, 220, 1, 3, 130)
(211, 200, 70, 0, 0)
(61, 205, 56, 0, 100)
(0, 215, 8, 5, 168)
(299, 108, 0, 23, 255)
(200, 214, 13, 2, 205)
(244, 45, 11, 3, 192)
(277, 220, 2, 2, 180)
(15, 219, 5, 1, 119)
(234, 224, 1, 1, 187)
(279, 97, 23, 0, 3)
(48, 190, 11, 2, 194)
(241, 155, 9, 1, 215)
(283, 74, 1, 2, 198)
(284, 149, 5, 4, 209)
(45, 217, 150, 0, 155)
(259, 206, 16, 0, 207)
(296, 194, 3, 0, 40)
(234, 152, 3, 2, 151)
(239, 92, 0, 110, 187)
(11, 222, 9, 5, 211)
(249, 9, 1, 10, 193)
(290, 211, 5, 1, 160)
(280, 209, 19, 0, 135)
(67, 118, 8, 2, 143)
(172, 17, 19, 7, 233)
(295, 8, 4, 4, 188)
(256, 168, 0, 40, 131)
(22, 217, 9, 4, 172)
(148, 209, 65, 0, 198)
(146, 170, 3, 17, 89)
(80, 201, 26, 1, 166)
(279, 66, 0, 24, 151)
(79, 65, 0, 0, 230)
(223, 0, 13, 12, 227)
(90, 135, 3, 6, 103)
(148, 204, 34, 0, 74)
(275, 122, 0, 28, 115)
(213, 59, 0, 0, 176)
(155, 115, 2, 3, 68)
(190, 206, 61, 0, 54)
(232, 158, 2, 2, 240)
(172, 196, 0, 0, 93)
(189, 13, 25, 8, 227)
(202, 181, 4, 5, 249)
(287, 220, 1, 4, 136)
(24, 177, 209, 0, 116)
(125, 110, 14, 3, 149)
(99, 149, 3, 12, 165)
(287, 166, 0, 0, 73)
(299, 206, 0, 9, 196)
(286, 78, 2, 2, 225)
(257, 47, 11, 6, 188)
(285, 119, 1, 4, 131)
(135, 200, 164, 0, 185)
(72, 202, 9, 3, 192)
(247, 165, 0, 21, 236)
(255, 207, 44, 0, 201)
(87, 224, 190, 0, 56)
(90, 85, 0, 136, 218)
(227, 191, 0, 0, 0)
(69, 205, 88, 0, 80)
(290, 145, 4, 2, 205)
(13, 192, 0, 8, 17)
(191, 107, 5, 18, 109)
(80, 171, 46, 0, 194)
(209, 202, 63, 0, 5)
(253, 146, 5, 2, 180)
(287, 114, 0, 40, 134)
(284, 175, 6, 1, 233)
(255, 208, 3, 2, 166)
(295, 196, 4, 0, 0)
(68, 189, 104, 0, 72)
(0, 161, 193, 0, 80)
(275, 0, 0, 15, 241)
(299, 106, 0, 58, 21)
(0, 198, 9, 6, 195)
(294, 207, 5, 0, 204)
(110, 123, 4, 6, 218)
(184, 220, 48, 0, 127)
(246, 224, 15, 0, 199)
(213, 194, 3, 2, 158)
(243, 209, 0, 0, 121)
(299, 125, 0, 10, 90)
(262, 56, 10, 4, 203)
(297, 178, 13, 1, 209)
(297, 160, 2, 6, 195)
(263, 12, 0, 165, 93)
(7, 217, 102, 0, 223)
(228, 58, 1, 30, 152)
(265, 134, 3, 3, 103)
(75, 175, 17, 2, 122)
(185, 185, 3, 3, 198)
(273, 224, 0, 0, 37)
(144, 153, 2, 9, 184)
(235, 135, 2, 3, 103)
(155, 191, 4, 2, 93)
(293, 210, 2, 5, 166)
(282, 57, 6, 14, 212)
(166, 206, 1, 14, 215)
(217, 222, 14, 0, 81)
(276, 12, 0, 140, 46)
(214, 25, 2, 6, 230)
(139, 183, 1, 8, 59)
(299, 127, 0, 100, 172)
(256, 224, 13, 0, 138)
(244, 224, 55, 0, 231)
(153, 164, 1, 24, 247)
(278, 0, 1, 5, 128)
(264, 11, 4, 3, 201)
(49, 164, 37, 1, 118)
(274, 166, 2, 3, 186)
(279, 224, 0, 0, 96)
(239, 186, 36, 0, 225)
(267, 78, 5, 1, 216)
(228, 9, 47, 0, 68)
(204, 167, 29, 3, 241)
(299, 156, 0, 0, 76)
(203, 224, 95, 0, 233)
(243, 224, 19, 0, 101)
(253, 106, 1, 16, 213)
(296, 222, 0, 0, 63)
(252, 122, 0, 0, 216)
(299, 165, 0, 11, 142)
(27, 12, 10, 16, 205)
(283, 0, 0, 204, 202)
(179, 223, 77, 0, 194)
(145, 79, 3, 10, 176)
(144, 212, 155, 0, 191)
(267, 196, 0, 0, 30)
(119, 220, 47, 0, 104)
(140, 223, 16, 0, 31)
(299, 35, 0, 16, 28)
(283, 216, 0, 0, 69)
(108, 192, 4, 4, 116)
(257, 57, 5, 5, 239)
(155, 213, 141, 0, 22)
(179, 0, 68, 0, 111)
(296, 68, 0, 165, 151)
(113, 137, 8, 1, 63)
(132, 156, 11, 7, 237)
(39, 154, 1, 5, 151)
(290, 160, 9, 0, 113)
(26, 96, 8, 2, 187)
(266, 51, 2, 2, 140)
(180, 42, 0, 69, 128)
(53, 75, 23, 5, 193)
(69, 181, 4, 8, 89)
(271, 16, 0, 100, 67)
(252, 164, 0, 14, 122)
(154, 161, 5, 5, 115)
(268, 152, 3, 3, 217)
(44, 108, 67, 0, 0)
(0, 183, 72, 0, 172)
(275, 165, 13, 0, 254)
(153, 110, 3, 2, 189)
(296, 123, 0, 64, 177)
(284, 224, 9, 0, 65)
(222, 32, 4, 4, 225)
(190, 193, 0, 0, 73)
(232, 222, 4, 0, 102)
(264, 141, 0, 45, 13)
(299, 224, 0, 0, 234)
(5, 128, 8, 10, 132)
(240, 110, 15, 0, 152)
(138, 159, 0, 89, 113)
(42, 166, 0, 0, 207)
(72, 213, 95, 0, 153)
(240, 96, 9, 0, 164)
(103, 186, 9, 3, 214)
(24, 209, 129, 0, 91)
(197, 181, 1, 2, 161)
(229, 210, 43, 0, 75)
(38, 203, 2, 16, 210)
(266, 125, 22, 0, 248)
(50, 158, 2, 13, 94)
(123, 203, 6, 3, 227)
(131, 220, 1, 3, 204)
(141, 209, 7, 4, 189)
(159, 207, 17, 0, 50)
(124, 180, 5, 5, 232)
(229, 110, 3, 5, 172)
(9, 101, 16, 3, 142)
(185, 197, 4, 2, 231)
(146, 188, 2, 0, 44)
(229, 87, 5, 3, 229)
(243, 186, 8, 6, 190)
(186, 204, 19, 3, 231)
(122, 187, 3, 4, 242)
(134, 224, 108, 0, 67)
(152, 160, 1, 22, 249)
(213, 46, 3, 8, 138)
(137, 33, 3, 4, 127)
(238, 200, 92, 0, 127)
(253, 23, 1, 19, 200)
(258, 223, 33, 0, 123)
(299, 16, 0, 68, 94)
(255, 44, 5, 5, 181)
(290, 158, 0, 14, 216)
(40, 22, 6, 3, 143)
(260, 25, 0, 9, 235)
(299, 193, 0, 4, 58)
(153, 131, 3, 2, 166)
(136, 0, 3, 13, 210)
(67, 219, 182, 0, 138)
(155, 220, 17, 0, 45)
(130, 54, 1, 16, 232)
(236, 171, 4, 1, 187)
(187, 124, 1, 7, 165)
(227, 90, 0, 0, 0)
(141, 130, 8, 5, 119)
(75, 224, 10, 2, 207)
(291, 120, 3, 4, 202)
(198, 94, 14, 1, 168)
(213, 178, 0, 34, 122)
(186, 167, 0, 0, 73)
(127, 186, 2, 7, 153)
(299, 163, 0, 13, 152)
(241, 216, 0, 0, 206)
(184, 155, 2, 8, 68)
(275, 210, 0, 0, 0)
(55, 187, 174, 0, 124)
(106, 0, 0, 36, 101)
(281, 195, 10, 2, 192)
(281, 88, 13, 0, 0)
(278, 45, 0, 154, 29)
(251, 100, 2, 5, 229)
(230, 186, 7, 0, 84)
(287, 222, 7, 1, 124)
(150, 123, 0, 101, 60)
(298, 6, 0, 139, 124)
(233, 65, 22, 0, 189)
(221, 114, 1, 9, 189)
(0, 163, 88, 0, 52)
(282, 203, 4, 4, 162)
(238, 186, 0, 4, 133)
(299, 24, 0, 176, 141)
(288, 203, 2, 6, 182)
(275, 224, 15, 0, 149)
(299, 142, 0, 15, 100)
(294, 216, 5, 0, 255)
(222, 166, 0, 0, 193)
(17, 218, 218, 0, 64)
(196, 196, 129, 0, 225)
(124, 172, 35, 0, 184)
(117, 108, 2, 11, 232)
(181, 224, 118, 0, 59)
(257, 146, 0, 25, 30)
(226, 111, 2, 5, 149)
(171, 95, 21, 6, 125)
(299, 215, 0, 9, 55)
(0, 55, 73, 0, 22)
(241, 143, 3, 5, 134)
(36, 155, 11, 0, 101)
(203, 128, 13, 1, 113)
(256, 131, 14, 2, 189)
(125, 207, 4, 5, 171)
(127, 198, 170, 0, 101)
(148, 91, 4, 4, 175)
(192, 211, 0, 13, 255)
(64, 203, 0, 9, 53)
(269, 204, 4, 1, 191)
(291, 175, 0, 42, 146)
(245, 210, 0, 6, 152)
(299, 92, 0, 57, 187)
(142, 209, 107, 0, 253)
(297, 161, 0, 7, 224)
(288, 201, 1, 4, 186)
(146, 165, 2, 13, 109)
(245, 71, 1, 12, 169)
(299, 22, 0, 168, 71)
(269, 203, 0, 9, 217)
(299, 73, 0, 79, 240)
(200, 208, 0, 1, 209)
(84, 200, 143, 0, 150)
(223, 211, 72, 0, 246)
(272, 169, 10, 4, 226)
(299, 224, 0, 0, 7)
(160, 213, 9, 1, 113)
(219, 48, 2, 1, 109)
(173, 179, 3, 6, 225)
(299, 223, 0, 0, 211)
(89, 224, 0, 0, 144)
(299, 207, 5, 4, 182)
(227, 215, 56, 0, 98)
(275, 97, 5, 3, 226)
(299, 224, 0, 0, 127)
(204, 224, 4, 0, 98)
(291, 160, 1, 6, 219)
(299, 31, 0, 50, 219)
(296, 158, 0, 41, 232)
(0, 224, 279, 0, 50)
(122, 163, 50, 0, 36)
(162, 224, 33, 0, 55)
(177, 201, 3, 2, 221)
(169, 144, 9, 3, 135)
(43, 215, 177, 0, 156)
(35, 152, 3, 8, 114)
(266, 74, 2, 9, 184)
(183, 217, 16, 4, 194)
(32, 224, 0, 2, 232)
(165, 31, 4, 23, 199)
(52, 4, 181, 0, 26)
(149, 212, 7, 3, 239)
(268, 215, 0, 0, 45)
(299, 11, 0, 0, 170)
(299, 151, 0, 71, 110)
(290, 162, 0, 46, 188)
(186, 195, 108, 0, 31)
(0, 221, 19, 1, 186)
(299, 172, 0, 33, 115)
(141, 224, 35, 0, 229)
(223, 204, 0, 20, 58)
(281, 200, 0, 2, 48)
(199, 134, 0, 22, 84)
(299, 224, 0, 0, 32)
(299, 46, 0, 145, 225)
(299, 90, 0, 14, 13)
(231, 203, 68, 0, 187)
(299, 40, 0, 184, 176)
(287, 224, 0, 0, 26)
(247, 211, 6, 0, 89)
(299, 78, 0, 76, 5)
(285, 191, 10, 3, 167)
(55, 201, 101, 0, 153)
(232, 69, 4, 14, 135)
(58, 26, 0, 0, 52)
(242, 76, 3, 9, 188)
(292, 204, 7, 1, 164)
(299, 28, 3, 0, 224)
(34, 194, 18, 0, 166)
(16, 217, 7, 2, 153)
(105, 201, 97, 0, 145)
(250, 222, 0, 0, 143)
(160, 224, 139, 0, 0)
(299, 145, 0, 33, 52)
(299, 198, 0, 0, 173)
(294, 76, 3, 7, 165)
(299, 118, 0, 106, 170)
(265, 117, 5, 11, 225)
(6, 59, 7, 2, 172)
(158, 183, 1, 8, 165)
(239, 141, 0, 0, 20)
(253, 193, 0, 3, 53)
(280, 58, 14, 6, 209)
(103, 65, 2, 4, 177)
(269, 165, 2, 8, 212)
(293, 113, 4, 2, 204)
(206, 155, 2, 3, 244)
(274, 106, 5, 2, 187)
(93, 134, 7, 7, 206)
(57, 208, 227, 0, 255)
(156, 74, 4, 6, 122)
(111, 196, 9, 0, 123)
(249, 224, 16, 0, 212)
(299, 112, 0, 97, 200)
(263, 224, 0, 0, 199)
(261, 224, 1, 0, 252)
(298, 124, 1, 24, 208)
(286, 171, 10, 2, 221)
(294, 14, 4, 5, 150)
(11, 224, 160, 0, 0)
(178, 224, 17, 0, 35)
(62, 143, 10, 1, 117)
(297, 83, 0, 88, 185)
(28, 126, 11, 7, 199)
(186, 220, 46, 0, 209)
(204, 224, 0, 0, 100)
(184, 189, 1, 7, 135)
(159, 125, 3, 11, 104)
(275, 42, 21, 0, 76)
(19, 148, 3, 6, 129)
(43, 206, 151, 0, 112)
(114, 224, 31, 0, 85)
(298, 38, 15, 9, 217)
(229, 220, 1, 3, 149)
(82, 197, 52, 0, 73)
(127, 145, 5, 1, 95)
(284, 204, 10, 0, 190)
(274, 7, 1, 23, 167)
(180, 43, 8, 12, 138)
(146, 205, 142, 0, 188)
(86, 208, 148, 0, 209)
(130, 125, 0, 3, 69)
(117, 224, 70, 0, 63)
(171, 221, 2, 3, 192)
(147, 0, 8, 4, 167)
(0, 101, 8, 11, 94)
(289, 216, 2, 1, 138)
(232, 214, 0, 0, 154)
(288, 25, 5, 2, 208)
(280, 211, 3, 1, 160)
(218, 224, 27, 0, 116)
(50, 224, 71, 0, 245)
(70, 189, 60, 0, 69)
(212, 68, 2, 14, 174)
(263, 81, 3, 20, 188)
(287, 35, 0, 39, 148)
(277, 37, 3, 6, 213)
(230, 215, 45, 0, 98)
(189, 83, 8, 2, 95)
(118, 224, 114, 0, 16)
(299, 14, 0, 131, 180)
(236, 213, 37, 0, 202)
(289, 90, 0, 1, 113)
(294, 26, 3, 1, 148)
(243, 224, 81, 0, 41)
(277, 209, 0, 25, 79)
(238, 224, 80, 0, 214)
(227, 79, 6, 5, 121)
(274, 224, 0, 0, 61)
(299, 187, 0, 0, 19)
(254, 214, 45, 0, 190)
(218, 224, 35, 0, 255)
(1, 199, 73, 0, 254)
(19, 175, 9, 7, 82)
(268, 62, 2, 1, 154)
(233, 160, 0, 34, 207)
(240, 206, 0, 13, 88)
(296, 3, 0, 142, 0)
(238, 218, 13, 1, 155)
(205, 171, 0, 27, 84)
(297, 135, 36, 2, 181)
(247, 173, 32, 0, 174)
(162, 153, 1, 5, 88)
(29, 100, 1, 7, 99)
(251, 94, 0, 0, 76)
(67, 6, 107, 0, 64)
(276, 179, 0, 45, 203)
(258, 200, 7, 0, 113)
(242, 212, 24, 0, 103)
(299, 222, 0, 2, 114)
(12, 72, 14, 5, 164)
(30, 224, 142, 0, 182)
(93, 50, 9, 3, 153)
(287, 168, 12, 2, 235)
(41, 217, 119, 0, 40)
(205, 203, 74, 0, 94)
(160, 140, 3, 4, 81)
(276, 169, 2, 1, 179)
(57, 197, 9, 9, 236)
(218, 185, 0, 0, 26)
(84, 133, 12, 4, 86)
(271, 224, 28, 0, 52)
(299, 193, 0, 8, 60)
(207, 209, 28, 0, 132)
(199, 157, 1, 3, 141)
(274, 223, 4, 1, 184)
(210, 186, 2, 0, 71)
(161, 166, 2, 15, 152)
(280, 88, 7, 2, 190)
(227, 168, 72, 0, 191)
(275, 160, 4, 2, 158)
(257, 152, 0, 0, 0)
(299, 184, 0, 0, 213)
(120, 102, 5, 5, 187)
(136, 138, 2, 3, 182)
(51, 86, 36, 1, 169)
(217, 18, 0, 57, 182)
(240, 37, 2, 14, 174)
(0, 209, 237, 0, 9)
(210, 119, 2, 4, 193)
(299, 212, 0, 12, 156)
(57, 224, 124, 0, 177)
(281, 116, 7, 4, 211)
(268, 215, 10, 0, 204)
(114, 26, 18, 5, 117)
(242, 199, 0, 25, 167)
(185, 127, 1, 19, 200)
(272, 100, 1, 8, 226)
(154, 159, 143, 0, 88)
(296, 173, 3, 0, 167)
(224, 194, 7, 2, 191)
(135, 201, 4, 4, 237)
(194, 157, 5, 5, 78)
(253, 26, 0, 40, 178)
(283, 4, 3, 5, 151)
(268, 202, 30, 0, 178)
(131, 204, 5, 4, 166)
(272, 12, 0, 14, 50)
(299, 96, 0, 0, 212)
(9, 49, 257, 0, 57)
(262, 137, 0, 37, 153)
(197, 219, 102, 0, 140)
(288, 184, 4, 2, 178)
(233, 14, 3, 5, 134)
(281, 208, 0, 16, 41)
(280, 66, 0, 105, 56)
(257, 173, 3, 1, 151)
(206, 42, 5, 13, 170)
(299, 4, 0, 1, 28)
(299, 15, 0, 209, 153)
(283, 120, 13, 0, 178)
(109, 211, 15, 0, 151)
(299, 224, 0, 0, 161)
(261, 1, 0, 15, 195)
(81, 174, 66, 0, 114)
(157, 100, 6, 4, 126)
(100, 215, 128, 0, 198)
(234, 224, 0, 0, 35)
(0, 224, 21, 0, 26)
(299, 192, 0, 0, 17)
(293, 2, 0, 5, 36)
(184, 33, 1, 12, 186)
(115, 131, 0, 0, 238)
(141, 180, 142, 0, 124)
(28, 200, 14, 0, 134)
(95, 170, 18, 3, 178)
(58, 224, 67, 0, 104)
(192, 209, 0, 14, 80)
(284, 143, 0, 8, 97)
(87, 174, 77, 0, 255)
(97, 131, 2, 8, 250)
(242, 211, 0, 10, 160)
(164, 216, 0, 14, 132)
(238, 184, 6, 3, 236)
(219, 188, 13, 4, 224)
(7, 187, 14, 1, 143)
(100, 13, 13, 0, 222)
(132, 187, 2, 11, 149)
(278, 130, 0, 25, 30)
(299, 162, 0, 23, 220)
(188, 207, 4, 1, 249)
(178, 178, 0, 67, 0)
(142, 27, 2, 6, 210)
(248, 220, 4, 0, 91)
(62, 218, 26, 1, 179)
(232, 200, 6, 3, 196)
(211, 132, 9, 2, 252)
(191, 52, 0, 104, 150)
(19, 130, 98, 0, 209)
(299, 154, 0, 35, 230)
(124, 180, 64, 0, 52)
(49, 176, 17, 1, 106)
(262, 224, 0, 0, 165)
(99, 129, 9, 3, 114)
(278, 0, 0, 17, 72)
(19, 224, 171, 0, 0)
(264, 59, 0, 63, 250)
(158, 123, 1, 10, 106)
(247, 177, 5, 4, 232)
(160, 76, 9, 1, 160)
(176, 192, 113, 0, 0)
(63, 180, 52, 1, 221)
(257, 219, 42, 0, 52)
(291, 124, 7, 5, 219)
(272, 35, 9, 1, 212)
(247, 82, 0, 22, 68)
(298, 220, 0, 0, 67)
(280, 184, 0, 31, 17)
(263, 193, 20, 1, 171)
(198, 210, 0, 5, 54)
(274, 10, 0, 118, 120)
(76, 196, 3, 2, 131)
(260, 171, 21, 0, 159)
(256, 215, 7, 1, 234)
(93, 201, 6, 2, 197)
(205, 224, 1, 0, 110)
(35, 210, 137, 0, 232)
(125, 206, 9, 3, 198)
(252, 221, 23, 0, 2)
(299, 92, 0, 51, 206)
(293, 211, 0, 27, 195)
(202, 217, 29, 0, 206)
(144, 106, 0, 4, 175)
(281, 85, 0, 86, 14)
(258, 224, 0, 0, 139)
(72, 166, 3, 2, 211)
(54, 159, 4, 2, 224)
(276, 133, 23, 2, 218)
(239, 222, 4, 1, 99)
(299, 161, 0, 40, 156)
(214, 96, 8, 14, 148)
(223, 223, 8, 9, 143)
(299, 140, 0, 27, 152)
(239, 224, 0, 9, 19)
(103, 121, 5, 2, 110)
(195, 160, 26, 0, 67)
(299, 224, 0, 0, 148)
(103, 24, 11, 6, 186)
(289, 166, 0, 33, 157)
(200, 95, 48, 0, 175)
(31, 161, 246, 0, 85)
(2, 187, 183, 0, 40)
(105, 131, 11, 3, 167)
(299, 215, 2, 3, 127)
(203, 221, 6, 3, 180)
(0, 197, 50, 0, 91)
(243, 176, 75, 0, 131)
(123, 154, 1, 3, 178)
(209, 219, 58, 0, 16)
(76, 53, 4, 6, 235)
(243, 109, 3, 2, 123)
(250, 215, 2, 2, 166)
(83, 188, 97, 0, 106)
(299, 66, 0, 21, 59)
(170, 63, 4, 10, 153)
(267, 207, 0, 17, 30)
(155, 209, 130, 0, 228)
(251, 185, 4, 1, 221)
(17, 0, 33, 3, 191)
(271, 170, 0, 0, 25)
(188, 195, 0, 19, 24)
(263, 7, 2, 3, 192)
(204, 224, 0, 0, 21)
(14, 224, 44, 0, 166)
(252, 40, 0, 84, 86)
(268, 196, 13, 0, 249)
(78, 120, 2, 5, 80)
(176, 224, 52, 0, 111)
(287, 120, 0, 53, 202)
(288, 77, 0, 61, 91)
(37, 152, 2, 9, 109)
(256, 221, 43, 0, 26)
(265, 139, 0, 61, 174)
(227, 56, 18, 3, 201)
(299, 170, 0, 49, 0)
(238, 122, 0, 96, 85)
(253, 209, 0, 7, 212)
(276, 75, 2, 3, 197)
(235, 152, 0, 15, 214)
(140, 68, 3, 3, 137)
(284, 165, 0, 48, 0)
(269, 87, 0, 97, 14)
(290, 85, 3, 2, 184)
(216, 80, 13, 2, 205)
(291, 3, 8, 1, 156)
(178, 149, 100, 0, 85)
(285, 136, 2, 1, 177)
(278, 207, 0, 12, 121)
(289, 169, 0, 0, 255)
(277, 216, 0, 0, 19)
(256, 148, 14, 3, 222)
(232, 224, 0, 0, 5)
(290, 57, 9, 4, 204)
(165, 224, 158, 0, 168)
(86, 141, 4, 1, 99)
(258, 206, 17, 1, 167)
(261, 83, 0, 15, 183)
(292, 56, 0, 107, 140)
(125, 200, 6, 1, 158)
(299, 167, 0, 0, 88)
(283, 224, 6, 0, 132)
(254, 94, 2, 4, 174)
(233, 28, 16, 4, 162)
(299, 35, 0, 98, 133)
(299, 217, 0, 7, 112)
(80, 125, 10, 6, 246)
(5, 83, 38, 4, 120)
(299, 21, 0, 66, 30)
(277, 173, 0, 27, 21)
(235, 222, 1, 3, 160)
(85, 204, 0, 4, 103)
(231, 213, 8, 0, 149)
(8, 94, 13, 5, 88)
(153, 213, 80, 0, 0)
(259, 148, 1, 4, 171)
(54, 107, 5, 24, 207)
(132, 208, 8, 1, 152)
(270, 135, 11, 4, 217)
(233, 114, 0, 0, 76)
(137, 224, 9, 0, 225)
(219, 189, 7, 4, 216)
(114, 216, 119, 0, 85)
(299, 47, 0, 118, 213)
(175, 209, 61, 0, 14)
(171, 66, 1, 1, 182)
(17, 217, 41, 0, 0)
(269, 121, 9, 1, 184)
(36, 185, 7, 3, 170)
(120, 0, 0, 18, 65)
(157, 192, 3, 2, 85)
(156, 160, 3, 4, 148)
(34, 224, 4, 17, 207)
(278, 134, 0, 64, 67)
(297, 34, 2, 4, 160)
(76, 176, 150, 0, 102)
(77, 67, 0, 61, 197)
(287, 196, 12, 0, 105)
(276, 186, 0, 0, 62)
(122, 210, 142, 0, 129)
(250, 201, 6, 0, 120)
(240, 195, 0, 44, 131)
(274, 224, 25, 0, 107)
(59, 179, 65, 0, 244)
(45, 114, 4, 2, 112)
(272, 224, 27, 0, 91)
(270, 224, 15, 0, 23)
(42, 215, 232, 0, 0)
(119, 224, 27, 0, 248)
(240, 130, 14, 3, 248)
(187, 107, 8, 1, 179)
(292, 44, 0, 136, 206)
(299, 105, 0, 27, 141)
(190, 48, 6, 1, 163)
(237, 122, 1, 5, 137)
(299, 80, 0, 66, 217)
(242, 187, 4, 1, 226)
(119, 0, 1, 9, 163)
(122, 179, 0, 0, 19)
(158, 164, 83, 0, 0)
(281, 166, 4, 2, 197)
(296, 193, 3, 0, 139)
(271, 79, 0, 118, 16)
(170, 21, 9, 7, 234)
(62, 206, 73, 0, 93)
(287, 141, 1, 6, 125)
(209, 99, 20, 2, 123)
(56, 177, 6, 4, 137)
(208, 202, 73, 0, 46)
(299, 120, 0, 36, 94)
(188, 131, 8, 13, 244)
(253, 224, 0, 0, 240)
(267, 211, 0, 0, 189)
(258, 204, 10, 1, 163)
(61, 168, 7, 5, 103)
(99, 224, 54, 0, 183)
(299, 179, 0, 26, 89)
(299, 167, 0, 5, 192)
(21, 203, 177, 0, 193)
(240, 162, 1, 2, 204)
(244, 210, 0, 0, 113)
(298, 154, 0, 0, 16)
(296, 223, 2, 6, 106)
(123, 175, 0, 0, 255)
(15, 195, 2, 7, 176)
(271, 68, 7, 2, 222)
(126, 161, 123, 0, 152)
(173, 0, 39, 0, 7)
(225, 224, 7, 0, 84)
(236, 145, 5, 2, 229)
(207, 106, 0, 58, 196)
(251, 211, 0, 0, 190)
(223, 43, 1, 6, 125)
(231, 224, 0, 0, 125)
(14, 175, 75, 0, 246)
(84, 123, 11, 4, 212)
(191, 153, 3, 6, 169)
(189, 191, 2, 1, 110)
(238, 109, 3, 21, 120)
(213, 80, 10, 0, 35)
(282, 224, 12, 0, 190)
(104, 200, 0, 17, 49)
(182, 150, 100, 0, 0)
(67, 221, 123, 0, 255)
(14, 195, 1, 16, 193)
(265, 163, 0, 50, 0)
(299, 157, 3, 4, 126)
(2, 84, 6, 2, 202)
(120, 84, 6, 3, 221)
(187, 99, 135, 0, 104)
(122, 193, 10, 0, 0)
(288, 121, 0, 99, 102)
(199, 131, 7, 5, 165)
(299, 198, 4, 2, 144)
(197, 219, 26, 1, 191)
(295, 223, 1, 2, 116)
(19, 224, 211, 0, 14)
(190, 202, 81, 0, 116)
(257, 162, 5, 5, 207)
(234, 84, 4, 20, 201)
(289, 18, 0, 22, 125)
(66, 217, 6, 3, 192)
(163, 82, 5, 3, 114)
(299, 224, 0, 0, 22)
(276, 174, 0, 11, 0)
(19, 126, 4, 3, 99)
(299, 91, 0, 17, 0)
(172, 64, 26, 1, 102)
(12, 195, 75, 0, 243)
(41, 195, 234, 0, 95)
(76, 203, 246, 0, 125)
(124, 194, 47, 0, 70)
(186, 114, 14, 3, 129)
(271, 98, 14, 1, 222)
(138, 161, 2, 4, 130)
(16, 64, 0, 0, 112)
(235, 81, 10, 5, 179)
(76, 94, 86, 0, 114)
(121, 0, 11, 8, 128)
(104, 185, 147, 0, 46)
(146, 59, 6, 3, 148)
(299, 203, 3, 3, 165)
(280, 203, 0, 11, 42)
(170, 224, 6, 0, 7)
(284, 8, 8, 4, 159)
(260, 46, 0, 129, 66)
(235, 98, 0, 17, 80)
(127, 213, 128, 0, 194)
(299, 64, 0, 70, 238)
(249, 221, 39, 0, 120)
(291, 193, 7, 1, 179)
(65, 159, 7, 2, 169)
(299, 197, 0, 0, 3)
(299, 20, 0, 30, 255)
(198, 224, 0, 0, 121)
(155, 200, 5, 4, 222)
(103, 208, 178, 0, 218)
(221, 15, 0, 208, 253)
(194, 224, 14, 0, 155)
(299, 154, 0, 13, 115)
(230, 181, 5, 4, 209)
(229, 182, 0, 0, 177)
(238, 202, 0, 0, 217)
(128, 109, 1, 7, 194)
(216, 224, 20, 0, 6)
(273, 195, 5, 1, 164)
(202, 89, 8, 3, 131)
(138, 46, 46, 0, 50)
(155, 207, 0, 0, 118)
(299, 172, 0, 21, 92)
(88, 179, 12, 1, 246)
(119, 191, 2, 7, 241)
(26, 173, 0, 14, 181)
(139, 98, 0, 99, 192)
(273, 221, 0, 7, 253)
(259, 82, 27, 0, 122)
(282, 145, 0, 40, 95)
(102, 195, 5, 6, 213)
(294, 0, 0, 58, 177)
(59, 224, 102, 0, 184)
(165, 212, 14, 1, 246)
(153, 71, 44, 0, 134)
(210, 31, 56, 0, 102)
(111, 168, 3, 2, 241)
(272, 207, 0, 17, 132)
(197, 122, 0, 26, 168)
(170, 203, 3, 1, 211)
(122, 224, 163, 0, 206)
(152, 217, 6, 4, 203)
(255, 189, 0, 0, 210)
(297, 185, 2, 0, 200)
(150, 150, 2, 4, 119)
(177, 142, 2, 4, 160)
(299, 14, 0, 4, 17)
(286, 215, 13, 0, 23)
(281, 204, 18, 0, 183)
(180, 218, 77, 0, 59)
(277, 135, 11, 0, 106)
(113, 169, 9, 5, 237)
(289, 199, 5, 2, 212)
(207, 144, 1, 7, 125)
(299, 202, 0, 0, 255)
(209, 82, 5, 0, 76)
(182, 210, 24, 0, 201)
(135, 214, 58, 0, 184)
(299, 224, 0, 0, 39)
(138, 217, 21, 0, 233)
(269, 131, 30, 0, 226)
(272, 171, 23, 0, 123)
(218, 150, 15, 0, 134)
(299, 62, 0, 71, 232)
(132, 112, 4, 7, 199)
(129, 15, 9, 5, 103)
(187, 224, 19, 0, 176)
(189, 175, 5, 1, 217)
(299, 85, 0, 73, 199)
(129, 224, 55, 0, 172)
(42, 192, 25, 3, 224)
(132, 73, 2, 9, 82)
(274, 213, 0, 11, 255)
(277, 34, 0, 141, 0)
(125, 13, 0, 182, 32)
(274, 178, 0, 20, 89)
(0, 199, 283, 0, 111)
(77, 198, 5, 3, 165)
(265, 120, 1, 6, 208)
(244, 57, 0, 30, 255)
(299, 211, 0, 13, 71)
(298, 218, 1, 3, 115)
(18, 77, 3, 7, 192)
(276, 199, 6, 1, 223)
(286, 27, 0, 0, 189)
(117, 88, 1, 16, 76)
(141, 104, 3, 11, 80)
(40, 108, 7, 3, 202)
(103, 220, 100, 0, 72)
(30, 201, 115, 0, 201)
(192, 171, 7, 1, 237)
(174, 175, 13, 0, 32)
(192, 224, 5, 0, 141)
(143, 183, 0, 0, 176)
(261, 61, 1, 6, 205)
(258, 89, 0, 46, 132)
(282, 67, 0, 78, 66)
(218, 65, 0, 1, 174)
(288, 189, 2, 3, 163)
(0, 216, 142, 0, 136)
(258, 64, 4, 1, 219)
(80, 224, 154, 0, 244)
(211, 156, 0, 0, 220)
(273, 154, 1, 3, 157)
(290, 153, 9, 1, 212)
(288, 35, 4, 5, 202)
(276, 12, 0, 166, 104)
(293, 164, 0, 0, 168)
(261, 110, 0, 0, 99)
(283, 136, 3, 5, 163)
(281, 191, 0, 22, 161)
(294, 203, 5, 0, 110)
(193, 159, 0, 61, 134)
(231, 205, 57, 0, 66)
(145, 52, 0, 144, 27)
(107, 205, 4, 1, 156)
(242, 27, 3, 2, 190)
(208, 224, 0, 0, 121)
(164, 219, 16, 0, 199)
(34, 224, 0, 0, 201)
(202, 125, 0, 61, 1)
(0, 43, 14, 5, 93)
(200, 194, 4, 4, 142)
(282, 168, 0, 48, 196)
(43, 84, 4, 20, 165)
(271, 124, 6, 1, 242)
(184, 200, 14, 1, 142)
(193, 105, 6, 1, 223)
(299, 0, 0, 121, 2)
(297, 63, 0, 37, 124)
(299, 170, 0, 32, 195)
(38, 224, 64, 0, 255)
(36, 207, 99, 0, 73)
(233, 5, 0, 57, 255)
(101, 84, 3, 2, 237)
(170, 196, 17, 0, 243)
(262, 152, 0, 0, 179)
(299, 224, 0, 0, 235)
(131, 29, 4, 8, 200)
(0, 190, 15, 1, 110)
(124, 142, 6, 2, 103)
(257, 69, 0, 152, 167)
(228, 150, 7, 2, 222)
(256, 200, 0, 0, 20)
(270, 20, 0, 171, 238)
(232, 219, 32, 0, 175)
(298, 199, 0, 0, 97)
(9, 224, 256, 0, 4)
(270, 200, 29, 0, 255)
(294, 63, 0, 10, 117)
(248, 159, 0, 13, 207)
(173, 166, 102, 0, 79)
(172, 221, 4, 4, 189)
(215, 195, 2, 4, 191)
(284, 57, 11, 2, 212)
(0, 224, 97, 0, 27)
(141, 224, 112, 0, 230)
(150, 224, 5, 1, 216)
(266, 170, 1, 1, 108)
(40, 111, 4, 5, 189)
(223, 141, 9, 4, 253)
(101, 49, 106, 0, 98)
(230, 195, 67, 0, 143)
(271, 31, 4, 2, 244)
(299, 175, 0, 7, 105)
(96, 162, 11, 5, 114)
(299, 48, 0, 36, 144)
(240, 194, 20, 0, 42)
(74, 208, 10, 3, 228)
(249, 173, 27, 0, 0)
(299, 21, 0, 50, 47)
(34, 224, 0, 0, 237)
(200, 208, 55, 0, 172)
(285, 154, 5, 3, 176)
(293, 224, 6, 0, 90)
(286, 218, 1, 2, 123)
(113, 154, 3, 9, 54)
(189, 224, 0, 0, 22)
(50, 213, 9, 4, 228)
(25, 224, 110, 0, 215)
(22, 129, 4, 8, 192)
(18, 219, 170, 0, 0)
(122, 224, 65, 0, 207)
(13, 224, 268, 0, 164)
(144, 188, 111, 0, 72)
(299, 131, 7, 0, 27)
(156, 164, 5, 17, 95)
(299, 191, 0, 42, 27)
(107, 162, 58, 0, 189)
(128, 209, 29, 0, 181)
(120, 208, 2, 6, 212)
(97, 213, 192, 0, 153)
(263, 224, 36, 0, 138)
(110, 63, 6, 4, 119)
(80, 88, 2, 3, 83)
(299, 224, 0, 0, 0)
(268, 174, 19, 0, 72)
(0, 213, 243, 0, 117)
(297, 108, 0, 112, 182)
(284, 224, 0, 0, 89)
(46, 224, 0, 0, 83)
(239, 178, 21, 1, 231)
(155, 0, 134, 0, 104)
(108, 192, 27, 0, 99)
(128, 198, 7, 2, 219)
(18, 198, 34, 2, 211)
(278, 37, 0, 102, 179)
(256, 224, 0, 0, 195)
(276, 210, 1, 3, 141)
(299, 188, 0, 0, 180)
(54, 224, 195, 0, 226)
(63, 134, 105, 0, 162)
(284, 41, 0, 74, 232)
(90, 130, 196, 0, 143)
(299, 55, 0, 61, 73)
(98, 180, 11, 1, 187)
(182, 218, 69, 0, 118)
(229, 133, 0, 32, 196)
(0, 149, 14, 4, 69)
(202, 111, 10, 1, 169)
(299, 112, 0, 3, 86)
(269, 37, 3, 5, 193)
(223, 224, 22, 0, 86)
(0, 220, 133, 0, 170)
(261, 45, 29, 0, 0)
(0, 139, 218, 0, 0)
(16, 224, 163, 0, 163)
(130, 203, 3, 2, 145)
(299, 112, 0, 0, 57)
(128, 195, 0, 41, 38)
(299, 182, 0, 18, 202)
(299, 224, 0, 0, 131)
(299, 35, 0, 35, 0)
(299, 54, 0, 64, 189)
(36, 208, 113, 0, 92)
(174, 166, 1, 13, 248)
(161, 148, 0, 5, 4)
(299, 171, 5, 3, 213)
(132, 175, 0, 14, 149)
(123, 213, 0, 2, 25)
(92, 197, 10, 3, 206)
(273, 197, 0, 13, 143)
(254, 206, 4, 1, 214)
(136, 224, 15, 0, 149)
(278, 113, 0, 40, 210)
(181, 187, 1, 5, 220)
(266, 109, 2, 2, 176)
(65, 128, 3, 5, 96)
(259, 33, 0, 113, 229)
(247, 196, 18, 0, 91)
(193, 204, 3, 1, 225)
(241, 193, 11, 0, 83)
(241, 114, 1, 3, 201)
(77, 195, 109, 0, 232)
(289, 183, 8, 1, 178)
(237, 224, 0, 0, 62)
(272, 153, 6, 1, 175)
(0, 205, 125, 0, 132)
(176, 224, 20, 0, 31)
(284, 159, 2, 1, 197)
(146, 185, 5, 2, 103)
(212, 177, 18, 4, 244)
(225, 108, 15, 1, 177)
(297, 68, 0, 17, 226)
(125, 28, 1, 14, 188)
(239, 4, 0, 81, 139)
(299, 110, 0, 75, 204)
(149, 224, 0, 0, 16)
(242, 8, 2, 10, 230)
(299, 148, 0, 17, 241)
(274, 51, 0, 83, 255)
(299, 224, 0, 2, 80)
(196, 209, 103, 0, 211)
(268, 163, 8, 1, 234)
(289, 183, 0, 38, 188)
(277, 198, 14, 1, 224)
(50, 101, 0, 0, 241)
(198, 173, 8, 1, 191)
(239, 100, 5, 7, 189)
(299, 141, 0, 64, 169)
(219, 46, 1, 7, 107)
(299, 187, 0, 24, 24)
(299, 224, 12, 5, 88)
(68, 133, 6, 3, 114)
(299, 169, 0, 55, 126)
(210, 13, 0, 23, 50)
(108, 131, 0, 0, 205)
(299, 207, 0, 0, 94)
(168, 134, 0, 22, 128)
(160, 177, 0, 0, 176)
(141, 20, 0, 0, 75)
(294, 204, 2, 1, 186)
(140, 205, 2, 10, 207)
(253, 121, 0, 0, 28)
(258, 221, 24, 0, 78)
(75, 211, 9, 2, 205)
(274, 129, 0, 5, 242)
(17, 134, 2, 5, 195)
(230, 207, 44, 0, 254)
(248, 192, 1, 3, 166)
(251, 46, 0, 26, 234)
(268, 131, 1, 4, 104)
(167, 123, 1, 15, 163)
(213, 60, 2, 4, 246)
(293, 194, 0, 0, 16)
(21, 186, 8, 0, 36)
(290, 224, 9, 0, 163)
(299, 167, 0, 19, 255)
(64, 210, 0, 3, 42)
(291, 70, 0, 111, 39)
(299, 11, 0, 55, 181)
(292, 75, 5, 1, 208)
(285, 119, 0, 0, 62)
(242, 165, 6, 0, 127)
(279, 45, 2, 9, 205)
(265, 224, 20, 0, 3)
(299, 169, 0, 41, 60)
(235, 84, 0, 69, 230)
(203, 176, 0, 9, 33)
(107, 224, 41, 0, 39)
(294, 18, 0, 85, 14)
(299, 59, 0, 51, 211)
(249, 85, 0, 31, 233)
(299, 53, 0, 181, 108)
(271, 126, 0, 70, 249)
(175, 149, 2, 24, 228)
(14, 0, 0, 75, 85)
(270, 0, 3, 7, 156)
(70, 20, 2, 30, 222)
(218, 224, 81, 0, 29)
(114, 123, 1, 13, 172)
(108, 199, 5, 2, 133)
(276, 220, 0, 4, 143)
(173, 67, 3, 5, 184)
(221, 94, 0, 50, 157)
(124, 92, 2, 11, 112)
(14, 198, 0, 0, 36)
(42, 224, 260, 0, 43)
(289, 208, 4, 1, 251)
(167, 209, 0, 6, 62)
(103, 181, 3, 2, 107)
(299, 200, 0, 0, 184)
(227, 157, 0, 4, 198)
(161, 50, 0, 20, 255)
(267, 217, 5, 0, 250)
(182, 212, 45, 0, 165)
(299, 44, 0, 176, 181)
(246, 194, 0, 0, 44)
(53, 213, 235, 0, 50)
(256, 214, 21, 0, 0)
(221, 178, 0, 29, 118)
(226, 203, 5, 0, 138)
(299, 63, 0, 130, 147)
(269, 175, 3, 2, 215)
(72, 186, 16, 4, 96)
(272, 150, 0, 87, 232)
(290, 42, 0, 2, 81)
(78, 224, 5, 0, 3)
(233, 224, 25, 0, 183)
(299, 222, 1, 2, 92)
(196, 209, 5, 2, 218)
(263, 224, 55, 0, 111)
(299, 0, 0, 156, 200)
(75, 212, 38, 0, 71)
(177, 205, 123, 0, 64)
(53, 157, 119, 0, 44)
(187, 180, 12, 2, 211)
(268, 224, 0, 0, 123)
(296, 149, 3, 2, 162)
(200, 66, 0, 34, 250)
(299, 208, 0, 0, 228)
(78, 182, 0, 15, 242)
(147, 81, 1, 6, 124)
(227, 210, 72, 0, 203)
(283, 27, 0, 191, 24)
(67, 224, 13, 0, 117)
(128, 153, 2, 6, 105)
(154, 224, 72, 0, 22)
(299, 203, 0, 5, 48)
(28, 142, 2, 14, 135)
(298, 195, 1, 0, 99)
(56, 82, 38, 0, 186)
(194, 85, 10, 0, 34)
(249, 163, 1, 8, 229)
(284, 216, 4, 1, 138)
(113, 189, 0, 0, 166)
(212, 224, 56, 0, 173)
(211, 46, 0, 130, 53)
(208, 134, 16, 10, 245)
(0, 224, 6, 1, 61)
(42, 77, 2, 4, 202)
(154, 205, 1, 1, 90)
(75, 210, 6, 1, 208)
(201, 210, 0, 0, 231)
(299, 120, 0, 24, 0)
(112, 79, 4, 10, 148)
(284, 61, 0, 158, 255)
(255, 19, 1, 5, 148)
(268, 82, 16, 1, 193)
(265, 167, 0, 38, 2)
(299, 173, 0, 20, 140)
(246, 52, 42, 0, 204)
(207, 209, 8, 3, 210)
(0, 166, 19, 11, 55)
(45, 191, 0, 26, 0)
(165, 197, 2, 3, 167)
(18, 218, 1, 2, 87)
(299, 179, 0, 16, 82)
(280, 80, 2, 6, 226)
(238, 15, 1, 27, 157)
(229, 37, 2, 14, 207)
(133, 171, 115, 0, 230)
(279, 124, 2, 2, 120)
(249, 206, 12, 0, 84)
(142, 177, 157, 0, 210)
(49, 220, 252, 0, 255)
(157, 140, 39, 0, 14)
(182, 218, 0, 0, 98)
(0, 224, 157, 0, 64)
(84, 114, 9, 7, 180)
(287, 28, 4, 3, 156)
(140, 174, 62, 0, 109)
(15, 223, 2, 1, 184)
(290, 182, 0, 0, 83)
(141, 9, 0, 0, 68)
(203, 131, 6, 1, 133)
(225, 224, 0, 0, 244)
(54, 212, 68, 0, 211)
(292, 59, 0, 96, 73)
(132, 197, 3, 6, 227)
(103, 176, 16, 1, 166)
(242, 214, 1, 8, 163)
(187, 191, 4, 0, 210)
(179, 199, 12, 1, 173)
(283, 204, 0, 0, 40)
(299, 203, 0, 0, 144)
(213, 174, 25, 1, 222)
(273, 197, 9, 0, 13)
(296, 128, 0, 24, 140)
(36, 136, 187, 0, 56)
(220, 125, 14, 1, 127)
(252, 200, 3, 0, 210)
(240, 95, 0, 11, 57)
(299, 134, 0, 66, 121)
(272, 180, 4, 3, 187)
(294, 152, 2, 1, 173)
(256, 63, 5, 2, 194)
(156, 13, 4, 5, 181)
(185, 177, 0, 0, 209)
(46, 200, 29, 0, 156)
(257, 153, 0, 26, 143)
(275, 200, 0, 24, 141)
(249, 147, 5, 1, 143)
(299, 224, 0, 0, 131)
(138, 222, 25, 1, 205)
(292, 191, 0, 14, 127)
(106, 224, 6, 0, 75)
(215, 224, 55, 0, 142)
(76, 74, 4, 19, 176)
(0, 0, 19, 4, 177)
(269, 41, 0, 105, 243)
(242, 166, 11, 0, 190)
(299, 10, 0, 29, 25)
(296, 181, 0, 19, 183)
(91, 146, 13, 1, 230)
(285, 105, 0, 58, 218)
(299, 30, 0, 43, 213)
(84, 224, 46, 0, 244)
(239, 224, 0, 0, 82)
(126, 224, 14, 15, 183)
(267, 151, 1, 5, 180)
(299, 141, 0, 31, 183)
(128, 141, 6, 2, 208)
(181, 224, 103, 0, 127)
(119, 138, 6, 4, 122)
(33, 122, 3, 12, 206)
(299, 197, 0, 0, 52)
(65, 218, 138, 0, 112)
(29, 224, 52, 0, 250)
(21, 90, 18, 0, 100)
(205, 181, 7, 3, 228)
(224, 224, 0, 0, 215)
(50, 196, 248, 0, 196)
(65, 223, 11, 11, 171)
(254, 0, 0, 80, 124)
(263, 161, 0, 0, 69)
(291, 62, 0, 23, 91)
(174, 100, 45, 0, 147)
(255, 210, 0, 12, 59)
(174, 202, 7, 1, 216)
(112, 159, 1, 3, 137)
(146, 55, 7, 1, 138)
(299, 57, 4, 0, 104)
(142, 139, 36, 0, 227)
(31, 115, 81, 0, 42)
(165, 110, 3, 6, 205)
(216, 118, 0, 0, 32)
(204, 197, 3, 2, 173)
(280, 56, 0, 5, 168)
(299, 31, 0, 87, 142)
(161, 218, 0, 0, 184)
(166, 224, 135, 0, 124)
(208, 224, 0, 0, 146)
(40, 179, 121, 0, 162)
(101, 107, 3, 4, 215)
(299, 183, 5, 0, 244)
(287, 173, 0, 13, 63)
(233, 201, 15, 0, 45)
(2, 68, 11, 4, 82)
(291, 143, 2, 2, 160)
(218, 224, 46, 0, 15)
(280, 186, 0, 0, 66)
(289, 224, 0, 0, 3)
(181, 202, 1, 4, 116)
(274, 223, 1, 1, 158)
(299, 185, 0, 0, 175)
(278, 188, 21, 0, 147)
(273, 185, 0, 6, 77)
(20, 203, 30, 0, 120)
(87, 197, 183, 0, 169)
(217, 203, 35, 0, 229)
(160, 212, 2, 5, 202)
(296, 48, 3, 1, 234)
(299, 181, 0, 5, 58)
(256, 95, 2, 1, 130)
(281, 214, 0, 0, 42)
(234, 85, 13, 2, 210)
(299, 212, 0, 0, 153)
(13, 83, 6, 9, 78)
(299, 224, 0, 0, 206)
(96, 142, 24, 1, 236)
(139, 224, 133, 0, 138)
(160, 216, 153, 0, 37)
(169, 189, 85, 0, 21)
(299, 211, 0, 12, 255)
(77, 153, 14, 4, 156)
(267, 224, 15, 0, 251)
(229, 112, 0, 14, 143)
(108, 186, 2, 6, 225)
(273, 198, 1, 1, 175)
(109, 105, 11, 2, 196)
(278, 74, 1, 1, 122)
(74, 113, 0, 0, 24)
(14, 224, 164, 0, 40)
(274, 0, 0, 146, 172)
(172, 202, 0, 0, 201)
(299, 129, 0, 61, 81)
(291, 34, 8, 0, 232)
(299, 224, 0, 0, 255)
(269, 124, 5, 1, 211)
(34, 188, 189, 0, 15)
(291, 187, 0, 33, 8)
(76, 224, 21, 0, 53)
(272, 33, 25, 0, 87)
(258, 201, 0, 9, 51)
(246, 17, 1, 15, 217)
(292, 186, 2, 1, 158)
(199, 52, 1, 19, 122)
(299, 73, 0, 77, 53)
(117, 40, 2, 7, 198)
(276, 218, 5, 3, 168)
(171, 171, 3, 4, 219)
(95, 224, 78, 0, 211)
(78, 138, 4, 1, 96)
(97, 211, 10, 0, 237)
(201, 81, 0, 143, 196)
(46, 199, 127, 0, 206)
(261, 189, 0, 10, 100)
(134, 217, 52, 0, 205)
(277, 193, 22, 0, 127)
(260, 47, 2, 7, 206)
(134, 104, 1, 5, 167)
(111, 222, 217, 0, 147)
(284, 188, 4, 3, 166)
(176, 176, 2, 5, 126)
(216, 224, 0, 0, 108)
(299, 175, 0, 0, 157)
(210, 164, 13, 1, 139)
(212, 208, 0, 0, 102)
(230, 127, 0, 49, 13)
(269, 73, 7, 1, 175)
(120, 218, 133, 0, 130)
(55, 224, 50, 0, 30)
(230, 164, 0, 21, 24)
(7, 81, 59, 0, 20)
(228, 84, 0, 33, 232)
(299, 7, 0, 53, 8)
(67, 215, 24, 3, 192)
(293, 224, 0, 0, 102)
(2, 199, 6, 5, 190)
(96, 210, 49, 0, 55)
(252, 26, 1, 21, 153)
(271, 147, 0, 36, 157)
(224, 224, 29, 0, 59)
(299, 197, 0, 36, 233)
(62, 88, 4, 11, 82)
(220, 204, 26, 0, 4)
(30, 78, 1, 9, 169)
(299, 182, 0, 0, 93)
(1, 177, 42, 2, 79)
(198, 150, 1, 4, 193)
(268, 202, 15, 0, 221)
(113, 188, 122, 0, 56)
(292, 224, 0, 0, 87)
(266, 170, 0, 23, 4)
(275, 217, 0, 5, 155)
(250, 66, 0, 106, 179)
(54, 96, 2, 8, 104)
(274, 101, 0, 101, 226)
(71, 209, 205, 0, 59)
(251, 210, 0, 10, 156)
(156, 89, 4, 8, 182)
(281, 62, 0, 122, 62)
(38, 222, 6, 2, 194)
(235, 206, 7, 0, 204)
(276, 20, 4, 9, 160)
(20, 21, 0, 0, 77)
(299, 6, 7, 5, 190)
(299, 216, 5, 0, 133)
(239, 169, 0, 11, 124)
(288, 95, 0, 81, 43)
(119, 168, 5, 4, 218)
(299, 172, 0, 0, 84)
(116, 158, 0, 12, 79)
(0, 222, 3, 1, 227)
(171, 72, 21, 3, 144)
(299, 72, 0, 121, 196)
(264, 121, 0, 0, 110)
(278, 68, 0, 87, 0)
(257, 155, 4, 5, 217)
(229, 160, 4, 2, 83)
(297, 87, 2, 4, 214)
(70, 195, 0, 10, 165)
(261, 138, 4, 1, 117)
(285, 55, 2, 16, 222)
(273, 224, 20, 0, 183)
(173, 144, 50, 0, 67)
(299, 138, 0, 0, 169)
(279, 224, 1, 1, 231)
(239, 192, 0, 4, 0)
(27, 224, 64, 0, 146)
(190, 204, 6, 3, 213)
(243, 70, 3, 7, 147)
(83, 160, 17, 2, 70)
(299, 183, 0, 15, 172)
(278, 191, 0, 20, 236)
(238, 224, 16, 0, 41)
(286, 21, 0, 140, 47)
(242, 154, 1, 7, 213)
(215, 208, 51, 0, 27)
(35, 224, 174, 0, 218)
(96, 111, 6, 2, 145)
(181, 141, 3, 5, 252)
(152, 145, 34, 0, 0)
(276, 87, 4, 4, 151)
(217, 129, 8, 1, 178)
(299, 5, 0, 207, 48)
(65, 215, 0, 9, 44)
(299, 159, 0, 46, 115)
(107, 164, 0, 0, 7)
(109, 195, 135, 0, 166)
(232, 208, 8, 0, 199)
(296, 202, 0, 0, 134)
(22, 224, 255, 0, 0)
(106, 216, 0, 1, 33)
(75, 213, 62, 0, 120)
(106, 224, 61, 0, 247)
(279, 74, 2, 1, 122)
(298, 42, 1, 7, 196)
(261, 224, 6, 18, 144)
(148, 214, 1, 5, 233)
(219, 177, 69, 0, 19)
(290, 224, 0, 0, 232)
(179, 224, 87, 0, 251)
(274, 224, 0, 0, 169)
(229, 208, 69, 0, 238)
(224, 216, 4, 1, 186)
(175, 16, 0, 188, 191)
(252, 15, 8, 1, 199)
(295, 22, 0, 171, 29)
(299, 105, 0, 59, 234)
(31, 38, 0, 10, 163)
(240, 71, 2, 1, 223)
(214, 219, 0, 0, 43)
(293, 202, 6, 0, 182)
(209, 140, 0, 0, 130)
(298, 162, 4, 2, 213)
(270, 95, 0, 54, 8)
(248, 224, 1, 1, 117)
(259, 34, 0, 96, 128)
(95, 155, 2, 3, 66)
(286, 206, 0, 31, 156)
(234, 147, 21, 0, 0)
(0, 212, 129, 0, 141)
(257, 168, 13, 0, 222)
(281, 144, 0, 78, 41)
(278, 221, 9, 1, 164)
(272, 53, 7, 6, 173)
(5, 224, 211, 0, 255)
(282, 168, 0, 34, 20)
(207, 216, 6, 2, 197)
(48, 10, 158, 0, 161)
(299, 217, 0, 7, 58)
(98, 75, 3, 16, 185)
(217, 100, 4, 10, 165)
(298, 29, 2, 4, 187)
(297, 45, 2, 3, 214)
(282, 48, 10, 1, 227)
(299, 197, 0, 9, 142)
(299, 174, 0, 0, 228)
(299, 97, 0, 32, 180)
(299, 163, 0, 33, 168)
(26, 27, 3, 8, 132)
(64, 177, 209, 0, 2)
(1, 60, 0, 6, 255)
(220, 155, 0, 14, 245)
(271, 155, 0, 0, 163)
(44, 208, 122, 0, 195)
(215, 220, 0, 0, 78)
(272, 148, 1, 6, 155)
(239, 200, 3, 0, 199)
(244, 205, 0, 0, 50)
(252, 224, 44, 0, 113)
(219, 224, 0, 0, 103)
(299, 224, 0, 0, 32)
(75, 179, 44, 0, 87)
(287, 158, 0, 70, 138)
(0, 140, 5, 2, 158)
(257, 224, 35, 0, 30)
(296, 138, 0, 0, 0)
(130, 213, 2, 3, 208)
(158, 224, 42, 0, 22)
(292, 28, 7, 0, 68)
(247, 13, 0, 80, 213)
(34, 84, 3, 12, 93)
(278, 210, 0, 12, 70)
(193, 209, 92, 0, 56)
(274, 171, 0, 19, 112)
(126, 174, 5, 7, 236)
(299, 135, 3, 3, 170)
(122, 193, 1, 4, 76)
(29, 224, 151, 0, 129)
(277, 211, 0, 0, 11)
(133, 208, 0, 4, 193)
(257, 212, 0, 10, 213)
(249, 224, 1, 1, 81)
(282, 224, 4, 0, 206)
(140, 212, 0, 0, 0)
(25, 189, 4, 2, 160)
(265, 199, 0, 25, 158)
(54, 212, 127, 0, 134)
(134, 196, 165, 0, 80)
(193, 187, 74, 0, 110)
(276, 71, 6, 3, 157)
(190, 192, 1, 1, 137)
(299, 217, 0, 12, 155)
(148, 54, 0, 59, 138)
(42, 206, 8, 4, 206)
(275, 186, 0, 4, 31)
(110, 164, 13, 2, 94)
(164, 181, 142, 0, 16)
(150, 216, 69, 0, 255)
(140, 211, 23, 0, 221)
(299, 221, 0, 13, 24)
(274, 195, 25, 0, 63)
(254, 172, 5, 1, 229)
(129, 63, 5, 6, 204)
(258, 64, 2, 3, 168)
(279, 0, 0, 63, 216)
(296, 113, 0, 20, 135)
(155, 152, 2, 3, 108)
(286, 224, 0, 0, 241)
(262, 94, 0, 130, 99)
(151, 224, 62, 0, 242)
(299, 20, 0, 146, 6)
(49, 76, 4, 1, 94)
(278, 175, 0, 4, 255)
(31, 130, 28, 1, 215)
(119, 172, 101, 0, 108)
(70, 188, 8, 1, 69)
(78, 224, 8, 0, 204)
(181, 54, 2, 14, 146)
(250, 224, 12, 0, 206)
(293, 97, 1, 4, 148)
(152, 157, 1, 2, 121)
(101, 3, 10, 17, 216)
(84, 187, 68, 0, 255)
(120, 0, 109, 0, 76)
(100, 201, 21, 0, 210)
(231, 196, 33, 0, 106)
(174, 73, 0, 17, 206)
(227, 131, 0, 50, 213)
(299, 66, 0, 123, 129)
(299, 92, 0, 52, 132)
(162, 219, 25, 2, 202)
(220, 224, 57, 0, 252)
(31, 96, 5, 6, 154)
(291, 127, 0, 52, 176)
(84, 224, 103, 0, 90)
(176, 205, 65, 0, 101)
(76, 219, 4, 3, 155)
(277, 47, 0, 69, 57)
(198, 224, 79, 0, 104)
(248, 207, 0, 0, 184)
(214, 224, 0, 2, 131)
(214, 125, 1, 2, 114)
(253, 221, 0, 0, 176)
(277, 12, 0, 26, 246)
(203, 161, 2, 1, 227)
(86, 224, 100, 0, 255)
(299, 50, 0, 21, 200)
(299, 172, 0, 52, 248)
(283, 184, 0, 0, 215)
(299, 224, 0, 0, 255)
(109, 203, 162, 0, 162)
(278, 39, 0, 42, 255)
(161, 216, 58, 0, 57)
(95, 195, 44, 0, 205)
(98, 221, 153, 0, 247)
(172, 162, 0, 1, 39)
(191, 81, 24, 2, 135)
(299, 29, 0, 144, 88)
(103, 190, 125, 0, 84)
(186, 195, 21, 0, 146)
(273, 159, 0, 44, 127)
(136, 23, 18, 6, 203)
(289, 66, 7, 2, 214)
(241, 219, 5, 2, 145)
(186, 129, 1, 10, 249)
(282, 128, 0, 9, 31)
(114, 208, 5, 4, 221)
(21, 15, 6, 0, 192)
(160, 156, 105, 0, 247)
(205, 53, 14, 0, 168)
(121, 97, 6, 4, 88)
(246, 84, 6, 0, 234)
(127, 224, 16, 0, 188)
(299, 161, 0, 39, 148)
(233, 191, 38, 0, 44)
(273, 85, 3, 2, 205)
(286, 224, 6, 0, 153)
(271, 213, 1, 5, 163)
(109, 138, 100, 0, 132)
(299, 116, 0, 31, 159)
(116, 224, 129, 0, 47)
(291, 197, 1, 2, 197)
(263, 161, 37, 0, 168)
(299, 129, 0, 3, 243)
(185, 171, 0, 0, 245)
(175, 142, 5, 2, 152)
(224, 130, 3, 5, 236)
(21, 224, 157, 0, 29)
(102, 158, 9, 1, 216)
(85, 215, 26, 0, 35)
(299, 100, 0, 3, 241)
(97, 146, 5, 0, 27)
(35, 198, 20, 0, 11)
(255, 197, 0, 0, 79)
(107, 224, 159, 0, 208)
(293, 30, 2, 4, 133)
(267, 105, 2, 3, 243)
(239, 135, 1, 17, 187)
(299, 13, 0, 112, 134)
(265, 169, 3, 1, 158)
(45, 218, 169, 0, 107)
(73, 166, 99, 0, 209)
(235, 123, 1, 7, 184)
(1, 43, 115, 0, 215)
(202, 194, 2, 3, 169)
(290, 33, 0, 0, 154)
(13, 177, 0, 37, 152)
(286, 149, 13, 0, 94)
(295, 185, 2, 4, 150)
(264, 224, 2, 7, 124)
(264, 210, 23, 0, 98)
(159, 202, 0, 0, 133)
(299, 102, 0, 54, 190)
(299, 15, 0, 158, 143)
(287, 53, 0, 20, 180)
(271, 100, 0, 84, 191)
(10, 96, 29, 0, 81)
(210, 213, 17, 0, 22)
(88, 198, 208, 0, 146)
(250, 121, 12, 1, 159)
(299, 161, 0, 28, 0)
(160, 199, 51, 0, 112)
(42, 169, 102, 0, 89)
(238, 51, 2, 6, 168)
(268, 159, 4, 1, 216)
(210, 59, 3, 5, 158)
(284, 215, 0, 9, 120)
(285, 0, 0, 41, 205)
(286, 212, 1, 3, 167)
(273, 122, 0, 0, 125)
(256, 148, 0, 0, 235)
(91, 207, 7, 1, 179)
(126, 224, 132, 0, 52)
(243, 199, 1, 5, 216)
(299, 0, 0, 0, 38)
(0, 190, 9, 1, 105)
(141, 218, 76, 0, 139)
(293, 90, 0, 33, 51)
(238, 40, 1, 4, 145)
(181, 221, 29, 0, 82)
(160, 187, 4, 1, 170)
(125, 78, 0, 110, 133)
(106, 5, 156, 0, 107)
(251, 146, 0, 20, 144)
(279, 224, 0, 0, 75)
(299, 70, 0, 22, 113)
(116, 159, 0, 0, 255)
(162, 224, 121, 0, 215)
(239, 110, 20, 0, 26)
(220, 224, 42, 0, 44)
(51, 222, 0, 2, 160)
(0, 224, 131, 0, 128)
(25, 44, 6, 9, 193)
(69, 182, 26, 1, 74)
(58, 193, 104, 0, 185)
(299, 160, 5, 1, 168)
(123, 137, 13, 2, 113)
(283, 179, 11, 1, 179)
(264, 60, 35, 0, 83)
(291, 201, 1, 2, 181)
(35, 215, 15, 1, 213)
(269, 147, 0, 0, 142)
(139, 219, 26, 0, 101)
(299, 197, 0, 17, 109)
(121, 109, 0, 0, 188)
(299, 191, 0, 0, 149)
(13, 151, 4, 17, 74)
(69, 171, 2, 3, 196)
(291, 103, 0, 69, 207)
(203, 174, 3, 1, 240)
(137, 172, 0, 20, 237)
(180, 189, 1, 2, 209)
(76, 82, 1, 14, 184)
(7, 224, 73, 0, 56)
(297, 165, 0, 45, 78)
(299, 67, 0, 87, 79)
(166, 25, 0, 147, 81)
(163, 153, 1, 22, 115)
(255, 208, 0, 0, 136)
(54, 224, 180, 0, 87)
(272, 208, 0, 0, 96)
(193, 199, 0, 9, 228)
(294, 101, 0, 52, 220)
(51, 121, 22, 0, 135)
(299, 0, 1, 4, 139)
(228, 116, 6, 5, 142)
(170, 224, 129, 0, 190)
(277, 74, 0, 52, 16)
(53, 224, 0, 0, 18)
(244, 100, 0, 108, 134)
(290, 172, 0, 16, 164)
(112, 185, 2, 2, 224)
(250, 224, 0, 0, 23)
(123, 200, 2, 3, 232)
(251, 216, 48, 0, 1)
(293, 74, 0, 28, 49)
(11, 179, 102, 0, 50)
(47, 224, 113, 0, 239)
(286, 179, 3, 0, 174)
(225, 123, 0, 0, 138)
(28, 200, 126, 0, 28)
(0, 126, 178, 0, 59)
(176, 219, 0, 5, 0)
(251, 138, 46, 0, 215)
(299, 164, 25, 0, 41)
(270, 0, 0, 14, 133)
(299, 121, 0, 66, 255)
(212, 147, 3, 1, 214)
(106, 187, 2, 3, 83)
(171, 224, 127, 0, 117)
(204, 121, 0, 3, 240)
(207, 23, 56, 0, 69)
(68, 161, 8, 1, 50)
(282, 153, 11, 0, 160)
(268, 185, 2, 3, 208)
(299, 206, 0, 13, 116)
(247, 37, 3, 5, 155)
(227, 146, 7, 1, 233)
(195, 203, 26, 0, 212)
(243, 164, 2, 1, 162)
(84, 191, 12, 1, 133)
(235, 224, 1, 33, 205)
(257, 206, 5, 0, 55)
(147, 202, 1, 1, 193)
(266, 7, 0, 96, 88)
(269, 207, 2, 1, 160)
(270, 195, 0, 0, 134)
(260, 88, 21, 0, 97)
(299, 155, 0, 30, 32)
(278, 120, 0, 110, 28)
(285, 210, 0, 0, 35)
(251, 31, 0, 0, 171)
(0, 203, 167, 0, 87)
(209, 205, 42, 0, 73)
(291, 211, 1, 3, 158)
(57, 224, 54, 0, 245)
(273, 142, 1, 0, 208)
(241, 143, 1, 3, 224)
(261, 203, 0, 24, 86)
(15, 73, 3, 3, 233)
(299, 114, 0, 11, 108)
(278, 198, 8, 0, 153)
(189, 202, 30, 0, 54)
(135, 38, 2, 6, 222)
(121, 88, 1, 7, 95)
(64, 168, 2, 0, 138)
(271, 224, 28, 0, 255)
(69, 110, 16, 2, 52)
(297, 139, 0, 86, 115)
(195, 224, 58, 0, 150)
(73, 215, 5, 0, 47)
(286, 171, 0, 23, 135)
(75, 224, 140, 0, 178)
(297, 209, 2, 0, 105)
(299, 123, 0, 0, 209)
(200, 115, 6, 6, 91)
(281, 11, 0, 171, 148)
(182, 151, 1, 7, 124)
(188, 63, 7, 7, 100)
(245, 42, 5, 3, 225)
(130, 0, 98, 0, 22)
(63, 223, 10, 1, 165)
(299, 31, 7, 0, 98)
(299, 126, 0, 4, 16)
(91, 204, 207, 0, 220)
(276, 224, 0, 0, 169)
(271, 181, 15, 0, 133)
(6, 174, 10, 2, 47)
(299, 168, 0, 10, 0)
(260, 185, 0, 0, 0)
(252, 101, 0, 27, 88)
(215, 159, 0, 20, 153)
(201, 180, 98, 0, 46)
(143, 108, 0, 0, 157)
(183, 156, 4, 5, 50)
(268, 202, 31, 0, 129)
(296, 80, 3, 1, 220)
(8, 202, 70, 0, 73)
(229, 210, 73, 0, 21)
(252, 20, 0, 34, 239)
(117, 224, 12, 0, 10)
(205, 86, 0, 18, 97)
(299, 142, 0, 49, 31)
(133, 59, 8, 4, 208)
(126, 145, 2, 8, 215)
(222, 201, 0, 23, 64)
(256, 224, 44, 0, 246)
(299, 198, 0, 0, 138)
(111, 222, 100, 0, 228)
(262, 85, 2, 8, 202)
(141, 177, 4, 7, 62)
(150, 176, 6, 3, 236)
(184, 224, 24, 0, 169)
(255, 167, 0, 0, 239)
(165, 121, 1, 2, 85)
(224, 222, 2, 2, 162)
(91, 82, 10, 4, 157)
(290, 99, 0, 0, 155)
(209, 215, 15, 0, 148)
(122, 221, 3, 3, 187)
(84, 177, 23, 1, 181)
(228, 173, 0, 5, 89)
(122, 184, 5, 4, 225)
(111, 144, 1, 1, 6)
(157, 200, 83, 0, 0)
(299, 210, 0, 0, 68)
(117, 224, 132, 0, 101)
(99, 57, 6, 5, 110)
(268, 210, 2, 1, 150)
(267, 179, 21, 0, 161)
(5, 210, 53, 0, 19)
(217, 224, 0, 5, 130)
(244, 216, 57, 0, 201)
(290, 101, 1, 1, 155)
(299, 224, 0, 0, 30)
(281, 157, 5, 1, 165)
(250, 157, 0, 0, 223)
(287, 171, 0, 34, 20)
(299, 204, 0, 17, 201)
(153, 216, 9, 2, 207)
(71, 224, 0, 0, 175)
(226, 121, 0, 72, 50)
(283, 222, 3, 1, 219)
(140, 224, 59, 0, 79)
(0, 224, 131, 0, 123)
(293, 221, 6, 0, 2)
(280, 224, 19, 0, 133)
(299, 151, 0, 22, 43)
(299, 156, 0, 0, 156)
(155, 206, 1, 2, 234)
(144, 215, 11, 0, 232)
(290, 149, 0, 21, 113)
(34, 224, 143, 0, 161)
(273, 224, 0, 0, 118)
(286, 53, 3, 1, 166)
(0, 189, 0, 19, 77)
(0, 221, 151, 0, 0)
(232, 175, 0, 0, 184)
(0, 224, 154, 0, 136)
(169, 21, 4, 9, 231)
(294, 147, 0, 8, 186)
(200, 183, 0, 41, 252)
(286, 161, 4, 5, 227)
(91, 201, 17, 0, 194)
(157, 169, 8, 0, 176)
(208, 47, 5, 2, 171)
(287, 43, 2, 1, 225)
(87, 216, 4, 5, 192)
(119, 224, 90, 0, 234)
(237, 123, 9, 3, 107)
(248, 216, 3, 0, 183)
(75, 208, 5, 0, 209)
(265, 199, 34, 0, 0)
(0, 224, 1, 1, 120)
(65, 224, 87, 0, 255)
(232, 224, 0, 0, 144)
(299, 183, 0, 18, 101)
(113, 208, 3, 1, 219)
(138, 115, 5, 7, 166)
(279, 184, 0, 10, 11)
(6, 177, 9, 2, 68)
(143, 200, 98, 0, 82)
(261, 9, 0, 39, 246)
(67, 224, 59, 0, 225)
(214, 201, 4, 2, 244)
(152, 175, 83, 0, 102)
(299, 93, 0, 103, 209)
(189, 210, 0, 11, 138)
(103, 72, 98, 0, 80)
(291, 86, 0, 50, 244)
(149, 209, 11, 0, 86)
(299, 98, 0, 16, 113)
(281, 171, 0, 20, 146)
(246, 224, 0, 0, 241)
(2, 212, 0, 11, 255)
(291, 12, 1, 3, 149)
(127, 213, 96, 0, 0)
(91, 112, 0, 27, 190)
(299, 151, 0, 3, 88)
(251, 217, 1, 1, 206)
(271, 168, 2, 2, 244)
(276, 65, 0, 20, 0)
(287, 205, 1, 1, 196)
(268, 8, 31, 0, 121)
(238, 149, 2, 3, 140)
(159, 222, 80, 0, 157)
(170, 161, 5, 6, 229)
(299, 224, 0, 0, 26)
(282, 223, 6, 0, 234)
(171, 173, 25, 1, 239)
(253, 147, 0, 0, 109)
(281, 154, 14, 0, 4)
(43, 224, 59, 0, 0)
(129, 2, 8, 3, 175)
(230, 179, 0, 6, 60)
(256, 183, 2, 6, 179)
(299, 161, 0, 15, 83)
(190, 224, 85, 0, 151)
(146, 190, 1, 5, 222)
(140, 224, 0, 0, 105)
(208, 189, 0, 4, 29)
(278, 176, 0, 19, 136)
(141, 222, 52, 0, 189)
(143, 51, 0, 26, 98)
(131, 193, 1, 5, 188)
(145, 117, 6, 5, 72)
(50, 224, 20, 0, 230)
(266, 67, 8, 2, 196)
(286, 108, 0, 41, 237)
(251, 112, 0, 111, 153)
(299, 170, 0, 37, 209)
(299, 119, 0, 34, 57)
(292, 202, 1, 1, 167)
(17, 209, 22, 0, 172)
(299, 3, 0, 0, 76)
(282, 92, 7, 1, 156)
(125, 132, 2, 4, 200)
(279, 80, 0, 0, 107)
(260, 69, 19, 0, 171)
(289, 214, 10, 0, 15)
(262, 203, 1, 0, 0)
(197, 221, 97, 0, 148)
(289, 120, 7, 2, 208)
(270, 34, 0, 4, 138)
(176, 214, 3, 0, 170)
(259, 112, 9, 2, 214)
(235, 163, 0, 61, 117)
(0, 224, 54, 0, 52)
(293, 96, 0, 116, 219)
(296, 183, 0, 0, 175)
(56, 189, 16, 4, 202)
(27, 222, 233, 0, 84)
(272, 224, 0, 5, 75)
(103, 215, 0, 2, 148)
(299, 224, 0, 0, 147)
(166, 217, 2, 7, 200)
(299, 217, 0, 7, 246)
(269, 205, 0, 14, 188)
(13, 224, 0, 0, 235)
(286, 106, 3, 2, 220)
(266, 185, 1, 2, 166)
(299, 146, 0, 37, 127)
(253, 217, 2, 1, 182)
(33, 136, 6, 9, 195)
(109, 129, 0, 17, 0)
(184, 202, 0, 15, 73)
(288, 81, 3, 2, 150)
(232, 122, 1, 8, 87)
(188, 202, 0, 20, 233)
(294, 114, 0, 19, 191)
(247, 206, 5, 5, 194)
(44, 196, 0, 0, 29)
(249, 93, 3, 4, 194)
(4, 131, 5, 3, 105)
(275, 31, 1, 3, 154)
(298, 102, 1, 0, 147)
(254, 96, 1, 4, 144)
(299, 218, 19, 0, 171)
(22, 224, 82, 0, 203)
(237, 224, 0, 0, 131)
(281, 22, 0, 41, 18)
(285, 137, 0, 40, 91)
(30, 198, 0, 11, 29)
(81, 191, 51, 0, 128)
(114, 96, 5, 4, 111)
(299, 187, 0, 1, 26)
(173, 211, 77, 0, 172)
(166, 224, 24, 0, 74)
(299, 210, 0, 14, 38)
(299, 179, 0, 12, 13)
(279, 62, 1, 3, 141)
(70, 41, 5, 5, 158)
(252, 204, 2, 4, 188)
(194, 224, 0, 0, 110)
(278, 191, 0, 6, 184)
(224, 224, 31, 0, 102)
(137, 198, 8, 2, 121)
(242, 54, 3, 6, 218)
(269, 203, 17, 0, 214)
(269, 38, 0, 150, 22)
(239, 198, 6, 2, 204)
(299, 182, 0, 11, 58)
(293, 123, 0, 33, 138)
(238, 139, 3, 3, 132)
(289, 19, 0, 30, 24)
(299, 170, 0, 49, 217)
(248, 224, 6, 0, 32)
(265, 172, 21, 0, 184)
(217, 0, 16, 3, 231)
(113, 224, 28, 0, 255)
(44, 202, 173, 0, 172)
(75, 119, 2, 8, 223)
(273, 88, 0, 21, 22)
(299, 224, 0, 0, 123)
(295, 117, 1, 1, 212)
(278, 82, 1, 2, 228)
(184, 224, 2, 8, 158)
(0, 224, 252, 0, 54)
(279, 45, 0, 0, 255)
(299, 63, 0, 45, 0)
(220, 224, 26, 0, 108)
(299, 21, 0, 41, 162)
(215, 217, 7, 3, 191)
(24, 102, 1, 24, 176)
(175, 181, 4, 5, 207)
(189, 223, 0, 0, 154)
(251, 38, 3, 4, 219)
(299, 52, 0, 13, 0)
(296, 224, 0, 0, 36)
(210, 218, 78, 0, 191)
(85, 189, 3, 1, 185)
(73, 66, 191, 0, 223)
(218, 80, 4, 5, 211)
(261, 167, 0, 0, 10)
(248, 25, 0, 34, 55)
(214, 72, 1, 4, 231)
(186, 188, 0, 31, 0)
(238, 154, 1, 6, 231)
(47, 70, 1, 13, 211)
(227, 85, 0, 121, 131)
(145, 126, 6, 4, 143)
(299, 224, 0, 0, 128)
(271, 40, 5, 2, 187)
(206, 119, 0, 66, 0)
(299, 212, 0, 12, 0)
(241, 224, 41, 0, 0)
(48, 177, 92, 0, 205)
(299, 187, 0, 0, 29)
(192, 219, 65, 0, 84)
(269, 200, 0, 1, 155)
(54, 153, 12, 1, 239)
(274, 102, 25, 0, 36)
(299, 63, 0, 0, 130)
(181, 122, 0, 5, 143)
(299, 204, 0, 10, 151)
(147, 143, 2, 4, 104)
(90, 27, 5, 6, 104)
(154, 3, 5, 10, 212)
(299, 140, 0, 53, 255)
(130, 11, 1, 10, 78)
(60, 184, 9, 3, 105)
(61, 222, 17, 1, 161)
(299, 98, 0, 47, 42)
(280, 147, 0, 13, 57)
(74, 210, 102, 0, 182)
(210, 179, 0, 0, 177)
(299, 20, 0, 170, 22)
(246, 221, 1, 1, 135)
(265, 170, 0, 0, 246)
(248, 153, 0, 42, 181)
(103, 48, 15, 5, 72)
(51, 214, 26, 0, 232)
(105, 224, 0, 0, 108)
(119, 224, 178, 0, 245)
(49, 224, 191, 0, 54)
(239, 63, 0, 121, 255)
(167, 196, 0, 7, 146)
(33, 141, 0, 12, 61)
(299, 212, 0, 0, 210)
(293, 153, 0, 0, 6)
(264, 18, 1, 25, 184)
(230, 92, 0, 54, 93)
(186, 153, 5, 4, 79)
(109, 206, 0, 0, 82)
(229, 144, 10, 0, 37)
(268, 158, 0, 50, 122)
(71, 224, 98, 0, 208)
(102, 224, 174, 0, 124)
(212, 224, 0, 0, 112)
(173, 104, 2, 3, 213)
(57, 208, 212, 0, 181)
(265, 194, 7, 1, 193)
(299, 152, 15, 2, 192)
(201, 105, 6, 2, 123)
(0, 193, 10, 5, 205)
(14, 219, 95, 0, 56)
(214, 166, 94, 0, 107)
(299, 65, 0, 28, 176)
(114, 19, 1, 16, 115)
(198, 198, 0, 0, 255)
(252, 219, 7, 1, 162)
(299, 47, 0, 151, 172)
(291, 197, 0, 23, 32)
(93, 204, 4, 2, 157)
(213, 178, 86, 0, 210)
(256, 151, 0, 12, 209)
(248, 223, 1, 1, 89)
(182, 189, 11, 0, 14)
(200, 147, 43, 0, 178)
(246, 224, 12, 0, 189)
(244, 224, 28, 0, 36)
(258, 203, 0, 0, 62)
(0, 191, 129, 0, 97)
(132, 194, 2, 3, 98)
(203, 42, 10, 0, 105)
(2, 224, 258, 0, 193)
(245, 159, 0, 20, 235)
(133, 93, 1, 18, 141)
(110, 211, 86, 0, 0)
(130, 100, 7, 5, 86)
(114, 113, 14, 2, 214)
(12, 180, 181, 0, 107)
(261, 67, 3, 2, 233)
(26, 224, 122, 0, 2)
(176, 214, 19, 0, 70)
(258, 21, 0, 170, 246)
(80, 224, 190, 0, 93)
(287, 80, 9, 1, 177)
(271, 216, 9, 0, 249)
(105, 217, 3, 1, 234)
(299, 78, 0, 115, 123)
(290, 12, 26, 0, 20)
(299, 222, 0, 21, 40)
(285, 160, 0, 0, 165)
(284, 44, 2, 2, 227)
(293, 174, 0, 26, 135)
(299, 185, 0, 39, 149)
(181, 194, 0, 0, 62)
(250, 224, 67, 0, 217)
(299, 44, 0, 83, 65)
(275, 224, 72, 0, 74)
(271, 160, 0, 5, 90)
(291, 77, 0, 81, 17)
(244, 16, 2, 9, 143)
(209, 63, 2, 3, 129)
(231, 46, 8, 4, 212)
(212, 195, 0, 21, 176)
(93, 165, 8, 1, 155)
(160, 212, 0, 0, 24)
(226, 119, 3, 1, 202)
(221, 224, 9, 0, 30)
(290, 215, 0, 0, 148)
(20, 224, 41, 0, 53)
(289, 90, 0, 6, 166)
(285, 68, 0, 82, 173)
(0, 157, 40, 0, 80)
(99, 206, 2, 1, 159)
(102, 201, 5, 2, 100)
(100, 224, 99, 0, 189)
(191, 160, 0, 44, 29)
(239, 15, 0, 101, 57)
(189, 224, 62, 0, 69)
(242, 94, 20, 0, 100)
(226, 155, 5, 5, 104)
(285, 9, 0, 5, 50)
(42, 65, 1, 10, 131)
(64, 208, 2, 0, 159)
(296, 106, 3, 1, 220)
(257, 125, 2, 9, 201)
(299, 62, 0, 0, 213)
(278, 48, 2, 2, 166)
(6, 179, 132, 0, 0)
(268, 177, 0, 0, 239)
(42, 210, 5, 3, 196)
(221, 86, 0, 135, 219)
(25, 217, 228, 0, 255)
(142, 219, 0, 0, 63)
(41, 179, 1, 11, 169)
(259, 57, 0, 71, 85)
(124, 21, 1, 33, 167)
(114, 222, 173, 0, 55)
(266, 202, 0, 7, 149)
(298, 131, 0, 21, 61)
(144, 188, 2, 6, 182)
(277, 205, 3, 0, 0)
(288, 188, 0, 25, 5)
(244, 213, 11, 1, 186)
(294, 133, 11, 2, 215)
(198, 31, 1, 8, 219)
(0, 210, 114, 0, 255)
(148, 216, 3, 1, 208)
(299, 117, 0, 73, 201)
(299, 131, 0, 67, 111)
(297, 110, 0, 114, 192)
(270, 101, 0, 21, 91)
(41, 208, 1, 2, 197)
(61, 145, 95, 0, 44)
(269, 210, 0, 0, 74)
(196, 219, 47, 0, 243)
(112, 224, 92, 0, 180)
(299, 18, 0, 138, 164)
(97, 224, 70, 0, 233)
(148, 212, 136, 0, 20)
(114, 189, 117, 0, 115)
(270, 189, 0, 0, 89)
(295, 50, 0, 162, 30)
(285, 130, 12, 1, 202)
(299, 145, 0, 18, 195)
(192, 161, 1, 5, 166)
(299, 199, 0, 10, 38)
(299, 199, 0, 0, 126)
(72, 139, 0, 6, 64)
(271, 92, 9, 0, 70)
(167, 222, 3, 9, 204)
(299, 224, 0, 0, 80)
(158, 208, 18, 0, 3)
(269, 112, 10, 2, 229)
(27, 224, 0, 0, 208)
(228, 11, 24, 0, 91)
(209, 224, 88, 0, 240)
(14, 224, 201, 0, 233)
(237, 224, 48, 0, 30)
(65, 194, 3, 11, 231)
(280, 35, 0, 68, 106)
(246, 98, 14, 0, 141)
(162, 224, 84, 0, 141)
(299, 183, 0, 41, 196)
(234, 213, 9, 0, 126)
(299, 76, 0, 9, 175)
(299, 219, 9, 0, 237)
(155, 81, 8, 1, 109)
(31, 71, 4, 2, 117)
(274, 46, 2, 3, 163)
(204, 224, 27, 0, 142)
(90, 145, 95, 0, 177)
(249, 146, 0, 22, 157)
(118, 57, 2, 11, 202)
(150, 224, 97, 0, 185)
(73, 151, 226, 0, 220)
(245, 20, 10, 2, 196)
(212, 210, 21, 0, 169)
(285, 144, 0, 28, 65)
(271, 0, 0, 5, 36)
(271, 136, 0, 7, 168)
(136, 214, 3, 1, 231)
(81, 55, 14, 2, 171)
(185, 196, 0, 4, 255)
(296, 68, 2, 2, 228)
(299, 193, 0, 11, 153)
(190, 193, 2, 5, 127)
(170, 86, 0, 0, 18)
(185, 224, 114, 0, 243)
(82, 224, 0, 0, 211)
(187, 196, 0, 28, 157)
(277, 209, 0, 0, 39)
(250, 189, 0, 35, 36)
(294, 129, 0, 29, 161)
(163, 93, 0, 31, 127)
(248, 96, 1, 3, 127)
(209, 153, 1, 1, 204)
(287, 136, 0, 29, 200)
(160, 187, 117, 0, 57)
(278, 145, 0, 0, 140)
(217, 36, 2, 6, 148)
(237, 82, 0, 11, 246)
(299, 124, 0, 68, 105)
(131, 122, 10, 6, 214)
(128, 209, 7, 1, 218)
(156, 161, 76, 0, 187)
(160, 147, 0, 6, 141)
(205, 222, 48, 0, 90)
(291, 191, 0, 0, 140)
(6, 180, 6, 1, 232)
(0, 183, 0, 21, 220)
(20, 195, 273, 0, 162)
(29, 197, 44, 0, 37)
(270, 204, 28, 0, 142)
(106, 190, 193, 0, 221)
(256, 93, 3, 2, 135)
(293, 43, 5, 1, 211)
(18, 195, 31, 4, 211)
(207, 172, 0, 16, 0)
(38, 224, 158, 0, 127)
(39, 131, 11, 0, 119)
(189, 224, 33, 0, 14)
(128, 118, 2, 5, 234)
(74, 74, 32, 0, 78)
(139, 208, 4, 2, 174)
(299, 115, 0, 59, 0)
(218, 75, 16, 2, 192)
(227, 188, 22, 0, 94)
(272, 155, 0, 44, 110)
(291, 193, 0, 5, 48)
(131, 133, 6, 1, 177)
(299, 224, 0, 0, 102)
(25, 145, 2, 8, 84)
(272, 102, 0, 18, 148)
(110, 17, 7, 4, 179)
(299, 222, 0, 34, 54)
(200, 105, 1, 7, 128)
(22, 219, 74, 0, 63)
(31, 216, 278, 0, 179)
(62, 130, 3, 9, 165)
(46, 192, 208, 0, 243)
(299, 224, 0, 0, 124)
(296, 97, 0, 43, 137)
(177, 164, 1, 5, 150)
(170, 224, 47, 0, 168)
(85, 121, 0, 90, 2)
(247, 216, 4, 2, 155)
(263, 175, 5, 0, 199)
(189, 169, 13, 1, 223)
(299, 23, 12, 1, 122)
(294, 112, 0, 0, 250)
(107, 215, 47, 0, 37)
(0, 4, 3, 29, 189)
(244, 224, 0, 0, 62)
(133, 213, 2, 9, 201)
(97, 92, 2, 3, 217)
(241, 224, 11, 0, 11)
(201, 185, 1, 2, 131)
(102, 224, 67, 0, 55)
(295, 221, 1, 2, 105)
(158, 161, 4, 7, 89)
(299, 75, 0, 104, 252)
(299, 86, 0, 127, 54)
(234, 164, 0, 17, 87)
(69, 144, 8, 7, 174)
(299, 105, 0, 17, 42)
(290, 87, 0, 162, 241)
(201, 224, 25, 0, 213)
(11, 206, 35, 0, 254)
(298, 97, 7, 10, 220)
(274, 91, 0, 0, 54)
(239, 36, 0, 44, 140)
(55, 208, 69, 0, 133)
(256, 224, 2, 4, 137)
(264, 21, 0, 182, 244)
(277, 125, 2, 3, 129)
(153, 224, 31, 0, 255)
(240, 224, 56, 0, 126)
(225, 145, 31, 0, 213)
(168, 206, 131, 0, 49)
(253, 13, 0, 137, 64)
(225, 215, 2, 0, 151)
(150, 224, 55, 0, 44)
(169, 45, 8, 2, 158)
(82, 61, 5, 6, 225)
(129, 220, 157, 0, 7)
(241, 178, 47, 0, 207)
(0, 197, 50, 0, 3)
(236, 222, 24, 0, 235)
(161, 156, 2, 5, 74)
(171, 99, 8, 4, 111)
(280, 166, 0, 52, 153)
(134, 221, 24, 0, 92)
(68, 198, 4, 6, 214)
(299, 146, 0, 78, 216)
(285, 34, 10, 0, 232)
(258, 91, 2, 3, 142)
(218, 170, 56, 0, 87)
(167, 169, 3, 3, 231)
(286, 127, 9, 0, 210)
(172, 173, 0, 19, 3)
(283, 200, 0, 2, 49)
(294, 84, 0, 55, 246)
(158, 207, 4, 2, 209)
(203, 218, 96, 0, 1)
(207, 149, 62, 0, 219)
(30, 224, 110, 0, 67)
(246, 3, 11, 1, 169)
(123, 194, 92, 0, 53)
(131, 179, 1, 0, 213)
(62, 109, 6, 3, 111)
(161, 218, 20, 0, 40)
(281, 89, 1, 2, 247)
(238, 219, 2, 2, 138)
(289, 110, 0, 51, 10)
(261, 16, 0, 100, 67)
(294, 224, 0, 0, 159)
(85, 219, 80, 0, 187)
(96, 223, 3, 2, 201)
(249, 188, 6, 2, 197)
(164, 49, 2, 12, 207)
(194, 127, 2, 3, 107)
(163, 207, 60, 0, 255)
(197, 166, 0, 0, 116)
(282, 120, 0, 56, 87)
(299, 196, 0, 16, 247)
(162, 67, 2, 4, 138)
(279, 98, 0, 38, 255)
(299, 114, 0, 26, 15)
(299, 198, 0, 3, 4)
(287, 224, 1, 1, 144)
(55, 145, 6, 1, 167)
(179, 221, 25, 1, 205)
(112, 213, 175, 0, 179)
(231, 224, 15, 0, 178)
(188, 157, 0, 57, 26)
(299, 163, 0, 21, 196)
(128, 220, 70, 0, 0)
(193, 201, 0, 0, 208)
(166, 202, 0, 0, 219)
(268, 130, 21, 0, 125)
(267, 213, 23, 0, 0)
(280, 24, 0, 78, 97)
(237, 204, 0, 5, 211)
(282, 95, 3, 3, 227)
(99, 213, 30, 0, 159)
(113, 211, 1, 6, 224)
(147, 209, 18, 0, 149)
(270, 198, 0, 17, 239)
(163, 213, 37, 0, 76)
(286, 224, 5, 0, 19)
(225, 35, 1, 35, 167)
(239, 204, 0, 20, 212)
(59, 151, 14, 2, 148)
(276, 6, 0, 193, 210)
(97, 224, 126, 0, 137)
(281, 103, 0, 0, 255)
(14, 87, 5, 9, 109)
(259, 220, 0, 4, 127)
(175, 88, 2, 19, 153)
(259, 114, 1, 5, 146)
(265, 189, 0, 13, 54)
(134, 184, 55, 0, 0)
(257, 89, 0, 65, 19)
(170, 120, 4, 13, 165)
(208, 95, 17, 1, 153)
(299, 0, 0, 12, 51)
(231, 224, 2, 0, 34)
(78, 158, 130, 0, 201)
(37, 138, 26, 2, 158)
(281, 121, 3, 2, 227)
(288, 218, 10, 1, 111)
(248, 224, 2, 0, 214)
(168, 224, 41, 0, 160)
(240, 215, 3, 3, 175)
(245, 196, 0, 0, 250)
(277, 66, 0, 15, 17)
(228, 125, 4, 3, 103)
(290, 124, 0, 96, 44)
(299, 4, 0, 8, 0)
(198, 37, 1, 14, 166)
(23, 222, 0, 0, 0)
(297, 193, 0, 11, 172)
(194, 72, 0, 148, 119)
(87, 120, 9, 4, 203)
(269, 224, 0, 0, 157)
(28, 147, 34, 0, 47)
(175, 154, 2, 5, 247)
(256, 138, 4, 1, 199)
(278, 193, 0, 5, 184)
(178, 224, 76, 0, 105)
(185, 31, 3, 11, 204)
(159, 208, 110, 0, 174)
(210, 201, 23, 0, 178)
(33, 224, 199, 0, 220)
(299, 147, 0, 77, 49)
(269, 224, 30, 0, 155)
(299, 159, 0, 6, 184)
(294, 219, 5, 0, 244)
(279, 77, 0, 24, 49)
(262, 42, 5, 2, 148)
(290, 191, 4, 1, 160)
(199, 196, 1, 3, 194)
(296, 84, 0, 69, 255)
(245, 151, 3, 2, 180)
(266, 63, 0, 26, 196)
(273, 208, 1, 5, 160)
(230, 196, 0, 0, 84)
(77, 183, 24, 0, 226)
(49, 132, 157, 0, 174)
(299, 146, 0, 98, 89)
(68, 208, 0, 5, 34)
(204, 62, 2, 6, 159)
(201, 164, 8, 5, 229)
(293, 122, 10, 1, 194)
(184, 202, 78, 0, 105)
(186, 199, 74, 0, 93)
(129, 224, 59, 0, 155)
(9, 0, 10, 6, 187)
(160, 129, 2, 1, 207)
(236, 189, 2, 13, 194)
(104, 189, 121, 0, 79)
(270, 224, 18, 0, 177)
(267, 219, 0, 5, 99)
(279, 118, 2, 2, 227)
(284, 40, 5, 3, 183)
(276, 199, 0, 15, 64)
(215, 179, 0, 0, 150)
(241, 18, 0, 47, 28)
(185, 224, 0, 0, 190)
(244, 224, 2, 0, 255)
(171, 224, 0, 0, 18)
(267, 164, 0, 0, 111)
(189, 198, 1, 2, 219)
(277, 83, 0, 6, 71)
(106, 224, 0, 0, 217)
(251, 208, 25, 0, 66)
(239, 114, 2, 2, 169)
(261, 221, 2, 1, 171)
(98, 213, 0, 0, 191)
(277, 19, 0, 0, 43)
(282, 53, 0, 152, 78)
(196, 187, 4, 1, 251)
(44, 217, 171, 0, 156)
(299, 110, 0, 3, 123)
(116, 209, 147, 0, 164)
(198, 224, 64, 0, 66)
(299, 218, 0, 0, 24)
(299, 31, 0, 80, 13)
(277, 206, 2, 1, 193)
(33, 79, 113, 0, 158)
(71, 99, 0, 40, 251)
(264, 224, 0, 0, 219)
(107, 50, 2, 3, 169)
(226, 61, 0, 26, 101)
(288, 84, 4, 1, 219)
(23, 200, 171, 0, 203)
(219, 201, 57, 0, 166)
(117, 222, 19, 0, 240)
(222, 116, 0, 0, 135)
(299, 224, 0, 16, 218)
(73, 153, 4, 3, 86)
(260, 223, 17, 0, 114)
(72, 209, 101, 0, 120)
(254, 156, 72, 0, 22)
(85, 35, 10, 5, 161)
(256, 158, 34, 0, 126)
(287, 167, 0, 60, 200)
(271, 10, 4, 6, 159)
(243, 61, 1, 10, 181)
(48, 221, 6, 2, 180)
(191, 167, 0, 0, 215)
(299, 224, 0, 0, 111)
(198, 93, 6, 1, 222)
(143, 224, 156, 0, 40)
(299, 68, 0, 105, 119)
(200, 112, 5, 1, 190)
(199, 70, 6, 3, 104)
(272, 58, 0, 124, 147)
(60, 62, 4, 3, 141)
(296, 170, 0, 26, 82)
(299, 113, 0, 50, 93)
(182, 210, 87, 0, 87)
(254, 79, 0, 115, 193)
(101, 132, 2, 11, 138)
(152, 224, 29, 0, 29)
(231, 45, 5, 2, 180)
(215, 155, 0, 26, 208)
(210, 76, 2, 3, 88)
(158, 192, 2, 4, 75)
(282, 124, 9, 1, 147)
(214, 185, 2, 7, 237)
(26, 211, 66, 0, 178)
(273, 127, 0, 47, 2)
(232, 94, 64, 0, 162)
(267, 132, 0, 0, 255)
(0, 216, 99, 0, 165)
(272, 224, 14, 0, 219)
(299, 102, 0, 91, 63)
(45, 180, 100, 0, 201)
(0, 224, 242, 0, 244)
(161, 224, 0, 0, 147)
(211, 50, 0, 113, 176)
(176, 197, 2, 0, 94)
(286, 44, 0, 0, 12)
(30, 138, 12, 2, 172)
(260, 98, 26, 0, 195)
(259, 18, 0, 86, 166)
(269, 101, 0, 24, 156)
(238, 200, 2, 1, 212)
(285, 165, 0, 8, 84)
(245, 224, 61, 0, 230)
(291, 8, 0, 167, 60)
(0, 196, 90, 0, 120)
(282, 154, 2, 1, 222)
(2, 155, 0, 63, 147)
(23, 186, 11, 3, 113)
(143, 6, 11, 3, 178)
(172, 212, 111, 0, 124)
(299, 45, 0, 10, 168)
(275, 132, 0, 87, 162)
(257, 168, 5, 1, 176)
(295, 187, 1, 5, 167)
(121, 211, 57, 0, 226)
(293, 0, 0, 26, 203)
(57, 224, 77, 0, 80)
(78, 135, 0, 0, 20)
(238, 194, 0, 22, 45)
(0, 184, 13, 1, 100)
(104, 201, 0, 17, 221)
(54, 224, 67, 0, 45)
(22, 224, 200, 0, 2)
(189, 224, 96, 0, 88)
(149, 68, 1, 6, 93)
(102, 134, 9, 1, 103)
(68, 31, 3, 24, 219)
(280, 190, 6, 2, 171)
(262, 22, 0, 10, 137)
(0, 28, 7, 2, 191)
(270, 92, 1, 5, 172)
(201, 214, 38, 0, 129)
(35, 136, 223, 0, 25)
(46, 220, 50, 0, 203)
(161, 135, 4, 0, 187)
(261, 114, 12, 1, 203)
(282, 37, 5, 4, 192)
(250, 220, 15, 0, 228)
(100, 207, 16, 1, 225)
(175, 224, 13, 0, 255)
(266, 204, 0, 12, 254)
(148, 6, 3, 7, 213)
(299, 217, 0, 0, 0)
(299, 13, 0, 77, 154)
(296, 117, 1, 2, 161)
(281, 108, 0, 69, 100)
(194, 223, 7, 0, 193)
(298, 15, 1, 1, 148)
(299, 33, 0, 82, 206)
(296, 162, 0, 0, 119)
(295, 189, 0, 0, 195)
(69, 211, 0, 0, 156)
(238, 168, 60, 0, 92)
(282, 224, 0, 0, 209)
(299, 40, 0, 40, 20)
(212, 159, 0, 13, 24)
(148, 193, 63, 0, 75)
(298, 165, 0, 30, 59)
(261, 209, 0, 0, 171)
(187, 224, 0, 0, 78)
(299, 12, 0, 142, 103)
(213, 220, 1, 4, 173)
(283, 79, 0, 9, 121)
(0, 72, 11, 4, 59)
(231, 221, 25, 0, 234)
(0, 204, 139, 0, 61)
(101, 199, 4, 2, 241)
(205, 216, 35, 0, 138)
(29, 203, 196, 0, 114)
(285, 224, 20, 0, 201)
(299, 48, 0, 72, 233)
(296, 205, 1, 0, 89)
(62, 161, 0, 0, 175)
(287, 20, 0, 176, 93)
(111, 63, 1, 20, 210)
(187, 206, 0, 0, 166)
(201, 217, 0, 0, 131)
(299, 33, 0, 0, 69)
(168, 117, 5, 7, 193)
(299, 26, 0, 150, 66)
(299, 174, 0, 1, 150)
(150, 222, 81, 0, 57)
(236, 77, 2, 2, 202)
(299, 190, 0, 4, 13)
(27, 224, 0, 0, 144)
(274, 224, 2, 0, 173)
(299, 0, 0, 17, 73)
(136, 75, 5, 5, 167)
(208, 221, 0, 0, 64)
(227, 43, 2, 4, 234)
(299, 99, 0, 46, 116)
(263, 137, 4, 1, 104)
(0, 206, 73, 0, 68)
(290, 83, 5, 2, 223)
(190, 210, 48, 0, 122)
(158, 137, 2, 4, 185)
(279, 192, 0, 32, 101)
(101, 110, 4, 2, 238)
(296, 3, 0, 115, 129)
(178, 203, 39, 0, 101)
(248, 191, 33, 0, 147)
(205, 156, 1, 0, 140)
(290, 224, 0, 0, 44)
(192, 50, 1, 15, 157)
(299, 179, 0, 6, 170)
(110, 89, 1, 4, 148)
(291, 149, 2, 1, 152)
(136, 204, 8, 2, 236)
(172, 213, 5, 1, 252)
(201, 152, 0, 0, 207)
(290, 16, 0, 35, 122)
(278, 204, 0, 5, 193)
(247, 183, 0, 0, 213)
(299, 187, 0, 24, 151)
(299, 98, 0, 108, 207)
(264, 69, 0, 131, 42)
(267, 96, 0, 94, 192)
(221, 171, 9, 4, 226)
(157, 212, 2, 2, 240)
(96, 224, 106, 0, 32)
(189, 173, 0, 10, 21)
(183, 206, 93, 0, 134)
(278, 64, 0, 0, 84)
(270, 160, 4, 2, 172)
(229, 224, 0, 0, 115)
(124, 224, 118, 0, 197)
(278, 80, 8, 2, 219)
(299, 41, 0, 18, 88)
(75, 26, 109, 0, 141)
(284, 164, 0, 2, 196)
(259, 171, 0, 7, 135)
(277, 111, 0, 71, 83)
(278, 167, 8, 1, 203)
(82, 178, 19, 0, 0)
(259, 139, 2, 1, 119)
(266, 149, 0, 7, 227)
(42, 51, 0, 151, 208)
(202, 224, 21, 0, 255)
(169, 224, 8, 0, 0)
(295, 130, 0, 45, 75)
(24, 59, 2, 8, 79)
(0, 221, 11, 0, 23)
(30, 0, 162, 0, 147)
(132, 52, 2, 5, 231)
(15, 158, 132, 0, 43)
(280, 190, 0, 19, 82)
(111, 224, 68, 0, 190)
(299, 200, 0, 0, 236)
(256, 224, 27, 0, 107)
(270, 224, 29, 0, 255)
(77, 219, 60, 0, 144)
(65, 121, 3, 1, 196)
(299, 23, 0, 19, 88)
(194, 190, 5, 1, 215)
(18, 220, 230, 0, 47)
(262, 31, 4, 7, 182)
(299, 86, 0, 0, 74)
(299, 109, 0, 85, 235)
(116, 189, 1, 8, 162)
(289, 144, 1, 7, 174)
(163, 207, 84, 0, 183)
(299, 95, 0, 113, 118)
(3, 220, 9, 2, 196)
(97, 215, 25, 0, 129)
(33, 200, 106, 0, 117)
(290, 135, 0, 16, 89)
(165, 191, 0, 0, 255)
(134, 224, 52, 0, 0)
(167, 187, 6, 2, 97)
(299, 201, 0, 2, 27)
(240, 145, 0, 63, 41)
(58, 87, 50, 0, 254)
(175, 219, 1, 4, 196)
(283, 147, 16, 0, 68)
(280, 173, 0, 6, 175)
(275, 63, 0, 105, 161)
(99, 92, 4, 4, 129)
(170, 224, 65, 0, 12)
(156, 201, 83, 0, 112)
(117, 221, 156, 0, 131)
(253, 224, 46, 0, 45)
(274, 224, 1, 17, 137)
(299, 213, 0, 0, 212)
(299, 224, 37, 0, 16)
(255, 162, 0, 18, 162)
(254, 224, 1, 14, 172)
(230, 19, 0, 125, 229)
(213, 37, 72, 0, 169)
(260, 94, 0, 28, 255)
(299, 164, 0, 43, 222)
(200, 224, 12, 0, 232)
(299, 98, 0, 91, 152)
(75, 224, 78, 0, 189)
(273, 219, 6, 1, 157)
(54, 64, 0, 64, 54)
(143, 182, 0, 31, 193)
(158, 214, 5, 4, 203)
(256, 61, 2, 1, 162)
(94, 224, 0, 0, 153)
(198, 181, 0, 23, 0)
(238, 175, 0, 0, 145)
(172, 49, 3, 14, 198)
(299, 152, 0, 12, 26)
(151, 133, 7, 6, 248)
(223, 134, 44, 0, 193)
(83, 224, 26, 0, 100)
(284, 188, 0, 34, 142)
(271, 208, 0, 16, 3)
(56, 224, 122, 0, 2)
(209, 0, 5, 24, 225)
(256, 212, 0, 0, 21)
(36, 100, 2, 19, 192)
(250, 140, 13, 1, 230)
(299, 98, 4, 0, 167)
(245, 224, 0, 0, 152)
(50, 179, 19, 1, 161)
(244, 201, 0, 0, 223)
(279, 107, 0, 52, 173)
(267, 7, 9, 2, 168)
(172, 207, 4, 0, 110)
(158, 216, 14, 1, 217)
(283, 64, 3, 8, 219)
(261, 213, 38, 0, 119)
(211, 22, 22, 0, 247)
(284, 217, 15, 1, 132)
(183, 100, 5, 5, 134)
(124, 224, 38, 0, 79)
(270, 224, 29, 0, 201)
(299, 107, 6, 4, 204)
(283, 108, 3, 3, 179)
(39, 127, 14, 2, 148)
