Background: 199
(0, 37, 218, 153, 155)
(185, 131, 67, 60, 225)
(235, 205, 68, 27, 166)
(0, 153, 43, 26, 65)
(181, 115, 68, 12, 117)
(62, 153, 178, 12, 138)
(175, 63, 35, 37, 124)
(0, 62, 20, 91, 112)
(98, 73, 40, 133, 176)
(30, 104, 34, 53, 192)
(233, 0, 67, 93, 185)
(0, 91, 155, 15, 126)
(290, 184, 10, 41, 162)
(113, 0, 30, 40, 145)
(100, 86, 24, 38, 203)
(133, 138, 23, 26, 214)
(135, 167, 14, 36, 106)
(58, 181, 46, 9, 91)
(52, 218, 43, 9, 175)
(64, 119, 77, 10, 201)
(0, 182, 34, 9, 100)
(238, 186, 52, 11, 179)
(217, 30, 19, 85, 168)
(171, 166, 88, 17, 233)
(172, 152, 5, 33, 223)
(233, 154, 66, 9, 192)
(216, 219, 99, 7, 147)
(130, 35, 44, 31, 184)
(241, 114, 20, 16, 168)
(101, 209, 104, 5, 224)
(162, 0, 85, 27, 226)
(66, 179, 48, 2, 228)
(197, 51, 4, 111, 119)
(0, 205, 35, 20, 188)
(233, 15, 13, 29, 163)
(33, 166, 25, 10, 64)
(147, 190, 55, 13, 167)
(263, 162, 46, 15, 225)
(34, 32, 51, 55, 186)
(276, 35, 21, 37, 202)
(87, 159, 44, 8, 89)
(287, 216, 12, 10, 121)
(114, 79, 66, 22, 138)
(257, 124, 30, 19, 195)
(119, 172, 5, 15, 85)
(10, 50, 54, 10, 140)
(141, 96, 19, 28, 114)
(26, 189, 49, 22, 213)
(238, 137, 24, 22, 204)
(37, 214, 140, 4, 208)
(207, 148, 8, 6, 133)
(273, 222, 13, 9, 196)
(264, 105, 10, 23, 219)
(0, 149, 17, 28, 58)
(198, 198, 31, 11, 215)
(68, 93, 20, 22, 64)
(208, 131, 26, 16, 247)
(187, 19, 12, 22, 231)
(112, 79, 17, 17, 168)
(172, 109, 73, 7, 136)
(52, 133, 92, 8, 143)
(280, 71, 16, 35, 172)
(249, 0, 51, 15, 169)
(120, 199, 20, 11, 203)
(64, 137, 38, 10, 200)
(160, 136, 17, 14, 123)
(227, 205, 34, 13, 184)
(0, 31, 11, 19, 120)
(191, 174, 36, 14, 238)
(212, 70, 49, 11, 160)
(177, 157, 21, 8, 86)
(141, 197, 13, 9, 124)
(195, 98, 33, 14, 143)
(124, 167, 15, 16, 188)
(176, 224, 33, 1, 170)
(103, 141, 9, 22, 196)
(175, 223, 33, 1, 179)
(229, 86, 18, 19, 209)
(86, 111, 51, 12, 210)
(253, 202, 43, 7, 171)
(219, 73, 7, 10, 214)
(165, 190, 7, 9, 246)
(116, 187, 16, 12, 208)
(157, 160, 6, 41, 106)
(214, 156, 17, 6, 101)
(98, 201, 18, 5, 96)
(275, 215, 26, 2, 143)
(227, 35, 5, 26, 201)
(107, 205, 9, 14, 221)
(248, 168, 23, 6, 204)
(285, 139, 9, 21, 178)
(243, 214, 8, 4, 162)
(114, 154, 8, 10, 52)
(250, 9, 5, 11, 141)
(102, 34, 15, 22, 110)
(294, 218, 9, 7, 107)
(151, 162, 4, 25, 232)
(72, 61, 29, 6, 205)
(0, 224, 11, 1, 74)
(78, 190, 29, 11, 198)
(129, 146, 4, 13, 99)
(194, 162, 14, 11, 242)
(150, 90, 12, 9, 168)
(135, 99, 14, 11, 87)
(167, 168, 29, 4, 234)
(265, 145, 14, 6, 226)
(212, 59, 5, 7, 217)
(270, 132, 26, 6, 212)
(152, 207, 43, 6, 225)
(124, 174, 8, 16, 234)
(135, 0, 9, 75, 170)
(132, 72, 3, 12, 81)
(205, 146, 5, 13, 219)
(247, 199, 47, 2, 219)
(158, 101, 28, 18, 159)
(144, 193, 14, 4, 226)
(260, 50, 11, 31, 206)
(244, 182, 38, 6, 194)
(112, 186, 4, 17, 75)
(72, 128, 15, 6, 249)
(1, 81, 41, 20, 113)
(0, 60, 8, 30, 83)
(93, 89, 11, 12, 153)
(271, 54, 12, 32, 190)
(299, 57, 1, 71, 210)
(69, 169, 56, 6, 212)
(147, 133, 12, 10, 236)
(266, 24, 6, 14, 216)
(37, 141, 27, 13, 231)
(203, 81, 13, 11, 113)
(179, 143, 17, 8, 216)
(62, 91, 7, 24, 101)
(293, 36, 22, 7, 221)
(118, 145, 10, 10, 197)
(171, 173, 20, 0, 105)
(121, 185, 9, 29, 201)
(78, 196, 12, 5, 119)
(44, 178, 11, 13, 193)
(286, 158, 14, 2, 113)
(81, 25, 16, 8, 121)
(272, 121, 16, 5, 177)
(23, 32, 25, 21, 184)
(216, 215, 20, 6, 178)
(258, 193, 15, 5, 181)
(280, 161, 19, 4, 210)
(251, 221, 4, 5, 183)
(85, 112, 8, 8, 176)
(295, 53, 4, 19, 201)
(273, 86, 24, 8, 163)
(129, 182, 2, 18, 240)
(51, 191, 26, 21, 225)
(272, 208, 13, 14, 154)
(289, 83, 8, 2, 224)
(104, 170, 7, 23, 189)
(260, 41, 13, 8, 158)
(152, 81, 3, 14, 95)
(75, 137, 68, 1, 106)
(141, 165, 5, 20, 76)
(154, 149, 4, 17, 143)
(43, 97, 10, 44, 183)
(257, 174, 9, 7, 227)
(246, 160, 25, 2, 146)
(19, 147, 8, 35, 76)
(140, 204, 6, 20, 211)
(12, 221, 15, 3, 209)
(294, 99, 5, 5, 214)
(270, 147, 3, 11, 198)
(76, 164, 32, 5, 113)
(200, 57, 9, 9, 190)
(95, 187, 6, 5, 74)
(101, 148, 12, 4, 67)
(236, 190, 40, 2, 188)
(159, 188, 7, 4, 236)
(188, 215, 30, 8, 196)
(59, 215, 32, 3, 192)
(116, 10, 16, 9, 115)
(271, 36, 0, 188, 71)
(17, 133, 14, 8, 209)
(271, 223, 5, 12, 143)
(148, 189, 9, 3, 94)
(209, 220, 9, 3, 170)
(26, 200, 24, 11, 207)
(267, 178, 15, 2, 217)
(250, 31, 5, 31, 198)
(283, 96, 2, 4, 229)
(289, 124, 8, 6, 220)
(139, 23, 30, 10, 207)
(204, 103, 2, 36, 120)
(60, 147, 7, 19, 169)
(122, 192, 6, 5, 70)
(286, 183, 10, 13, 169)
(185, 211, 73, 0, 119)
(56, 167, 14, 6, 101)
(286, 196, 8, 17, 197)
(146, 54, 5, 32, 143)
(221, 128, 11, 14, 242)
(191, 190, 44, 2, 218)
(163, 107, 2, 56, 120)
(278, 198, 16, 3, 214)
(274, 152, 42, 0, 209)
(230, 120, 17, 9, 116)
(107, 29, 11, 10, 152)
(172, 191, 20, 5, 133)
(287, 167, 12, 4, 232)
(19, 191, 72, 4, 217)
(281, 182, 2, 7, 212)
(235, 108, 3, 31, 171)
(181, 141, 8, 2, 242)
(255, 209, 25, 1, 152)
(0, 139, 14, 10, 93)
(108, 207, 46, 0, 232)
(216, 163, 25, 3, 155)
(53, 159, 13, 3, 193)
(185, 19, 31, 14, 231)
(299, 103, 0, 83, 0)
(250, 141, 28, 2, 159)
(123, 164, 9, 11, 137)
(44, 12, 69, 10, 210)
(103, 136, 16, 6, 87)
(275, 108, 5, 8, 218)
(193, 186, 3, 11, 228)
(146, 0, 8, 16, 177)
(290, 210, 5, 4, 165)
(155, 196, 4, 8, 234)
(187, 100, 20, 5, 161)
(208, 112, 14, 5, 104)
(163, 131, 3, 13, 232)
(119, 206, 32, 4, 189)
(178, 214, 51, 2, 201)
(116, 179, 6, 9, 90)
(299, 138, 0, 38, 201)
(12, 57, 19, 9, 105)
(210, 98, 20, 4, 127)
(270, 201, 16, 3, 168)
(191, 161, 3, 4, 136)
(55, 181, 52, 1, 117)
(93, 97, 3, 15, 179)
(0, 116, 8, 16, 174)
(179, 151, 12, 14, 76)
(213, 171, 0, 0, 46)
(234, 183, 8, 6, 222)
(206, 160, 27, 2, 101)
(141, 129, 8, 6, 119)
(84, 132, 11, 4, 81)
(293, 157, 9, 1, 136)
(175, 175, 4, 13, 206)
(141, 213, 8, 5, 253)
(249, 143, 22, 3, 234)
(146, 95, 3, 28, 74)
(58, 0, 59, 9, 207)
(275, 72, 23, 5, 159)
(255, 211, 9, 8, 187)
(274, 125, 9, 7, 171)
(187, 60, 12, 26, 111)
(224, 196, 12, 3, 218)
(230, 220, 20, 4, 137)
(195, 97, 11, 7, 197)
(60, 147, 7, 5, 135)
(31, 98, 7, 59, 180)
(224, 148, 10, 2, 170)
(233, 170, 19, 5, 218)
(62, 3, 52, 15, 208)
(292, 14, 7, 5, 155)
(296, 185, 7, 7, 153)
(94, 31, 4, 24, 115)
(156, 166, 3, 14, 87)
(166, 204, 8, 2, 113)
(11, 217, 5, 2, 227)
(194, 41, 4, 13, 217)
(219, 152, 6, 1, 161)
(291, 224, 13, 0, 119)
(140, 218, 23, 6, 210)
(172, 186, 5, 7, 141)
(45, 121, 81, 5, 201)
(176, 148, 4, 8, 248)
(206, 136, 2, 13, 168)
(274, 101, 0, 99, 91)
(47, 56, 10, 32, 197)
(281, 27, 13, 8, 165)
(270, 200, 15, 1, 190)
(0, 211, 8, 9, 172)
(209, 175, 24, 5, 244)
(278, 149, 5, 3, 153)
(100, 0, 13, 17, 217)
(18, 26, 27, 8, 173)
(286, 126, 4, 11, 217)
(221, 160, 8, 5, 187)
(97, 224, 82, 0, 47)
(285, 216, 15, 2, 132)
(265, 223, 0, 18, 195)
(233, 111, 3, 25, 120)
(262, 68, 0, 41, 153)
(246, 118, 11, 2, 212)
(194, 151, 4, 7, 89)
(97, 211, 19, 5, 227)
(127, 207, 38, 1, 202)
(263, 76, 5, 30, 186)
(261, 1, 0, 175, 205)
(299, 97, 0, 118, 151)
(40, 78, 26, 5, 206)
(194, 202, 14, 5, 229)
(281, 190, 0, 7, 94)
(165, 197, 2, 8, 146)
(13, 219, 17, 2, 152)
(192, 222, 18, 1, 181)
(256, 51, 9, 13, 214)
(273, 124, 2, 4, 234)
(181, 44, 7, 31, 135)
(213, 91, 9, 4, 123)
(256, 87, 7, 9, 180)
(185, 108, 14, 4, 102)
(205, 209, 15, 6, 208)
(143, 224, 22, 1, 219)
(292, 201, 2, 6, 169)
(214, 224, 85, 0, 240)
(54, 88, 8, 8, 169)
(218, 70, 22, 4, 146)
(193, 116, 18, 12, 102)
(37, 176, 29, 1, 109)
(299, 54, 0, 108, 183)
(293, 145, 6, 1, 159)
(210, 37, 3, 36, 186)
(282, 177, 14, 4, 189)
(220, 115, 2, 8, 156)
(105, 44, 12, 9, 86)
(296, 221, 4, 3, 94)
(298, 70, 3, 12, 168)
(299, 183, 0, 38, 106)
(112, 58, 2, 5, 207)
(168, 199, 9, 2, 246)
(284, 46, 9, 25, 213)
(57, 220, 21, 4, 162)
(224, 23, 14, 2, 227)
(277, 53, 0, 0, 222)
(45, 39, 23, 1, 184)
(246, 129, 7, 4, 237)
(273, 20, 8, 9, 155)
(284, 205, 5, 5, 172)
(3, 223, 7, 1, 76)
(137, 215, 179, 0, 148)
(116, 27, 8, 28, 129)
(260, 207, 10, 3, 146)
(78, 113, 3, 12, 133)
(299, 80, 0, 133, 96)
(178, 127, 5, 11, 110)
(282, 79, 6, 3, 218)
(254, 167, 30, 2, 217)
(162, 185, 6, 2, 98)
(30, 153, 10, 4, 149)
(107, 64, 5, 55, 215)
(136, 196, 13, 4, 126)
(125, 76, 4, 5, 209)
(144, 190, 5, 5, 201)
(296, 206, 3, 2, 198)
(217, 188, 6, 16, 216)
(161, 167, 6, 14, 155)
(286, 210, 0, 0, 66)
(245, 37, 6, 4, 164)
(269, 110, 0, 33, 108)
(19, 196, 35, 9, 209)
(199, 124, 4, 16, 158)
(191, 126, 3, 19, 243)
(173, 201, 7, 2, 220)
(264, 87, 0, 87, 54)
(249, 183, 6, 7, 197)
(32, 224, 197, 0, 109)
(72, 96, 22, 2, 87)
(287, 48, 5, 12, 210)
(56, 0, 21, 43, 204)
(203, 154, 8, 2, 245)
(284, 93, 3, 5, 218)
(290, 109, 9, 8, 211)
(275, 95, 4, 6, 221)
(84, 157, 14, 8, 84)
(288, 91, 12, 1, 158)
(239, 138, 5, 12, 173)
(235, 137, 32, 2, 163)
(208, 165, 0, 59, 132)
(247, 167, 4, 17, 230)
(289, 95, 4, 15, 191)
(102, 153, 7, 9, 238)
(291, 206, 22, 2, 194)
(299, 92, 0, 0, 219)
(15, 75, 95, 2, 186)
(218, 124, 2, 4, 229)
(144, 44, 1, 12, 211)
(27, 113, 11, 2, 140)
(186, 224, 19, 0, 252)
(241, 148, 21, 7, 216)
(121, 27, 36, 0, 0)
(144, 109, 3, 8, 168)
(215, 34, 4, 16, 130)
(138, 121, 84, 0, 105)
(230, 151, 4, 4, 219)
(289, 186, 0, 27, 207)
(48, 207, 10, 12, 226)
(222, 208, 5, 0, 173)
(272, 160, 28, 1, 167)
(37, 49, 10, 10, 104)
(299, 31, 0, 35, 18)
(186, 205, 16, 2, 230)
(271, 75, 8, 8, 205)
(269, 119, 16, 1, 219)
(264, 73, 35, 0, 29)
(283, 150, 6, 3, 212)
(222, 143, 0, 8, 86)
(256, 211, 13, 4, 176)
(276, 157, 0, 19, 95)
(282, 99, 0, 87, 255)
(49, 51, 0, 92, 54)
(0, 113, 0, 0, 38)
(12, 104, 11, 11, 80)
(156, 0, 55, 11, 221)
(194, 111, 38, 1, 162)
(197, 165, 0, 14, 129)
(297, 96, 3, 11, 221)
(290, 176, 10, 1, 208)
(290, 202, 9, 1, 172)
(71, 200, 9, 5, 202)
(170, 190, 20, 3, 139)
(270, 83, 5, 4, 159)
(241, 221, 46, 1, 158)
(254, 223, 6, 1, 108)
(174, 37, 6, 25, 174)
(56, 88, 42, 3, 129)
(38, 116, 5, 13, 133)
(206, 205, 25, 2, 211)
(111, 151, 4, 4, 48)
(15, 141, 9, 11, 133)
(91, 224, 98, 0, 119)
(134, 183, 7, 7, 83)
(149, 115, 10, 9, 89)
(240, 192, 29, 3, 174)
(226, 47, 13, 11, 196)
(245, 203, 0, 0, 110)
(25, 107, 15, 15, 165)
(153, 185, 4, 3, 219)
(207, 147, 6, 4, 108)
(284, 11, 11, 3, 148)
(264, 214, 27, 1, 157)
(299, 184, 0, 23, 95)
(0, 0, 32, 11, 190)
(275, 218, 4, 4, 162)
(62, 58, 10, 12, 160)
(284, 136, 3, 13, 181)
(276, 224, 0, 0, 45)
(292, 43, 5, 13, 196)
(49, 142, 208, 0, 87)
(24, 130, 20, 7, 207)
(181, 189, 2, 3, 213)
(67, 115, 8, 5, 131)
(165, 111, 0, 0, 5)
(232, 77, 4, 6, 139)
(245, 139, 4, 9, 224)
(77, 41, 5, 18, 223)
(272, 149, 0, 0, 183)
(76, 168, 10, 5, 236)
(245, 163, 14, 4, 222)
(226, 147, 9, 1, 194)
(277, 215, 19, 2, 144)
(256, 80, 4, 2, 213)
(221, 181, 19, 3, 219)
(240, 171, 3, 19, 232)
(297, 85, 2, 6, 211)
(283, 40, 12, 3, 177)
(299, 95, 0, 73, 184)
(229, 214, 0, 1, 127)
(288, 108, 1, 5, 180)
(198, 182, 4, 5, 191)
(118, 224, 22, 6, 182)
(184, 196, 5, 2, 234)
(191, 169, 0, 16, 110)
(2, 130, 15, 1, 125)
(215, 202, 0, 0, 56)
(76, 224, 9, 1, 208)
(155, 124, 0, 0, 24)
(275, 104, 0, 31, 78)
(180, 203, 2, 3, 118)
(265, 134, 3, 3, 105)
(162, 95, 1, 33, 114)
(275, 176, 10, 0, 81)
(0, 187, 34, 3, 113)
(235, 194, 0, 26, 221)
(288, 224, 7, 11, 131)
(197, 98, 3, 8, 203)
(171, 75, 15, 8, 121)
(34, 177, 2, 6, 76)
(19, 217, 7, 1, 162)
(0, 11, 3, 22, 190)
(67, 49, 4, 8, 223)
(253, 106, 2, 16, 214)
(257, 68, 41, 2, 209)
(86, 219, 6, 4, 181)
(289, 145, 0, 50, 122)
(239, 220, 20, 1, 150)
(9, 42, 5, 12, 88)
(42, 182, 2, 4, 213)
(299, 70, 0, 15, 104)
(50, 158, 3, 13, 99)
(193, 40, 1, 14, 216)
(84, 182, 11, 10, 85)
(118, 47, 21, 3, 152)
(170, 133, 9, 4, 121)
(283, 218, 4, 2, 136)
(257, 0, 1, 75, 194)
(108, 191, 4, 9, 125)
(222, 60, 6, 10, 163)
(57, 176, 5, 13, 125)
(232, 158, 6, 3, 238)
(247, 180, 42, 0, 174)
(271, 224, 12, 0, 109)
(169, 164, 7, 9, 234)
(284, 171, 15, 2, 219)
(127, 9, 2, 15, 172)
(286, 183, 27, 1, 180)
(237, 114, 21, 2, 186)
(283, 3, 12, 7, 158)
(92, 206, 7, 1, 121)
(282, 147, 0, 23, 214)
(211, 65, 1, 8, 226)
(150, 128, 4, 10, 243)
(286, 184, 7, 2, 181)
(246, 222, 3, 5, 110)
(201, 132, 2, 14, 187)
(64, 142, 59, 5, 191)
(153, 194, 4, 6, 247)
(120, 81, 13, 3, 134)
(292, 193, 7, 4, 172)
(10, 137, 0, 19, 65)
(29, 14, 9, 26, 206)
(151, 37, 41, 4, 198)
(185, 123, 6, 8, 210)
(138, 162, 9, 5, 105)
(102, 21, 1, 30, 168)
(205, 175, 3, 22, 234)
(274, 25, 0, 44, 236)
(299, 46, 1, 11, 157)
(62, 212, 0, 12, 172)
(115, 177, 10, 1, 75)
(299, 108, 0, 111, 105)
(293, 138, 1, 19, 190)
(18, 152, 5, 11, 86)
(191, 142, 0, 43, 156)
(299, 224, 0, 0, 173)
(265, 156, 0, 38, 193)
(98, 136, 3, 4, 250)
(137, 140, 15, 20, 223)
(288, 223, 3, 1, 138)
(253, 13, 23, 4, 173)
(259, 127, 0, 64, 77)
(254, 135, 8, 7, 188)
(242, 34, 0, 166, 111)
(223, 53, 2, 11, 118)
(270, 127, 2, 2, 140)
(231, 200, 35, 0, 33)
(68, 136, 3, 6, 237)
(74, 68, 20, 9, 176)
(299, 35, 0, 78, 141)
(150, 151, 6, 7, 183)
(266, 0, 3, 26, 189)
(0, 185, 23, 2, 79)
(81, 201, 11, 4, 164)
(210, 224, 0, 0, 246)
(39, 153, 10, 7, 190)
(241, 153, 3, 14, 214)
(208, 189, 3, 6, 183)
(256, 215, 7, 2, 229)
(74, 139, 14, 2, 241)
(135, 202, 6, 3, 231)
(248, 148, 1, 3, 156)
(115, 213, 20, 7, 207)
(62, 159, 15, 1, 155)
(7, 200, 18, 13, 196)
(254, 99, 1, 1, 164)
(275, 4, 1, 19, 178)
(7, 211, 4, 3, 187)
(276, 105, 0, 100, 170)
(46, 143, 15, 7, 242)
(104, 120, 5, 14, 162)
(250, 32, 0, 48, 148)
(248, 204, 19, 1, 158)
(169, 95, 5, 10, 120)
(275, 129, 0, 12, 76)
(37, 155, 2, 8, 87)
(274, 47, 4, 13, 178)
(299, 150, 2, 7, 164)
(219, 171, 0, 0, 190)
(278, 194, 19, 1, 163)
(266, 212, 24, 0, 144)
(158, 125, 6, 2, 94)
(213, 211, 50, 0, 221)
(274, 52, 0, 92, 54)
(247, 182, 0, 31, 100)
(272, 207, 14, 0, 229)
(156, 182, 3, 7, 173)
(255, 210, 0, 14, 181)
(249, 184, 50, 0, 219)
(298, 196, 0, 28, 226)
(230, 202, 4, 12, 195)
(117, 205, 6, 3, 153)
(175, 210, 42, 0, 114)
(105, 204, 112, 0, 73)
(93, 135, 6, 12, 203)
(246, 149, 2, 3, 148)
(291, 144, 2, 17, 181)
(244, 196, 7, 7, 219)
(299, 149, 0, 9, 108)
(243, 224, 18, 0, 6)
(120, 135, 9, 9, 128)
(0, 224, 65, 0, 60)
(284, 190, 0, 6, 118)
(191, 186, 0, 0, 199)
(128, 88, 10, 9, 157)
(299, 85, 0, 1, 204)
(74, 87, 4, 9, 162)
(246, 206, 12, 2, 198)
(181, 208, 17, 6, 220)
(273, 103, 3, 6, 157)
(249, 31, 0, 7, 189)
(299, 128, 0, 0, 190)
(297, 94, 0, 33, 121)
(276, 177, 8, 2, 221)
(79, 212, 118, 0, 200)
(252, 69, 14, 1, 169)
(105, 185, 38, 0, 219)
(261, 224, 0, 0, 80)
(45, 153, 20, 3, 212)
(0, 92, 7, 6, 185)
(269, 200, 2, 5, 203)
(6, 224, 91, 0, 168)
(295, 200, 0, 14, 149)
(55, 204, 169, 0, 138)
(12, 198, 89, 0, 248)
(230, 165, 0, 0, 194)
(247, 67, 11, 1, 169)
(255, 214, 3, 2, 226)
(286, 165, 0, 9, 55)
(200, 156, 0, 5, 175)
(208, 219, 35, 0, 149)
(118, 198, 5, 3, 237)
(238, 51, 6, 20, 193)
(132, 155, 7, 12, 227)
(15, 224, 181, 0, 172)
(171, 73, 10, 4, 145)
(277, 150, 6, 1, 113)
(221, 177, 0, 15, 107)
(136, 179, 3, 18, 89)
(221, 209, 0, 0, 65)
(239, 25, 0, 19, 0)
(54, 164, 173, 0, 238)
(256, 168, 8, 2, 183)
(254, 222, 1, 2, 140)
(7, 195, 57, 2, 210)
(230, 183, 5, 5, 215)
(252, 211, 21, 2, 176)
(259, 7, 3, 7, 139)
(171, 224, 18, 0, 255)
(0, 187, 0, 0, 233)
(261, 138, 3, 1, 99)
(291, 224, 0, 6, 16)
(151, 207, 6, 8, 242)
(200, 40, 6, 11, 129)
(268, 224, 14, 0, 184)
(265, 36, 25, 5, 198)
(293, 129, 0, 3, 21)
(25, 60, 3, 44, 101)
(282, 108, 8, 3, 172)
(187, 202, 9, 0, 97)
(11, 202, 172, 0, 207)
(121, 97, 6, 5, 97)
(136, 9, 0, 104, 88)
(245, 0, 0, 76, 73)
(76, 224, 8, 0, 191)
(56, 206, 189, 0, 150)
(235, 128, 4, 5, 206)
(287, 218, 13, 1, 112)
(33, 204, 8, 0, 74)
(299, 209, 18, 1, 174)
(237, 149, 3, 4, 142)
(294, 206, 0, 0, 0)
(172, 214, 104, 0, 109)
(63, 187, 165, 0, 0)
(73, 160, 11, 6, 108)
(52, 187, 224, 0, 188)
(57, 224, 10, 3, 164)
(268, 143, 4, 1, 176)
(199, 93, 17, 3, 156)
(299, 224, 0, 0, 255)
(272, 224, 27, 0, 214)
(274, 113, 1, 4, 243)
(223, 224, 2, 1, 126)
(32, 65, 32, 14, 193)
(163, 201, 4, 3, 113)
(179, 179, 20, 3, 213)
(127, 165, 3, 5, 99)
(287, 68, 8, 3, 189)
(76, 174, 16, 3, 127)
(62, 208, 22, 3, 226)
(274, 186, 5, 3, 186)
(107, 50, 2, 23, 158)
(296, 216, 3, 0, 38)
(299, 122, 0, 69, 135)
(299, 0, 0, 67, 105)
(90, 212, 32, 0, 190)
(95, 169, 12, 4, 175)
(116, 141, 80, 0, 49)
(297, 25, 1, 4, 198)
(68, 182, 37, 3, 82)
(276, 89, 20, 0, 211)
(299, 218, 0, 8, 0)
(101, 203, 16, 1, 71)
(278, 224, 8, 3, 203)
(3, 177, 1, 6, 205)
(101, 167, 40, 0, 20)
(233, 198, 0, 22, 33)
(256, 20, 18, 3, 198)
(9, 181, 88, 0, 76)
(289, 31, 3, 6, 212)
(286, 162, 0, 54, 27)
(278, 197, 13, 2, 221)
(187, 198, 14, 4, 157)
(100, 56, 10, 6, 107)
(0, 215, 4, 5, 162)
(291, 186, 2, 6, 145)
(29, 141, 28, 1, 206)
(278, 128, 1, 22, 211)
(129, 135, 15, 5, 109)
(282, 120, 5, 5, 162)
(217, 174, 35, 1, 222)
(94, 216, 205, 0, 67)
(249, 140, 19, 1, 229)
(112, 102, 17, 4, 178)
(157, 26, 14, 19, 208)
(19, 166, 9, 11, 68)
(272, 132, 4, 4, 185)
(299, 211, 0, 5, 18)
(269, 193, 11, 1, 170)
(221, 83, 6, 9, 189)
(267, 210, 16, 1, 148)
(287, 215, 2, 9, 130)
(138, 129, 0, 6, 155)
(234, 224, 2, 2, 189)
(169, 185, 5, 5, 122)
(11, 126, 6, 10, 141)
(34, 224, 28, 0, 201)
(160, 147, 3, 6, 196)
(272, 108, 5, 1, 191)
(299, 160, 0, 15, 203)
(168, 175, 10, 3, 166)
(279, 144, 5, 5, 219)
(262, 129, 0, 79, 95)
(237, 163, 4, 1, 107)
(299, 19, 3, 5, 118)
(233, 155, 4, 3, 128)
(287, 108, 0, 59, 136)
(272, 220, 0, 4, 143)
(190, 9, 60, 5, 225)
(223, 119, 23, 0, 151)
(244, 100, 17, 1, 231)
(204, 102, 9, 6, 118)
(250, 97, 0, 0, 126)
(286, 166, 6, 4, 240)
(63, 196, 10, 2, 247)
(127, 173, 5, 3, 222)
(264, 202, 5, 2, 197)
(260, 148, 0, 7, 119)
(32, 181, 4, 4, 85)
(251, 29, 8, 19, 182)
(16, 69, 10, 14, 161)
(289, 40, 4, 5, 142)
(229, 99, 4, 17, 178)
(242, 112, 17, 3, 183)
(202, 153, 7, 1, 246)
(240, 130, 10, 4, 248)
(284, 14, 4, 15, 205)
(265, 144, 11, 2, 243)
(275, 209, 2, 8, 145)
(85, 199, 2, 5, 88)
(265, 109, 4, 21, 218)
(133, 147, 3, 5, 113)
(258, 26, 1, 11, 212)
(299, 0, 10, 20, 167)
(295, 0, 0, 83, 41)
(150, 82, 2, 9, 70)
(8, 206, 0, 18, 75)
(224, 222, 0, 0, 236)
(218, 68, 3, 19, 201)
(43, 222, 7, 2, 176)
(26, 40, 79, 0, 89)
(239, 150, 4, 6, 241)
(231, 217, 12, 2, 168)
(281, 60, 0, 15, 65)
(232, 223, 3, 1, 91)
(293, 165, 7, 1, 194)
(242, 143, 2, 5, 117)
(200, 173, 3, 1, 169)
(254, 105, 9, 2, 219)
(291, 74, 12, 4, 182)
(142, 218, 34, 2, 219)
(253, 67, 0, 157, 0)
(193, 81, 52, 0, 21)
(156, 217, 23, 2, 219)
(161, 75, 11, 1, 132)
(217, 223, 2, 3, 175)
(0, 202, 7, 10, 182)
(64, 224, 232, 0, 64)
(269, 209, 0, 15, 122)
(299, 36, 1, 11, 227)
(261, 137, 6, 1, 115)
(285, 0, 0, 146, 60)
(282, 191, 10, 1, 167)
(245, 23, 0, 115, 204)
(141, 55, 3, 4, 107)
(152, 216, 12, 5, 205)
(279, 57, 0, 80, 24)
(178, 187, 3, 2, 239)
(265, 224, 34, 0, 164)
(87, 224, 20, 0, 30)
(239, 0, 0, 95, 145)
(271, 122, 1, 15, 210)
(119, 218, 116, 0, 145)
(273, 206, 1, 10, 164)
(108, 107, 15, 14, 221)
(266, 85, 2, 6, 153)
(28, 126, 9, 10, 198)
(228, 93, 0, 79, 2)
(284, 178, 6, 2, 179)
(208, 199, 41, 0, 33)
(170, 224, 45, 0, 43)
(169, 187, 4, 1, 86)
(67, 88, 2, 10, 154)
(25, 202, 0, 0, 20)
(186, 224, 5, 1, 191)
(250, 205, 0, 4, 36)
(83, 151, 24, 1, 171)
(224, 0, 22, 12, 228)
(240, 162, 33, 1, 202)
(192, 115, 6, 2, 149)
(240, 163, 0, 83, 173)
(217, 221, 4, 2, 139)
(269, 27, 0, 10, 166)
(263, 110, 3, 18, 212)
(38, 113, 0, 114, 204)
(122, 125, 1, 11, 141)
(299, 34, 0, 115, 37)
(144, 177, 47, 0, 202)
(26, 182, 5, 1, 229)
(239, 143, 12, 1, 142)
(0, 49, 8, 6, 200)
(282, 158, 2, 2, 107)
(257, 170, 3, 2, 229)
(0, 63, 19, 7, 96)
(286, 0, 0, 166, 173)
(282, 82, 6, 7, 153)
(66, 143, 13, 8, 163)
(84, 191, 12, 1, 132)
(292, 132, 2, 10, 210)
(92, 224, 0, 0, 207)
(253, 23, 2, 17, 210)
(262, 219, 8, 1, 139)
(285, 81, 5, 2, 150)
(163, 143, 4, 10, 86)
(297, 195, 2, 6, 167)
(257, 141, 0, 0, 119)
(194, 206, 85, 0, 104)
(141, 186, 10, 3, 107)
(84, 224, 164, 0, 235)
(37, 58, 7, 12, 181)
(278, 88, 10, 3, 179)
(136, 172, 2, 10, 196)
(97, 224, 21, 5, 194)
(298, 41, 0, 184, 0)
(102, 207, 8, 6, 230)
(272, 31, 3, 9, 219)
(136, 138, 2, 6, 181)
(264, 146, 9, 2, 210)
(75, 179, 38, 1, 230)
(211, 16, 4, 26, 226)
(192, 81, 13, 2, 148)
(276, 195, 16, 2, 190)
(216, 223, 2, 18, 181)
(230, 28, 4, 11, 144)
(33, 31, 3, 26, 159)
(297, 32, 2, 6, 152)
(118, 224, 84, 0, 181)
(297, 102, 1, 3, 159)
(245, 123, 1, 1, 244)
(299, 177, 0, 0, 62)
(299, 116, 0, 50, 255)
(237, 116, 1, 6, 242)
(12, 179, 28, 1, 104)
(285, 166, 6, 0, 224)
(256, 224, 29, 0, 141)
(292, 91, 7, 4, 159)
(257, 142, 8, 1, 187)
(270, 181, 0, 16, 61)
(120, 187, 6, 3, 235)
(109, 186, 2, 4, 216)
(19, 206, 85, 0, 159)
(202, 199, 31, 2, 222)
(278, 224, 0, 0, 27)
(188, 186, 2, 1, 103)
(292, 65, 0, 131, 0)
(299, 187, 0, 23, 139)
(282, 13, 2, 16, 202)
(284, 77, 10, 2, 187)
(121, 15, 17, 5, 109)
(296, 55, 0, 95, 36)
(296, 145, 2, 6, 160)
(144, 35, 5, 2, 103)
(185, 216, 10, 3, 194)
(159, 67, 15, 2, 178)
(299, 73, 0, 44, 200)
(49, 188, 19, 4, 195)
(254, 219, 5, 1, 173)
(197, 224, 0, 0, 26)
(215, 206, 81, 0, 60)
(35, 186, 93, 0, 47)
(284, 114, 4, 4, 215)
(0, 133, 4, 16, 99)
(241, 121, 11, 3, 118)
(289, 207, 10, 1, 220)
(260, 73, 2, 4, 151)
(298, 222, 2, 6, 93)
(0, 45, 8, 3, 59)
(184, 198, 6, 1, 223)
(138, 132, 7, 0, 20)
(255, 224, 22, 7, 144)
(243, 27, 0, 21, 96)
(194, 123, 4, 9, 96)
(293, 201, 1, 1, 127)
(165, 224, 76, 0, 83)
(124, 190, 3, 10, 70)
(260, 0, 2, 2, 122)
(276, 41, 0, 64, 119)
(299, 183, 0, 0, 107)
(299, 159, 0, 21, 129)
(295, 96, 4, 4, 220)
(165, 213, 4, 1, 126)
(299, 206, 1, 4, 183)
(44, 131, 21, 8, 164)
(299, 95, 0, 21, 121)
(47, 145, 18, 3, 237)
(235, 107, 0, 20, 35)
(184, 124, 0, 54, 109)
(193, 126, 7, 3, 108)
(88, 170, 7, 3, 240)
(28, 198, 121, 0, 38)
(299, 0, 0, 50, 200)
(299, 224, 0, 0, 112)
(182, 196, 4, 1, 222)
(246, 43, 4, 7, 220)
(299, 146, 0, 0, 255)
(245, 58, 4, 26, 163)
(294, 126, 5, 3, 215)
(210, 210, 96, 0, 216)
(271, 16, 0, 117, 158)
(76, 20, 13, 5, 155)
(288, 67, 2, 7, 207)
(182, 147, 2, 16, 108)
(172, 148, 0, 30, 125)
(116, 208, 5, 5, 218)
(197, 85, 0, 0, 91)
(113, 25, 11, 11, 122)
(72, 163, 6, 2, 122)
(280, 214, 0, 10, 86)
(72, 165, 16, 1, 50)
(291, 214, 8, 0, 104)
(164, 37, 2, 34, 202)
(203, 157, 3, 4, 96)
(129, 27, 29, 0, 25)
(24, 152, 0, 0, 99)
(289, 99, 5, 5, 183)
(166, 131, 1, 9, 203)
(55, 181, 9, 6, 117)
(21, 177, 11, 3, 83)
(60, 50, 4, 10, 78)
(222, 216, 0, 0, 179)
(232, 212, 38, 0, 200)
(250, 92, 0, 92, 207)
(269, 51, 3, 17, 191)
(214, 46, 7, 6, 128)
(147, 142, 2, 5, 149)
(122, 172, 2, 2, 101)
(299, 33, 0, 4, 255)
(299, 114, 0, 37, 108)
(231, 155, 9, 0, 199)
(285, 87, 0, 63, 37)
(111, 182, 90, 0, 167)
(155, 209, 49, 0, 237)
(85, 131, 11, 4, 90)
(241, 162, 7, 2, 177)
(237, 218, 15, 1, 158)
(93, 211, 107, 0, 201)
(296, 7, 3, 6, 184)
(255, 57, 7, 4, 227)
(283, 76, 0, 58, 251)
(292, 87, 3, 10, 147)
(209, 211, 54, 0, 255)
(217, 25, 7, 5, 189)
(80, 224, 26, 0, 118)
(108, 89, 29, 4, 165)
(102, 131, 2, 9, 95)
(289, 208, 3, 2, 252)
(85, 170, 11, 4, 246)
(168, 206, 3, 1, 121)
(124, 170, 2, 8, 88)
(280, 120, 4, 4, 192)
(166, 81, 2, 3, 103)
(271, 0, 0, 162, 86)
(273, 216, 37, 0, 31)
(134, 203, 72, 0, 80)
(5, 97, 20, 2, 72)
(50, 109, 11, 17, 205)
(213, 186, 17, 0, 249)
(289, 224, 0, 0, 155)
(123, 156, 0, 74, 217)
(226, 115, 6, 6, 133)
(140, 213, 2, 1, 114)
(278, 141, 12, 0, 230)
(96, 66, 2, 12, 105)
(170, 204, 102, 0, 170)
(129, 38, 1, 50, 170)
(238, 87, 4, 13, 228)
(281, 137, 6, 7, 175)
(252, 151, 6, 1, 129)
(127, 144, 4, 3, 100)
(299, 90, 0, 14, 51)
(149, 198, 0, 0, 68)
(252, 143, 23, 0, 147)
(262, 221, 9, 3, 152)
(290, 153, 7, 2, 213)
(128, 141, 26, 2, 205)
(271, 192, 0, 0, 101)
(118, 62, 3, 26, 192)
(160, 183, 5, 2, 97)
(299, 12, 0, 53, 150)
(213, 223, 1, 1, 167)
(288, 89, 8, 2, 136)
(245, 172, 16, 2, 200)
(244, 196, 7, 1, 194)
(0, 191, 13, 1, 168)
(104, 157, 0, 39, 178)
(215, 59, 7, 3, 196)
(299, 196, 0, 17, 100)
(136, 0, 3, 12, 202)
(203, 124, 2, 10, 134)
(298, 47, 1, 9, 181)
(299, 153, 7, 1, 197)
(112, 222, 67, 0, 111)
(192, 146, 6, 5, 203)
(69, 70, 24, 0, 255)
(299, 198, 0, 0, 178)
(84, 175, 34, 0, 226)
(260, 148, 0, 21, 159)
(269, 139, 5, 4, 145)
(30, 183, 0, 16, 218)
(184, 121, 82, 0, 121)
(25, 216, 99, 0, 236)
(290, 78, 9, 1, 163)
(78, 118, 6, 2, 228)
(284, 188, 7, 6, 167)
(256, 8, 2, 12, 206)
(246, 78, 4, 3, 137)
(245, 150, 1, 5, 175)
(287, 224, 12, 0, 222)
(238, 45, 1, 5, 233)
(179, 155, 8, 9, 54)
(243, 224, 14, 0, 21)
(291, 145, 3, 2, 205)
(278, 73, 0, 29, 240)
(184, 168, 8, 6, 252)
(287, 224, 1, 4, 144)
(93, 218, 17, 0, 69)
(128, 199, 2, 18, 195)
(100, 213, 91, 0, 145)
(299, 122, 0, 0, 247)
(59, 198, 10, 13, 229)
(97, 224, 11, 0, 63)
(12, 156, 7, 10, 74)
(293, 209, 6, 2, 150)
(258, 156, 0, 0, 89)
(114, 48, 5, 6, 67)
(132, 27, 4, 9, 190)
(37, 224, 36, 0, 156)
(126, 127, 65, 0, 0)
(268, 107, 0, 17, 0)
(299, 212, 0, 0, 9)
(21, 224, 4, 1, 138)
(197, 80, 26, 0, 183)
(258, 95, 1, 3, 226)
(42, 115, 14, 6, 172)
(23, 0, 48, 6, 194)
(299, 76, 0, 122, 148)
(176, 177, 2, 5, 122)
(298, 142, 0, 12, 61)
(197, 193, 5, 9, 160)
(268, 103, 2, 7, 241)
(175, 78, 41, 1, 96)
(95, 224, 39, 0, 109)
(42, 145, 2, 11, 234)
(190, 95, 8, 4, 129)
(286, 161, 4, 5, 226)
(67, 203, 153, 0, 79)
(290, 224, 5, 0, 209)
(288, 187, 3, 0, 235)
(237, 81, 3, 11, 193)
(299, 191, 0, 0, 0)
(294, 201, 1, 4, 186)
(287, 218, 2, 2, 112)
(228, 94, 3, 4, 135)
(84, 76, 6, 15, 138)
(222, 203, 13, 2, 210)
(281, 167, 5, 0, 89)
(171, 161, 1, 2, 197)
(198, 201, 79, 0, 22)
(4, 207, 96, 0, 60)
(257, 185, 2, 7, 183)
(240, 222, 3, 2, 111)
(255, 47, 0, 144, 183)
(286, 203, 10, 1, 192)
(209, 207, 32, 0, 152)
(159, 191, 1, 6, 79)
(148, 69, 7, 3, 114)
(299, 200, 0, 0, 219)
(209, 216, 13, 0, 59)
(217, 224, 82, 0, 58)
(293, 215, 3, 1, 161)
(104, 156, 8, 6, 246)
(259, 122, 7, 3, 209)
(281, 19, 2, 4, 150)
(102, 207, 57, 0, 233)
(203, 133, 2, 6, 189)
(136, 177, 163, 0, 48)
(289, 224, 16, 0, 85)
(270, 37, 0, 18, 130)
(250, 224, 4, 0, 212)
(279, 218, 2, 4, 165)
(261, 119, 2, 3, 141)
(241, 54, 0, 79, 70)
(232, 220, 0, 0, 255)
(89, 223, 73, 0, 77)
(289, 147, 3, 4, 125)
(94, 12, 5, 14, 219)
(273, 95, 21, 0, 120)
(220, 90, 0, 77, 24)
(195, 207, 33, 2, 212)
(40, 201, 5, 0, 71)
(83, 224, 0, 0, 88)
(231, 122, 0, 49, 118)
(180, 184, 9, 1, 141)
(299, 18, 0, 109, 50)
(158, 106, 1, 28, 114)
(245, 198, 13, 3, 227)
(91, 194, 163, 0, 133)
(238, 224, 61, 0, 173)
(121, 133, 6, 3, 186)
(246, 101, 9, 4, 212)
(37, 207, 6, 0, 92)
(134, 109, 7, 5, 136)
(126, 196, 1, 6, 135)
(247, 156, 8, 1, 172)
(22, 224, 4, 5, 112)
(49, 216, 74, 0, 102)
(266, 42, 4, 0, 149)
(129, 60, 10, 8, 194)
(102, 220, 11, 2, 209)
(267, 125, 1, 6, 232)
(191, 216, 108, 0, 192)
(297, 45, 2, 3, 216)
(276, 116, 0, 38, 16)
(290, 141, 9, 1, 212)
(299, 43, 0, 30, 137)
(202, 218, 0, 0, 33)
(47, 163, 265, 0, 217)
(203, 50, 0, 82, 23)
(257, 63, 0, 16, 14)
(87, 206, 148, 0, 62)
(153, 195, 45, 0, 0)
(211, 92, 4, 6, 175)
(185, 117, 2, 10, 115)
(259, 119, 0, 0, 210)
(126, 219, 49, 0, 187)
(203, 198, 11, 4, 230)
(166, 151, 8, 5, 177)
(215, 204, 0, 0, 72)
(246, 190, 53, 0, 140)
(154, 61, 2, 8, 138)
(218, 179, 0, 15, 255)
(272, 130, 1, 3, 241)
(157, 148, 2, 8, 81)
(173, 48, 3, 14, 202)
(3, 28, 4, 16, 131)
(275, 222, 2, 2, 185)
(268, 17, 0, 45, 37)
(290, 128, 0, 72, 212)
(250, 91, 0, 0, 134)
(215, 198, 5, 3, 204)
(221, 147, 0, 77, 189)
(299, 224, 0, 0, 205)
(110, 134, 4, 2, 43)
(277, 160, 42, 0, 227)
(148, 115, 82, 0, 185)
(19, 219, 5, 2, 176)
(292, 125, 0, 16, 213)
(256, 51, 0, 99, 179)
(233, 224, 44, 0, 13)
(299, 224, 0, 0, 160)
(239, 209, 21, 2, 186)
(180, 185, 3, 2, 101)
(67, 218, 7, 1, 197)
(235, 181, 0, 22, 96)
(169, 18, 13, 11, 232)
(131, 178, 35, 0, 0)
(273, 153, 4, 6, 175)
(200, 31, 7, 6, 181)
(183, 139, 5, 11, 220)
(118, 123, 6, 6, 167)
(299, 147, 0, 66, 43)
(7, 184, 59, 0, 46)
(299, 8, 0, 104, 229)
(107, 157, 35, 0, 21)
(171, 143, 46, 0, 45)
(150, 211, 10, 2, 250)
(256, 210, 0, 14, 137)
(299, 204, 0, 0, 49)
(292, 218, 2, 2, 103)
(159, 79, 11, 1, 158)
(289, 209, 0, 0, 102)
(163, 224, 17, 0, 88)
(60, 68, 6, 9, 202)
(42, 93, 5, 8, 162)
(175, 221, 92, 0, 0)
(247, 53, 7, 1, 226)
(268, 131, 1, 4, 109)
(299, 194, 0, 0, 148)
(299, 85, 0, 48, 62)
(246, 205, 46, 1, 172)
(283, 149, 7, 2, 207)
(298, 224, 0, 0, 0)
(299, 13, 0, 16, 210)
(244, 122, 28, 0, 206)
(154, 0, 29, 0, 2)
(299, 73, 0, 19, 2)
(131, 108, 0, 132, 135)
(299, 216, 0, 6, 188)
(13, 203, 12, 9, 191)
(144, 158, 115, 0, 233)
(161, 142, 9, 3, 92)
(299, 176, 0, 0, 39)
(216, 69, 2, 15, 177)
(176, 86, 12, 2, 160)
(231, 217, 0, 0, 85)
(61, 50, 83, 0, 10)
(209, 84, 1, 29, 138)
(248, 30, 3, 6, 239)
(265, 138, 16, 1, 208)
(12, 224, 7, 1, 218)
(286, 126, 4, 1, 241)
(172, 41, 5, 6, 153)
(179, 28, 7, 9, 190)
(192, 95, 11, 2, 164)
(204, 67, 0, 29, 98)
(298, 224, 0, 0, 228)
(141, 115, 0, 0, 225)
(210, 93, 0, 19, 8)
(242, 148, 3, 3, 240)
(232, 170, 0, 23, 18)
(153, 125, 3, 2, 213)
(157, 87, 20, 3, 150)
(180, 194, 8, 2, 109)
(299, 184, 0, 46, 98)
(291, 209, 0, 0, 0)
(242, 26, 12, 3, 177)
(291, 82, 8, 1, 196)
(27, 224, 176, 0, 138)
(274, 140, 0, 69, 83)
(222, 218, 9, 1, 168)
(92, 224, 94, 0, 47)
(172, 206, 10, 2, 231)
(249, 111, 3, 5, 158)
(299, 152, 0, 5, 31)
(203, 219, 7, 0, 123)
(73, 167, 5, 1, 254)
(234, 44, 6, 6, 214)
(299, 198, 0, 0, 241)
(299, 32, 0, 170, 156)
(207, 224, 21, 0, 243)
(243, 164, 29, 4, 224)
(299, 2, 0, 30, 175)
(280, 176, 4, 13, 212)
(294, 173, 0, 0, 167)
(278, 124, 0, 11, 115)
(114, 224, 0, 0, 31)
(207, 170, 4, 3, 200)
(213, 216, 7, 2, 198)
(189, 224, 0, 0, 56)
(112, 198, 127, 0, 218)
(292, 75, 4, 1, 217)
(179, 188, 3, 2, 224)
(120, 223, 64, 0, 247)
(183, 47, 86, 0, 116)
(269, 224, 0, 0, 83)
(299, 128, 0, 27, 43)
(147, 159, 25, 0, 155)
(288, 74, 0, 133, 250)
(213, 195, 2, 2, 145)
(169, 224, 66, 0, 67)
(94, 224, 104, 0, 60)
(115, 44, 29, 3, 180)
(148, 224, 12, 0, 85)
(274, 161, 21, 0, 136)
(269, 88, 3, 3, 203)
(253, 132, 3, 5, 149)
(90, 142, 34, 5, 203)
(53, 224, 210, 0, 247)
(276, 51, 0, 89, 154)
(264, 0, 1, 6, 152)
(222, 224, 77, 0, 175)
(260, 64, 19, 0, 117)
(299, 212, 0, 0, 207)
(298, 85, 1, 0, 24)
(13, 224, 104, 0, 14)
(103, 216, 198, 0, 7)
(299, 189, 0, 9, 22)
(275, 204, 0, 0, 189)
(275, 175, 24, 0, 45)
(57, 59, 0, 1, 84)
(25, 191, 206, 0, 30)
(192, 196, 8, 2, 211)
(262, 152, 3, 4, 172)
(249, 106, 21, 0, 194)
(48, 220, 8, 3, 180)
(234, 96, 2, 6, 190)
(209, 68, 2, 6, 206)
(249, 187, 27, 0, 91)
(267, 181, 9, 2, 190)
(141, 124, 26, 1, 113)
(155, 177, 1, 12, 196)
(97, 130, 2, 9, 242)
(260, 97, 0, 45, 37)
(277, 212, 9, 1, 146)
(283, 215, 0, 9, 95)
(261, 210, 38, 0, 37)
(247, 73, 3, 2, 228)
(299, 127, 0, 0, 106)
(266, 97, 0, 0, 58)
(297, 25, 0, 135, 41)
(278, 87, 0, 18, 190)
(230, 98, 31, 0, 106)
(299, 207, 0, 0, 151)
(252, 16, 0, 122, 57)
(88, 86, 4, 23, 82)
(289, 57, 5, 6, 208)
(185, 108, 19, 1, 93)
(40, 192, 24, 3, 222)
(299, 202, 0, 0, 141)
(269, 71, 0, 6, 165)
(148, 54, 13, 2, 152)
(194, 50, 0, 8, 38)
(262, 201, 9, 0, 137)
(299, 4, 0, 142, 64)
(140, 204, 0, 15, 77)
(292, 209, 0, 0, 251)
(229, 119, 35, 0, 95)
(11, 204, 113, 0, 106)
(262, 168, 0, 6, 179)
(0, 101, 10, 9, 97)
(299, 139, 0, 42, 79)
(178, 156, 12, 1, 67)
(57, 224, 72, 0, 234)
(256, 165, 24, 0, 130)
(299, 97, 0, 78, 238)
(265, 224, 8, 0, 230)
(198, 137, 2, 15, 97)
(175, 107, 10, 11, 182)
(288, 167, 21, 0, 0)
(299, 59, 0, 75, 150)
(135, 215, 5, 9, 188)
(233, 11, 2, 2, 200)
(253, 194, 0, 10, 187)
(299, 145, 0, 0, 213)
(211, 118, 1, 6, 196)
(19, 218, 19, 0, 122)
(49, 224, 65, 0, 27)
(252, 155, 0, 29, 56)
(66, 224, 125, 0, 86)
(299, 183, 0, 8, 73)
(268, 172, 2, 16, 214)
(196, 181, 2, 2, 145)
(269, 214, 30, 0, 208)
(43, 224, 52, 0, 158)
(130, 203, 3, 2, 141)
(98, 201, 5, 1, 162)
(275, 56, 5, 2, 161)
(58, 22, 19, 7, 219)
(273, 86, 7, 1, 194)
(270, 167, 0, 13, 151)
(182, 102, 14, 0, 10)
(118, 151, 65, 0, 6)
(252, 223, 2, 15, 221)
(203, 155, 1, 2, 135)
(244, 224, 8, 0, 86)
(244, 224, 37, 0, 94)
(261, 123, 0, 6, 137)
(299, 93, 0, 58, 207)
(261, 173, 13, 1, 221)
(280, 137, 2, 5, 212)
(262, 222, 25, 0, 195)
(177, 224, 106, 0, 86)
(188, 203, 61, 0, 139)
(139, 207, 72, 0, 82)
(214, 33, 2, 4, 183)
(58, 198, 10, 9, 237)
(108, 168, 6, 0, 92)
(233, 10, 8, 6, 193)
(26, 209, 10, 1, 215)
(295, 224, 4, 0, 109)
(130, 169, 2, 15, 220)
(25, 217, 244, 0, 255)
(299, 138, 0, 0, 183)
(210, 76, 2, 15, 106)
(124, 17, 5, 25, 169)
(241, 198, 0, 26, 101)
(261, 203, 26, 0, 52)
(97, 166, 0, 12, 208)
(58, 199, 241, 0, 249)
(121, 158, 145, 0, 54)
(291, 224, 4, 0, 47)
(133, 203, 0, 0, 44)
(285, 199, 0, 10, 85)
(251, 96, 5, 1, 160)
(122, 60, 2, 8, 85)
(290, 93, 1, 7, 222)
(104, 83, 5, 26, 222)
(298, 215, 3, 2, 126)
(33, 187, 18, 3, 172)
(140, 0, 4, 21, 145)
(237, 21, 1, 9, 196)
(230, 224, 0, 0, 65)
(199, 224, 0, 0, 204)
(107, 0, 0, 14, 93)
(220, 218, 0, 0, 235)
(274, 224, 10, 0, 187)
(145, 80, 4, 8, 156)
(175, 117, 27, 0, 208)
(28, 212, 99, 0, 19)
(299, 41, 0, 90, 135)
(275, 137, 0, 66, 9)
(64, 49, 1, 6, 91)
(280, 221, 0, 0, 196)
(299, 86, 0, 145, 6)
(299, 224, 10, 0, 199)
(260, 63, 5, 6, 233)
(239, 187, 4, 4, 210)
(204, 192, 8, 0, 133)
(188, 169, 24, 2, 236)
(152, 162, 2, 17, 250)
(287, 0, 0, 18, 156)
(281, 19, 15, 1, 175)
(0, 224, 162, 0, 235)
(69, 69, 5, 2, 99)
(249, 202, 11, 0, 142)
(237, 115, 0, 107, 241)
(39, 35, 33, 3, 186)
(299, 201, 0, 0, 137)
(187, 123, 1, 7, 165)
(267, 168, 25, 0, 182)
(224, 136, 7, 5, 225)
(204, 206, 0, 13, 183)
(192, 181, 68, 0, 56)
(194, 163, 1, 0, 128)
(299, 165, 0, 18, 197)
(152, 211, 0, 0, 146)
(267, 112, 0, 88, 88)
(222, 216, 3, 0, 215)
(116, 41, 3, 5, 199)
(226, 209, 1, 4, 181)
(126, 150, 20, 0, 23)
(134, 214, 0, 0, 51)
(118, 212, 181, 0, 17)
(240, 188, 4, 0, 18)
(248, 114, 32, 0, 211)
(273, 101, 0, 24, 59)
(63, 224, 233, 0, 174)
(126, 57, 4, 3, 118)
(299, 177, 0, 10, 34)
(237, 201, 30, 0, 202)
(137, 223, 4, 0, 53)
(34, 177, 110, 0, 137)
(279, 224, 0, 11, 32)
(224, 108, 9, 5, 162)
(73, 59, 3, 10, 226)
(242, 164, 15, 0, 117)
(279, 112, 0, 0, 85)
(173, 184, 0, 7, 78)
(281, 177, 15, 0, 65)
(231, 176, 25, 1, 244)
(223, 90, 3, 5, 198)
(206, 134, 0, 17, 87)
(153, 91, 0, 134, 190)
(263, 70, 4, 5, 230)
(251, 179, 14, 0, 153)
(126, 224, 170, 0, 142)
(0, 70, 11, 7, 65)
(282, 202, 4, 6, 163)
(287, 204, 0, 3, 218)
(253, 224, 0, 0, 110)
(142, 222, 10, 0, 6)
(299, 171, 0, 8, 91)
(293, 84, 4, 2, 217)
(195, 215, 48, 0, 13)
(299, 173, 0, 0, 234)
(238, 174, 25, 0, 0)
(0, 224, 225, 0, 126)
(281, 0, 0, 175, 210)
(269, 37, 0, 44, 219)
(286, 111, 0, 78, 219)
(299, 48, 0, 103, 167)
(183, 224, 28, 0, 146)
(259, 105, 0, 0, 222)
(153, 57, 0, 78, 84)
(291, 211, 0, 20, 101)
(147, 158, 0, 61, 88)
(55, 214, 27, 1, 199)
(0, 140, 201, 0, 89)
(46, 224, 207, 0, 255)
(299, 26, 0, 123, 242)
(257, 221, 25, 0, 234)
(18, 181, 207, 0, 144)
(0, 202, 40, 0, 69)
(32, 130, 29, 1, 211)
(184, 105, 12, 3, 210)
(0, 83, 15, 3, 112)
(224, 221, 2, 3, 160)
(227, 208, 0, 16, 63)
(108, 108, 1, 27, 189)
(250, 169, 7, 0, 57)
(271, 124, 1, 4, 142)
(219, 182, 0, 0, 177)
(184, 112, 8, 10, 121)
(73, 221, 74, 0, 170)
(299, 119, 0, 68, 193)
(299, 15, 0, 163, 218)
(67, 205, 2, 3, 245)
(267, 179, 0, 0, 62)
(299, 55, 0, 0, 162)
(113, 224, 91, 0, 107)
(297, 111, 20, 6, 219)
(299, 117, 0, 0, 164)
(250, 146, 6, 2, 168)
(83, 224, 140, 0, 210)
(98, 100, 2, 13, 123)
(251, 204, 2, 1, 191)
(195, 67, 1, 10, 131)
(94, 215, 8, 3, 229)
(299, 188, 0, 25, 190)
(45, 207, 6, 3, 197)
(44, 224, 124, 0, 64)
(260, 205, 0, 7, 168)
(233, 187, 8, 3, 214)
(299, 191, 0, 24, 106)
(111, 191, 1, 1, 97)
(256, 114, 0, 20, 111)
(224, 81, 3, 5, 200)
(287, 108, 3, 6, 166)
(110, 204, 11, 1, 144)
(0, 139, 5, 3, 144)
(245, 224, 5, 3, 124)
(207, 193, 3, 5, 217)
(278, 209, 0, 9, 193)
(8, 224, 206, 0, 94)
(210, 224, 0, 0, 31)
(242, 94, 6, 3, 221)
(274, 93, 5, 1, 193)
(245, 222, 0, 0, 15)
(272, 77, 3, 5, 235)
(260, 109, 8, 1, 163)
(142, 201, 128, 0, 165)
(292, 210, 1, 4, 178)
(236, 53, 4, 3, 165)
(120, 217, 0, 5, 95)
(216, 222, 3, 2, 160)
(241, 219, 0, 0, 164)
(155, 76, 4, 8, 114)
(41, 224, 73, 0, 7)
(129, 215, 0, 0, 248)
(86, 213, 162, 0, 64)
(189, 71, 3, 4, 155)
(25, 202, 280, 0, 18)
(99, 220, 39, 0, 227)
(78, 58, 7, 4, 145)
(131, 94, 2, 15, 94)
(124, 224, 102, 0, 213)
(290, 113, 0, 4, 53)
(267, 89, 0, 58, 67)
(167, 176, 4, 9, 134)
(172, 132, 1, 25, 129)
(277, 39, 3, 2, 229)
(67, 220, 15, 2, 160)
(105, 224, 110, 0, 223)
(230, 158, 29, 1, 210)
(299, 171, 0, 32, 151)
(110, 205, 171, 0, 84)
(58, 224, 72, 0, 220)
(270, 224, 0, 0, 144)
(102, 186, 3, 9, 153)
(298, 138, 1, 5, 212)
(285, 135, 4, 1, 187)
(293, 100, 0, 36, 49)
(263, 195, 0, 16, 224)
(245, 116, 6, 2, 200)
(276, 55, 0, 58, 238)
(124, 111, 13, 2, 174)
(232, 121, 1, 9, 87)
(99, 64, 3, 16, 192)
(243, 41, 0, 0, 196)
(283, 200, 0, 9, 175)
(278, 0, 1, 5, 141)
(288, 201, 1, 5, 187)
(297, 211, 34, 0, 142)
(217, 195, 9, 0, 51)
(281, 163, 3, 5, 204)
(224, 212, 6, 3, 194)
(239, 137, 3, 14, 177)
(205, 179, 8, 7, 229)
(236, 224, 0, 0, 197)
(299, 38, 0, 140, 60)
(262, 47, 0, 46, 162)
(78, 224, 199, 0, 170)
(299, 92, 0, 93, 114)
(96, 209, 136, 0, 144)
(281, 59, 0, 75, 162)
(214, 70, 2, 6, 211)
(235, 143, 7, 3, 219)
(271, 72, 19, 0, 0)
(16, 91, 10, 9, 85)
(215, 101, 11, 7, 158)
(52, 57, 5, 0, 37)
(90, 178, 23, 1, 234)
(296, 65, 3, 2, 187)
(42, 188, 74, 0, 59)
(124, 224, 89, 0, 69)
(78, 166, 7, 1, 69)
(12, 222, 185, 0, 236)
(256, 202, 0, 4, 135)
(263, 222, 6, 0, 169)
(268, 125, 21, 0, 40)
(283, 224, 4, 0, 223)
(162, 189, 0, 0, 64)
(26, 209, 248, 0, 52)
(294, 134, 11, 1, 225)
(272, 197, 5, 4, 189)
(144, 6, 8, 6, 189)
(184, 203, 44, 0, 107)
(236, 137, 0, 0, 43)
(68, 172, 2, 4, 183)
(299, 0, 0, 3, 242)
(299, 111, 0, 96, 164)
(295, 0, 4, 0, 253)
(229, 49, 6, 0, 158)
(247, 182, 3, 0, 184)
(251, 94, 0, 1, 44)
(291, 223, 5, 1, 123)
(259, 147, 1, 5, 177)
(76, 160, 9, 3, 117)
(299, 216, 0, 8, 96)
(282, 161, 0, 9, 201)
(289, 34, 0, 147, 186)
(31, 184, 12, 0, 244)
(273, 177, 17, 1, 214)
(234, 186, 0, 4, 126)
(165, 174, 4, 9, 139)
(109, 189, 0, 0, 77)
(92, 224, 17, 4, 192)
(106, 224, 0, 0, 183)
(109, 170, 125, 0, 84)
(80, 46, 169, 0, 81)
(117, 89, 1, 15, 86)
(121, 208, 7, 2, 162)
(239, 194, 21, 2, 172)
(244, 112, 19, 0, 72)
(11, 210, 128, 0, 68)
(284, 133, 3, 2, 234)
(299, 224, 0, 0, 8)
(274, 166, 3, 3, 187)
(299, 164, 0, 1, 248)
(218, 179, 71, 0, 0)
(78, 175, 13, 1, 107)
(189, 197, 2, 3, 214)
(153, 44, 14, 6, 201)
(269, 112, 13, 2, 229)
(299, 224, 0, 0, 0)
(168, 213, 1, 2, 190)
(296, 110, 0, 56, 84)
(221, 0, 10, 26, 228)
(12, 197, 255, 0, 241)
(106, 208, 1, 11, 234)
(185, 204, 114, 0, 192)
(114, 147, 5, 4, 199)
(120, 218, 6, 9, 194)
(289, 81, 0, 41, 108)
(254, 182, 0, 51, 204)
(281, 77, 1, 9, 205)
(130, 224, 0, 0, 41)
(125, 219, 174, 0, 206)
(257, 164, 5, 3, 207)
(280, 224, 0, 0, 40)
(267, 164, 0, 15, 128)
(189, 224, 22, 0, 219)
(78, 221, 30, 0, 208)
(218, 176, 0, 40, 165)
(241, 195, 10, 0, 16)
(234, 35, 0, 29, 76)
(176, 93, 16, 8, 124)
(248, 32, 26, 0, 41)
(273, 224, 26, 0, 100)
(270, 207, 0, 8, 173)
(66, 224, 53, 0, 223)
(250, 146, 11, 1, 191)
(117, 164, 14, 1, 81)
(104, 185, 4, 5, 206)
(150, 155, 0, 0, 21)
(277, 151, 0, 0, 181)
(299, 196, 0, 18, 198)
(148, 216, 8, 2, 204)
(181, 220, 30, 0, 208)
(299, 185, 0, 20, 27)
(227, 224, 0, 0, 0)
(191, 217, 15, 4, 193)
(93, 209, 3, 6, 206)
(144, 187, 2, 9, 177)
(203, 98, 44, 0, 47)
(161, 153, 3, 7, 103)
(179, 221, 14, 1, 208)
(298, 224, 1, 0, 153)
(31, 197, 39, 0, 0)
(0, 223, 4, 1, 152)
(246, 105, 3, 3, 167)
(84, 224, 113, 0, 0)
(229, 106, 0, 0, 120)
(299, 218, 0, 0, 86)
(196, 223, 7, 1, 167)
(41, 22, 3, 11, 149)
(73, 223, 17, 1, 184)
(272, 224, 0, 0, 151)
(299, 102, 0, 72, 99)
(154, 224, 28, 0, 60)
(295, 56, 0, 112, 255)
(276, 184, 23, 0, 62)
(172, 223, 11, 13, 183)
(293, 49, 2, 4, 229)
(12, 224, 35, 0, 253)
(147, 219, 32, 1, 203)
(0, 178, 91, 0, 65)
(231, 50, 0, 18, 175)
(42, 145, 49, 1, 203)
(265, 5, 17, 0, 211)
(299, 224, 0, 0, 194)
(67, 169, 24, 0, 89)
(257, 200, 0, 17, 255)
(245, 20, 5, 3, 198)
(279, 176, 20, 0, 113)
(269, 19, 3, 13, 210)
(34, 205, 256, 0, 133)
(213, 214, 0, 0, 186)
(296, 197, 2, 2, 176)
(299, 148, 0, 69, 250)
(287, 93, 2, 2, 216)
(204, 161, 1, 30, 243)
(282, 167, 0, 28, 57)
(287, 27, 0, 139, 9)
(69, 223, 8, 1, 169)
(57, 163, 5, 4, 126)
(77, 82, 3, 10, 177)
(78, 224, 155, 0, 151)
(83, 154, 15, 2, 159)
(299, 197, 0, 1, 131)
(159, 160, 1, 8, 75)
(286, 140, 0, 19, 19)
(129, 223, 8, 1, 190)
(299, 209, 0, 13, 113)
(196, 224, 0, 0, 99)
(299, 143, 0, 15, 20)
(214, 153, 2, 2, 236)
(189, 216, 110, 0, 3)
(220, 108, 1, 1, 234)
(221, 224, 0, 0, 15)
(207, 167, 31, 3, 241)
(277, 28, 0, 139, 65)
(297, 208, 2, 4, 148)
(93, 176, 22, 2, 177)
(251, 44, 0, 108, 76)
(82, 142, 37, 1, 236)
(251, 224, 48, 0, 179)
(34, 196, 184, 0, 86)
(299, 50, 0, 76, 204)
(253, 224, 21, 0, 0)
(175, 113, 2, 2, 141)
(0, 224, 0, 0, 33)
(261, 191, 0, 27, 112)
(71, 189, 40, 0, 148)
(109, 21, 1, 13, 209)
(137, 224, 162, 0, 170)
(125, 142, 4, 3, 84)
(272, 99, 0, 125, 138)
(257, 202, 3, 2, 158)
(284, 178, 0, 17, 214)
(215, 191, 18, 2, 218)
(171, 158, 3, 12, 239)
(62, 1, 0, 0, 20)
(209, 162, 8, 2, 90)
(42, 160, 165, 0, 240)
(299, 0, 1, 4, 145)
(30, 224, 62, 0, 147)
(259, 202, 30, 0, 169)
(279, 166, 0, 29, 50)
(249, 159, 7, 1, 165)
(208, 154, 0, 4, 233)
(247, 195, 33, 0, 166)
(93, 205, 5, 1, 134)
(290, 219, 0, 5, 130)
(246, 157, 9, 1, 198)
(105, 157, 9, 2, 196)
(93, 224, 19, 0, 76)
(254, 190, 49, 0, 35)
(249, 192, 0, 50, 0)
(276, 185, 1, 14, 174)
(143, 202, 120, 0, 74)
(257, 46, 32, 0, 12)
(213, 201, 6, 5, 228)
(299, 130, 0, 75, 224)
(101, 141, 14, 1, 143)
(169, 211, 18, 0, 99)
(281, 190, 5, 1, 170)
(287, 207, 0, 0, 33)
(193, 224, 9, 13, 163)
(195, 107, 12, 1, 118)
(255, 66, 3, 3, 157)
(272, 55, 0, 0, 16)
(261, 194, 12, 2, 188)
(188, 224, 23, 0, 191)
(18, 208, 114, 0, 33)
(143, 159, 9, 0, 106)
(273, 143, 0, 19, 34)
(147, 112, 5, 12, 83)
(272, 163, 0, 9, 183)
(8, 104, 8, 5, 115)
(299, 172, 0, 2, 75)
(276, 154, 8, 3, 207)
(134, 165, 73, 0, 92)
(253, 136, 17, 0, 104)
(291, 91, 5, 2, 169)
(121, 224, 7, 0, 211)
(298, 190, 0, 0, 53)
(260, 27, 2, 22, 166)
(176, 147, 15, 2, 238)
(181, 122, 0, 34, 167)
(298, 83, 10, 1, 229)
(263, 56, 0, 32, 65)
(221, 61, 2, 11, 140)
(214, 182, 0, 0, 156)
(264, 11, 8, 2, 199)
(299, 163, 0, 16, 131)
(288, 35, 9, 1, 224)
(291, 0, 8, 6, 162)
(224, 110, 0, 37, 206)
(59, 224, 0, 8, 102)
(8, 96, 0, 10, 105)
(24, 79, 12, 13, 121)
(281, 204, 0, 0, 207)
(119, 214, 131, 0, 205)
(298, 163, 0, 30, 255)
(79, 161, 0, 0, 203)
(256, 203, 5, 0, 120)
(276, 171, 0, 18, 147)
(191, 224, 38, 0, 54)
(278, 124, 5, 2, 114)
(24, 216, 85, 0, 64)
(51, 215, 104, 0, 210)
(281, 14, 0, 100, 170)
(93, 97, 26, 0, 175)
(208, 37, 3, 14, 171)
(299, 205, 0, 14, 137)
(230, 216, 0, 0, 102)
(132, 198, 84, 0, 232)
(242, 56, 3, 5, 225)
(298, 125, 0, 78, 0)
(110, 68, 0, 97, 209)
(30, 220, 79, 0, 166)
(111, 18, 8, 4, 169)
(299, 0, 0, 111, 51)
(224, 173, 0, 23, 77)
(247, 25, 1, 8, 125)
(251, 152, 0, 83, 134)
(287, 77, 0, 75, 111)
(105, 224, 20, 0, 121)
(182, 102, 5, 4, 143)
(241, 51, 0, 135, 53)
(173, 125, 3, 2, 196)
(5, 65, 141, 0, 163)
(121, 169, 35, 0, 205)
(285, 0, 0, 0, 133)
(99, 162, 0, 19, 112)
(281, 145, 18, 0, 132)
(285, 215, 0, 9, 184)
(127, 158, 4, 11, 84)
(296, 191, 0, 5, 0)
(170, 187, 0, 0, 113)
(293, 97, 0, 77, 129)
(58, 213, 173, 0, 210)
(292, 224, 0, 0, 170)
(299, 189, 0, 0, 248)
(220, 148, 5, 1, 230)
(23, 109, 1, 8, 178)
(175, 208, 0, 22, 63)
(126, 27, 4, 3, 102)
(299, 177, 0, 14, 224)
(274, 15, 0, 3, 24)
(19, 35, 10, 13, 196)
(106, 138, 145, 0, 173)
(193, 11, 0, 165, 40)
(298, 135, 2, 3, 175)
(253, 97, 0, 107, 54)
(31, 71, 4, 2, 107)
(276, 120, 0, 56, 236)
(219, 224, 0, 0, 141)
(268, 14, 8, 2, 157)
(135, 224, 168, 0, 0)
(268, 35, 9, 2, 227)
(270, 166, 2, 1, 197)
(132, 38, 23, 1, 157)
(258, 63, 3, 3, 167)
(267, 104, 0, 0, 215)
(79, 68, 196, 0, 29)
(299, 85, 0, 131, 104)
(115, 77, 1, 3, 115)
(299, 11, 0, 176, 127)
(263, 186, 0, 0, 166)
(290, 46, 10, 0, 78)
(180, 183, 7, 1, 152)
(186, 151, 5, 1, 173)
(299, 3, 0, 65, 18)
(241, 219, 23, 0, 255)
(257, 206, 0, 0, 129)
(278, 179, 2, 5, 206)
(158, 224, 45, 0, 114)
(1, 35, 46, 0, 53)
(211, 188, 0, 17, 70)
(238, 206, 59, 0, 193)
(239, 98, 0, 77, 134)
(190, 19, 32, 2, 227)
(64, 43, 26, 1, 179)
(10, 217, 142, 0, 169)
(299, 104, 0, 13, 103)
(203, 126, 1, 5, 109)
(90, 221, 105, 0, 190)
(20, 193, 169, 0, 48)
(299, 6, 0, 87, 166)
(289, 145, 3, 1, 202)
(90, 154, 42, 0, 6)
(31, 141, 8, 3, 207)
(254, 224, 0, 0, 104)
(82, 192, 164, 0, 110)
(299, 135, 0, 49, 84)
(293, 197, 0, 2, 248)
(190, 120, 109, 0, 164)
(190, 215, 29, 0, 5)
(256, 158, 9, 1, 224)
(250, 194, 30, 0, 237)
(286, 137, 5, 1, 233)
(206, 138, 1, 4, 116)
(296, 190, 3, 0, 91)
(251, 39, 3, 1, 221)
(158, 203, 5, 2, 227)
(299, 81, 0, 25, 208)
(221, 102, 0, 12, 196)
(47, 224, 109, 0, 51)
(250, 129, 3, 1, 191)
(0, 224, 157, 0, 218)
(283, 149, 0, 0, 219)
(266, 217, 0, 0, 126)
(48, 180, 7, 10, 189)
(228, 224, 30, 0, 247)
(12, 75, 1, 9, 162)
(261, 127, 0, 50, 21)
(179, 145, 2, 7, 250)
(262, 215, 37, 0, 83)
(299, 57, 0, 1, 176)
(282, 156, 8, 2, 175)
(66, 224, 0, 0, 81)
(182, 175, 35, 3, 239)
(284, 52, 3, 2, 136)
(18, 217, 216, 0, 156)
(289, 208, 0, 7, 94)
(218, 123, 3, 1, 232)
(42, 97, 4, 6, 198)
(273, 209, 0, 16, 124)
(283, 57, 0, 69, 151)
(232, 67, 15, 2, 196)
(79, 173, 0, 16, 99)
(271, 224, 10, 0, 124)
(74, 224, 170, 0, 177)
(166, 70, 0, 8, 42)
(229, 207, 18, 3, 185)
(256, 143, 18, 0, 221)
(0, 224, 159, 0, 207)
(249, 104, 2, 2, 248)
(292, 201, 1, 1, 125)
(204, 192, 18, 0, 100)
(0, 115, 3, 8, 140)
(291, 213, 0, 11, 255)
(219, 224, 27, 0, 43)
(278, 201, 8, 1, 178)
(92, 59, 6, 12, 207)
(265, 51, 3, 2, 152)
(254, 71, 35, 0, 211)
(6, 182, 16, 4, 83)
(245, 221, 9, 1, 150)
(197, 90, 3, 6, 112)
(91, 148, 3, 5, 89)
(266, 7, 4, 2, 166)
(286, 216, 19, 0, 193)
(299, 61, 0, 0, 201)
(299, 45, 0, 12, 229)
(256, 153, 0, 1, 164)
(275, 193, 0, 13, 221)
(231, 224, 0, 0, 76)
(198, 170, 7, 1, 251)
(272, 195, 8, 1, 166)
(259, 137, 0, 10, 2)
(239, 147, 0, 86, 0)
(261, 200, 3, 3, 214)
(27, 202, 114, 0, 172)
(249, 191, 0, 10, 224)
(57, 174, 1, 6, 133)
(3, 180, 11, 1, 187)
(0, 224, 1, 1, 120)
(283, 224, 16, 0, 126)
(299, 107, 0, 41, 177)
(109, 168, 16, 3, 222)
(157, 193, 1, 1, 91)
(223, 28, 3, 14, 191)
(295, 149, 0, 15, 70)
(165, 196, 1, 3, 192)
(112, 204, 0, 0, 198)
(106, 186, 2, 5, 148)
(280, 224, 0, 9, 255)
(113, 91, 9, 2, 160)
(212, 117, 5, 2, 207)
(171, 205, 0, 3, 31)
(203, 224, 0, 0, 255)
(227, 206, 0, 0, 33)
(47, 224, 11, 0, 85)
(221, 33, 4, 3, 225)
(269, 129, 1, 5, 106)
(283, 124, 8, 1, 148)
(249, 203, 17, 0, 169)
(283, 224, 0, 0, 172)
(213, 13, 0, 0, 7)
(196, 224, 36, 0, 59)
(54, 224, 5, 0, 132)
(299, 165, 0, 19, 112)
(179, 5, 45, 7, 224)
(230, 195, 26, 0, 26)
(299, 84, 6, 3, 172)
(256, 224, 0, 0, 203)
(165, 97, 1, 19, 178)
(286, 203, 0, 4, 89)
(295, 102, 0, 121, 54)
(100, 28, 4, 11, 173)
(299, 211, 11, 2, 149)
(249, 27, 0, 175, 112)
(299, 25, 0, 47, 84)
(265, 219, 0, 5, 65)
(43, 39, 5, 9, 207)
(113, 104, 35, 0, 186)
(245, 38, 1, 25, 197)
(0, 108, 114, 0, 177)
(224, 68, 3, 1, 212)
(12, 224, 191, 0, 99)
(22, 169, 164, 0, 183)
(288, 193, 25, 0, 81)
(299, 3, 0, 139, 210)
(245, 224, 0, 0, 50)
(138, 151, 0, 19, 205)
(244, 178, 43, 0, 43)
(24, 103, 2, 24, 174)
(238, 74, 3, 10, 153)
(86, 224, 83, 0, 223)
(96, 65, 3, 7, 132)
(149, 147, 1, 24, 218)
(273, 185, 17, 0, 62)
(205, 65, 23, 0, 203)
(292, 182, 0, 42, 0)
(186, 174, 0, 0, 205)
(52, 224, 144, 0, 157)
(235, 219, 1, 5, 154)
(299, 211, 0, 9, 179)
(277, 140, 0, 8, 152)
(43, 53, 5, 9, 110)
(25, 96, 10, 2, 181)
(299, 200, 0, 0, 174)
(134, 167, 19, 0, 247)
(299, 63, 0, 7, 45)
(183, 54, 2, 7, 111)
(122, 84, 2, 11, 216)
(137, 33, 1, 13, 113)
(290, 175, 2, 0, 214)
(245, 117, 1, 8, 142)
(290, 155, 0, 19, 47)
(203, 182, 1, 11, 241)
(264, 224, 1, 10, 117)
(208, 157, 5, 2, 211)
(196, 151, 3, 2, 191)
(281, 181, 0, 43, 238)
(281, 189, 0, 38, 14)
(250, 223, 4, 1, 195)
(288, 189, 2, 3, 165)
(87, 224, 124, 0, 163)
(47, 212, 1, 9, 217)
(291, 158, 0, 34, 167)
(34, 185, 12, 2, 168)
(299, 139, 0, 85, 77)
(108, 224, 131, 0, 230)
(270, 224, 0, 0, 220)
(38, 43, 85, 0, 103)
(110, 224, 124, 0, 124)
(284, 224, 0, 8, 155)
(53, 224, 58, 0, 168)
(173, 224, 79, 0, 141)
(158, 51, 3, 5, 138)
(277, 21, 0, 170, 221)
(243, 23, 0, 44, 236)
(209, 108, 0, 33, 204)
(245, 202, 19, 0, 51)
(266, 186, 28, 0, 144)
(63, 143, 10, 1, 142)
(80, 221, 16, 3, 182)
(299, 224, 2, 1, 88)
(208, 128, 10, 2, 115)
(289, 83, 0, 22, 217)
(296, 220, 0, 4, 177)
(280, 27, 8, 1, 217)
(254, 207, 1, 3, 188)
(75, 109, 206, 0, 170)
(284, 44, 1, 9, 225)
(277, 77, 0, 14, 160)
(147, 195, 140, 0, 193)
(218, 110, 34, 0, 192)
(231, 162, 9, 3, 113)
(152, 224, 0, 7, 0)
(197, 210, 8, 3, 238)
(245, 218, 1, 7, 146)
(216, 113, 5, 6, 107)
(244, 86, 0, 85, 41)
(112, 115, 0, 18, 36)
(236, 201, 25, 0, 27)
(112, 178, 1, 10, 228)
(273, 131, 0, 87, 12)
(287, 208, 2, 2, 159)
(44, 211, 61, 0, 84)
(114, 117, 18, 5, 224)
(262, 47, 0, 45, 156)
(296, 223, 1, 1, 104)
(289, 117, 0, 0, 158)
(221, 212, 0, 0, 222)
(238, 174, 0, 18, 201)
(233, 134, 1, 7, 232)
(28, 188, 52, 0, 200)
(102, 151, 1, 11, 178)
(299, 133, 0, 0, 85)
(275, 195, 2, 0, 83)
(299, 215, 0, 0, 255)
(194, 143, 0, 0, 229)
(236, 54, 46, 0, 204)
(276, 119, 5, 0, 104)
(93, 217, 166, 0, 22)
(279, 102, 11, 3, 159)
(97, 164, 3, 1, 184)
(293, 119, 0, 99, 243)
(155, 206, 141, 0, 209)
(233, 205, 13, 0, 225)
(262, 137, 0, 0, 157)
(272, 224, 11, 0, 212)
(299, 116, 0, 79, 25)
(255, 212, 0, 0, 211)
(254, 224, 15, 0, 132)
(277, 224, 1, 18, 186)
(43, 214, 100, 0, 186)
(247, 75, 14, 3, 144)
(157, 224, 10, 0, 123)
(234, 66, 2, 17, 132)
(299, 130, 0, 0, 141)
(92, 224, 29, 0, 84)
(205, 66, 4, 12, 139)
(157, 224, 142, 0, 247)
(279, 82, 2, 4, 227)
(152, 158, 8, 2, 168)
(135, 224, 6, 0, 230)
(8, 196, 63, 0, 46)
(203, 213, 8, 2, 209)
(82, 221, 100, 0, 68)
(150, 206, 15, 1, 167)
(275, 180, 0, 0, 83)
(272, 36, 1, 2, 196)
(172, 68, 5, 1, 177)
(263, 49, 0, 107, 184)
(270, 0, 1, 2, 127)
(158, 220, 87, 0, 83)
(216, 224, 64, 0, 39)
(250, 196, 0, 21, 188)
(38, 224, 149, 0, 98)
(68, 161, 7, 1, 52)
(289, 216, 1, 2, 125)
(67, 103, 4, 13, 64)
(293, 185, 1, 6, 157)
(290, 112, 1, 13, 197)
(49, 136, 0, 40, 16)
(298, 198, 1, 12, 161)
(149, 212, 4, 3, 248)
(108, 207, 57, 0, 80)
(290, 207, 4, 1, 240)
(299, 223, 0, 0, 105)
(103, 57, 4, 16, 118)
(278, 170, 0, 17, 80)
(261, 88, 0, 0, 215)
(279, 69, 3, 8, 153)
(284, 207, 2, 5, 172)
(219, 127, 3, 1, 253)
(230, 224, 49, 0, 121)
(296, 217, 0, 7, 207)
(160, 58, 24, 0, 185)
(117, 212, 34, 0, 72)
(102, 224, 147, 0, 19)
(125, 86, 1, 4, 105)
(249, 110, 0, 77, 118)
(82, 201, 36, 0, 195)
(186, 60, 9, 1, 143)
(269, 152, 4, 5, 211)
(145, 148, 91, 0, 153)
(59, 155, 134, 0, 132)
(299, 131, 0, 16, 85)
(20, 224, 206, 0, 191)
(238, 113, 1, 18, 121)
(298, 154, 0, 14, 119)
(45, 84, 89, 0, 156)
(289, 207, 0, 28, 115)
(19, 109, 0, 6, 255)
(63, 224, 120, 0, 46)
(264, 117, 4, 3, 229)
(278, 139, 2, 3, 176)
(81, 187, 8, 4, 113)
(97, 116, 5, 8, 219)
(88, 19, 12, 3, 228)
(299, 155, 0, 0, 15)
(290, 134, 0, 20, 254)
(17, 199, 111, 0, 81)
(16, 218, 4, 3, 109)
(269, 177, 0, 8, 119)
(236, 141, 7, 2, 170)
(299, 217, 0, 1, 173)
(132, 221, 153, 0, 199)
(299, 15, 0, 48, 167)
(50, 183, 3, 7, 208)
(267, 68, 0, 31, 181)
(299, 159, 0, 44, 199)
(119, 56, 7, 4, 178)
(28, 224, 252, 0, 240)
(32, 212, 87, 0, 58)
(230, 28, 0, 123, 231)
(102, 132, 27, 0, 181)
(7, 219, 5, 3, 204)
(280, 155, 0, 60, 31)
(38, 210, 4, 9, 212)
(147, 168, 2, 23, 101)
(26, 44, 33, 3, 167)
(299, 165, 0, 12, 24)
(96, 147, 24, 1, 189)
(299, 176, 0, 19, 84)
(161, 47, 2, 27, 171)
(151, 127, 5, 2, 236)
(195, 204, 62, 0, 255)
(139, 7, 3, 17, 150)
(299, 211, 0, 13, 210)
(72, 193, 3, 0, 37)
(291, 160, 3, 2, 212)
(228, 197, 41, 0, 0)
(299, 0, 0, 102, 255)
(100, 224, 10, 0, 36)
(0, 194, 100, 0, 246)
(299, 214, 24, 0, 255)
(293, 28, 3, 1, 217)
(260, 224, 0, 0, 109)
(226, 140, 0, 14, 199)
(282, 41, 2, 35, 203)
(185, 158, 53, 0, 199)
(261, 113, 5, 5, 207)
(229, 196, 2, 0, 209)
(299, 201, 0, 0, 224)
(263, 41, 0, 145, 255)
(267, 222, 5, 2, 145)
(172, 212, 4, 2, 251)
(244, 205, 8, 0, 0)
(222, 117, 4, 6, 101)
(113, 89, 3, 1, 184)
(299, 70, 0, 114, 76)
(108, 197, 5, 2, 148)
(121, 201, 5, 4, 228)
(214, 82, 4, 2, 178)
(12, 169, 34, 0, 168)
(182, 144, 70, 0, 81)
(148, 218, 4, 4, 223)
(130, 222, 149, 0, 16)
(155, 187, 8, 1, 202)
(270, 64, 0, 155, 208)
(39, 144, 0, 10, 117)
(272, 54, 12, 2, 172)
(295, 4, 0, 178, 49)
(71, 224, 34, 0, 225)
(296, 104, 1, 1, 115)
(205, 224, 0, 0, 220)
(11, 195, 194, 0, 101)
(266, 99, 3, 5, 174)
(223, 177, 0, 3, 141)
(139, 41, 1, 19, 213)
(276, 123, 2, 2, 255)
(160, 224, 21, 0, 127)
(133, 39, 4, 4, 220)
(274, 203, 0, 21, 55)
(90, 138, 1, 3, 101)
(299, 149, 0, 6, 207)
(293, 102, 0, 34, 94)
(252, 43, 2, 4, 147)
(275, 224, 0, 0, 161)
(167, 198, 0, 9, 128)
(178, 224, 46, 0, 89)
(80, 205, 164, 0, 102)
(278, 79, 6, 4, 220)
(96, 224, 24, 0, 211)
(299, 6, 1, 5, 191)
(181, 143, 3, 4, 252)
(274, 170, 0, 42, 62)
(153, 157, 1, 6, 101)
(295, 212, 4, 2, 170)
(179, 221, 117, 0, 108)
(207, 72, 2, 3, 176)
(286, 87, 13, 0, 166)
(299, 34, 0, 87, 221)
(187, 224, 38, 0, 103)
(61, 190, 10, 3, 204)
(149, 224, 11, 0, 101)
(297, 164, 2, 2, 193)
(271, 224, 16, 0, 160)
(0, 224, 61, 0, 198)
(139, 167, 0, 0, 98)
(97, 201, 3, 1, 207)
(161, 189, 7, 2, 236)
(299, 223, 0, 0, 153)
(299, 0, 0, 139, 8)
(284, 91, 9, 1, 145)
(92, 220, 0, 4, 40)
(142, 210, 3, 3, 186)
(117, 48, 0, 12, 125)
(4, 130, 8, 8, 126)
(290, 174, 9, 0, 173)
(265, 119, 0, 53, 161)
(282, 97, 3, 2, 227)
(260, 70, 0, 171, 77)
(273, 179, 0, 33, 238)
(277, 160, 2, 1, 128)
(299, 207, 0, 15, 41)
(287, 110, 0, 20, 82)
(299, 185, 0, 14, 243)
(145, 192, 5, 1, 237)
(221, 159, 2, 2, 76)
(269, 171, 0, 5, 63)
(220, 224, 27, 0, 158)
(270, 152, 0, 51, 143)
(299, 201, 0, 0, 236)
(279, 146, 1, 4, 183)
(254, 224, 27, 0, 168)
(291, 83, 0, 94, 238)
(190, 148, 2, 5, 233)
(200, 95, 14, 1, 142)
(198, 88, 0, 0, 115)
(296, 55, 0, 70, 0)
(225, 224, 70, 0, 69)
(247, 1, 0, 47, 16)
(99, 196, 92, 0, 47)
(262, 188, 0, 0, 118)
(268, 180, 2, 3, 197)
(270, 151, 5, 1, 147)
(275, 50, 0, 139, 169)
(298, 196, 1, 14, 165)
(187, 224, 0, 0, 241)
(264, 98, 2, 4, 179)
(50, 46, 10, 6, 151)
(270, 224, 0, 0, 124)
(71, 148, 4, 3, 193)
(132, 206, 8, 4, 182)
(247, 187, 20, 1, 184)
(299, 153, 0, 24, 39)
(190, 224, 17, 0, 190)
(35, 188, 4, 10, 212)
(262, 223, 37, 0, 255)
(122, 157, 4, 3, 72)
(190, 58, 3, 6, 125)
(299, 116, 0, 7, 106)
(23, 182, 162, 0, 118)
(261, 175, 35, 1, 230)
(299, 19, 0, 40, 31)
(170, 110, 4, 8, 134)
(165, 209, 0, 14, 7)
(243, 87, 15, 2, 175)
(193, 221, 56, 0, 170)
(0, 193, 7, 5, 204)
(242, 224, 43, 0, 56)
(208, 221, 16, 0, 52)
(299, 203, 0, 10, 92)
(299, 82, 8, 3, 223)
(129, 201, 0, 1, 132)
(299, 182, 0, 0, 175)
(149, 181, 6, 0, 133)
(86, 173, 0, 0, 186)
(282, 187, 0, 10, 172)
(162, 101, 0, 49, 137)
(237, 224, 0, 0, 118)
(286, 224, 1, 1, 174)
(212, 224, 40, 0, 88)
(294, 135, 0, 24, 220)
(142, 210, 6, 1, 174)
(89, 214, 36, 0, 235)
(255, 94, 0, 16, 86)
(299, 50, 0, 63, 2)
(299, 214, 0, 10, 121)
(236, 160, 1, 3, 223)
(108, 221, 60, 0, 0)
(13, 195, 5, 18, 193)
(236, 26, 0, 11, 0)
(273, 145, 4, 4, 230)
(293, 30, 3, 3, 144)
(247, 64, 0, 44, 0)
(260, 212, 7, 0, 209)
(91, 53, 75, 0, 118)
(299, 195, 0, 0, 231)
(299, 172, 0, 17, 210)
(220, 224, 53, 0, 193)
(183, 196, 1, 2, 203)
(48, 28, 100, 0, 242)
(240, 157, 1, 3, 121)
(206, 165, 10, 2, 212)
(287, 177, 0, 0, 18)
(299, 126, 0, 10, 255)
(293, 102, 0, 72, 232)
(145, 168, 0, 15, 179)
(55, 156, 0, 0, 170)
(66, 125, 1, 13, 118)
(299, 199, 0, 25, 56)
(73, 0, 125, 0, 178)
(276, 176, 0, 43, 255)
(35, 46, 18, 0, 152)
(299, 218, 0, 6, 19)
(235, 216, 64, 0, 12)
(264, 105, 0, 46, 180)
(294, 121, 0, 13, 69)
(278, 198, 0, 14, 239)
(65, 217, 0, 0, 37)
(257, 222, 6, 1, 125)
(299, 40, 0, 0, 143)
(152, 155, 0, 0, 214)
(286, 196, 2, 8, 213)
(81, 127, 10, 1, 246)
(276, 220, 3, 1, 169)
(259, 91, 0, 0, 163)
(211, 80, 0, 21, 83)
(299, 114, 0, 110, 226)
(161, 188, 114, 0, 222)
(109, 196, 2, 3, 175)
(258, 224, 26, 0, 37)
(125, 206, 4, 1, 211)
(280, 117, 2, 2, 224)
(299, 224, 0, 0, 180)
(262, 58, 0, 15, 56)
(284, 224, 15, 0, 121)
(135, 178, 0, 25, 62)
(5, 203, 193, 0, 71)
(104, 83, 3, 20, 208)
(186, 224, 27, 0, 87)
(234, 129, 0, 0, 127)
(250, 208, 2, 4, 204)
(246, 215, 4, 4, 156)
(243, 159, 14, 0, 52)
(292, 44, 2, 1, 226)
(289, 121, 0, 31, 2)
(203, 224, 27, 0, 108)
(106, 52, 2, 20, 143)
(224, 215, 0, 0, 55)
(118, 188, 2, 12, 230)
(278, 115, 3, 1, 166)
(292, 201, 0, 0, 203)
(257, 173, 2, 1, 149)
(271, 118, 0, 0, 107)
(259, 197, 10, 1, 172)
(216, 224, 80, 0, 142)
(269, 152, 0, 28, 218)
(234, 221, 5, 0, 26)
(236, 15, 24, 1, 196)
(33, 205, 21, 2, 204)
(244, 66, 0, 0, 71)
(66, 166, 123, 0, 235)
(239, 84, 0, 15, 126)
(176, 166, 6, 6, 216)
(53, 224, 120, 0, 16)
(229, 208, 35, 0, 135)
(24, 224, 88, 0, 169)
(237, 22, 4, 3, 131)
(185, 143, 6, 3, 199)
(251, 207, 0, 0, 118)
(220, 202, 10, 1, 204)
(203, 173, 2, 1, 160)
(222, 177, 0, 12, 112)
(299, 65, 0, 144, 93)
(299, 75, 0, 147, 96)
(253, 197, 0, 11, 64)
(273, 217, 26, 0, 190)
(283, 0, 0, 26, 0)
(155, 196, 51, 0, 252)
(48, 45, 2, 7, 209)
(85, 137, 4, 7, 234)
(225, 194, 0, 4, 41)
(21, 89, 9, 3, 142)
(299, 170, 0, 0, 48)
(242, 41, 0, 157, 80)
(68, 199, 52, 0, 0)
(297, 159, 13, 1, 141)
(238, 85, 0, 89, 255)
(202, 98, 5, 5, 231)
(233, 109, 48, 0, 54)
(192, 224, 49, 0, 159)
(251, 224, 24, 0, 150)
(197, 201, 1, 1, 177)
(299, 0, 0, 0, 73)
(274, 210, 0, 0, 203)
(156, 184, 0, 1, 215)
(288, 224, 4, 11, 133)
(160, 7, 6, 19, 215)
(120, 224, 89, 0, 177)
(244, 224, 1, 1, 174)
(277, 176, 0, 13, 59)
(226, 224, 59, 0, 255)
(80, 141, 16, 5, 210)
(120, 184, 30, 0, 119)
(268, 193, 0, 21, 138)
(110, 208, 56, 0, 147)
(86, 50, 2, 20, 188)
(273, 189, 9, 0, 176)
(134, 224, 57, 0, 18)
(247, 224, 3, 7, 113)
(241, 219, 13, 0, 215)
(134, 205, 5, 4, 162)
(282, 224, 0, 0, 189)
(284, 190, 15, 0, 86)
(299, 151, 0, 22, 27)
(233, 14, 3, 7, 134)
(242, 77, 3, 13, 196)
(193, 178, 40, 2, 241)
(299, 224, 0, 0, 163)
(292, 117, 5, 1, 203)
(281, 117, 0, 55, 104)
(108, 219, 7, 1, 211)
(169, 210, 28, 0, 133)
(53, 165, 4, 2, 101)
(254, 201, 0, 0, 15)
(194, 110, 0, 0, 79)
(299, 115, 0, 38, 0)
(253, 208, 29, 0, 122)
(299, 9, 0, 77, 9)
(288, 224, 0, 0, 148)
(23, 129, 1, 9, 183)
(120, 135, 6, 1, 179)
(173, 192, 2, 6, 113)
(299, 180, 0, 0, 143)
(59, 224, 139, 0, 175)
(93, 224, 45, 0, 92)
(265, 189, 10, 1, 168)
(299, 135, 0, 49, 0)
(9, 214, 33, 0, 232)
(5, 212, 127, 0, 45)
(71, 185, 11, 5, 93)
(299, 137, 0, 65, 99)
(0, 205, 276, 0, 200)
(194, 146, 1, 17, 109)
(274, 32, 0, 133, 61)
(186, 224, 26, 0, 152)
(281, 89, 1, 2, 233)
(191, 205, 1, 5, 232)
(226, 20, 0, 131, 27)
(172, 198, 3, 4, 242)
(115, 203, 94, 0, 239)
(101, 179, 44, 0, 166)
(295, 224, 4, 0, 123)
(183, 206, 3, 4, 196)
(81, 224, 0, 4, 123)
(291, 144, 8, 0, 176)
(299, 24, 0, 120, 46)
(160, 206, 2, 14, 206)
(299, 169, 0, 0, 159)
(172, 224, 0, 0, 0)
(299, 73, 0, 119, 98)
(91, 220, 131, 0, 247)
(299, 215, 0, 0, 54)
(236, 180, 1, 0, 42)
(173, 222, 0, 2, 145)
(116, 66, 6, 22, 185)
(196, 81, 0, 1, 18)
(278, 13, 9, 2, 191)
(276, 217, 23, 0, 183)
(238, 221, 3, 2, 105)
(0, 182, 4, 1, 218)
(141, 81, 44, 0, 62)
(35, 176, 2, 5, 57)
(251, 0, 3, 5, 184)
(291, 224, 5, 0, 117)
(136, 205, 10, 2, 221)
(249, 144, 0, 0, 117)
(299, 113, 0, 77, 243)
(212, 178, 18, 3, 244)
(251, 63, 0, 26, 49)
(299, 119, 0, 5, 90)
(240, 221, 47, 0, 81)
(285, 197, 1, 3, 215)
(299, 222, 0, 2, 242)
(111, 183, 1, 5, 239)
(299, 212, 0, 14, 57)
(99, 207, 61, 0, 53)
(146, 61, 8, 2, 177)
(234, 19, 0, 155, 5)
(42, 224, 110, 0, 74)
(252, 79, 4, 0, 130)
(137, 206, 10, 2, 206)
(256, 141, 0, 0, 0)
(0, 187, 19, 1, 137)
(299, 216, 0, 3, 161)
(21, 224, 229, 0, 236)
(256, 218, 25, 0, 93)
(172, 224, 19, 0, 100)
(294, 123, 0, 73, 240)
(266, 134, 0, 17, 109)
(297, 175, 0, 15, 173)
(157, 218, 5, 2, 227)
(9, 27, 245, 0, 24)
(122, 206, 0, 10, 208)
(288, 107, 0, 0, 205)
(232, 5, 0, 75, 49)
(299, 72, 0, 42, 128)
(214, 190, 3, 3, 239)
(299, 148, 0, 25, 109)
(108, 154, 0, 5, 2)
(172, 32, 2, 11, 170)
(299, 197, 0, 0, 178)
(271, 194, 0, 0, 124)
(194, 224, 97, 0, 233)
(266, 194, 0, 1, 214)
(222, 180, 0, 4, 147)
(176, 185, 2, 2, 240)
(177, 215, 0, 0, 255)
(299, 120, 0, 83, 189)
(190, 211, 0, 0, 0)
(299, 33, 24, 2, 138)
(192, 146, 0, 0, 10)
(52, 214, 139, 0, 50)
(12, 186, 79, 0, 167)
(285, 179, 0, 23, 0)
(242, 184, 3, 5, 229)
(83, 177, 99, 0, 208)
(278, 127, 3, 2, 217)
(168, 125, 123, 0, 77)
(221, 130, 20, 0, 209)
(256, 131, 0, 11, 222)
(298, 60, 1, 5, 216)
(246, 216, 0, 0, 62)
(284, 212, 2, 3, 146)
(277, 7, 0, 43, 44)
(297, 94, 2, 4, 211)
(276, 187, 6, 0, 0)
(73, 224, 122, 0, 107)
(13, 211, 40, 0, 12)
(247, 0, 0, 95, 84)
(68, 94, 16, 0, 200)
(228, 210, 31, 0, 56)
(101, 173, 6, 2, 234)
(299, 161, 0, 45, 0)
(244, 106, 0, 14, 135)
(178, 214, 121, 0, 90)
(161, 102, 28, 0, 38)
(155, 166, 1, 8, 117)
(144, 207, 2, 1, 125)
(228, 175, 66, 0, 146)
(204, 224, 19, 0, 142)
(144, 173, 126, 0, 131)
(299, 138, 0, 74, 255)
(236, 218, 51, 0, 94)
(154, 202, 21, 0, 245)
(3, 186, 4, 0, 185)
(53, 213, 260, 0, 147)
(276, 189, 23, 0, 15)
(5, 150, 13, 3, 71)
(280, 89, 1, 3, 217)
(203, 58, 0, 0, 233)
(151, 211, 123, 0, 62)
(261, 201, 0, 17, 137)
(116, 189, 1, 8, 163)
(233, 206, 0, 18, 186)
(58, 221, 165, 0, 132)
(265, 209, 0, 0, 228)
(201, 180, 1, 11, 219)
(211, 184, 13, 1, 233)
(268, 175, 0, 23, 115)
(20, 223, 17, 1, 189)
(252, 224, 49, 0, 255)
(284, 169, 17, 1, 236)
(292, 57, 0, 80, 154)
(276, 88, 5, 2, 152)
(194, 194, 0, 9, 203)
(278, 224, 21, 0, 255)
(205, 79, 0, 26, 186)
(299, 53, 0, 55, 147)
(241, 213, 23, 0, 43)
(171, 145, 6, 3, 153)
(166, 120, 7, 3, 177)
(43, 212, 2, 2, 184)
(116, 189, 0, 35, 45)
(273, 224, 5, 0, 225)
(59, 207, 0, 14, 135)
(261, 207, 0, 0, 57)
(194, 223, 115, 0, 203)
(248, 180, 51, 0, 172)
(228, 211, 0, 0, 62)
(299, 137, 1, 0, 153)
(290, 193, 7, 1, 179)
(264, 210, 0, 0, 49)
(287, 220, 1, 1, 167)
(299, 36, 0, 0, 124)
(76, 221, 117, 0, 71)
(62, 224, 62, 0, 169)
(224, 62, 3, 6, 179)
(56, 213, 122, 0, 27)
(288, 188, 0, 0, 9)
(72, 221, 175, 0, 183)
(287, 11, 8, 0, 0)
(158, 155, 24, 0, 247)
(74, 193, 22, 3, 215)
(199, 159, 5, 1, 164)
(246, 117, 0, 14, 0)
(260, 217, 3, 1, 214)
(153, 152, 34, 0, 86)
(130, 124, 66, 0, 244)
(291, 216, 4, 1, 153)
(210, 206, 6, 5, 209)
(253, 138, 4, 2, 213)
(262, 165, 7, 0, 189)
(206, 143, 3, 1, 215)
(167, 203, 4, 1, 142)
(218, 106, 7, 2, 132)
(289, 149, 1, 2, 161)
(271, 85, 0, 23, 97)
(253, 178, 35, 0, 84)
(98, 127, 9, 1, 188)
(102, 209, 76, 0, 231)
(13, 198, 161, 0, 123)
(281, 138, 1, 1, 187)
(283, 200, 0, 24, 65)
(226, 162, 51, 0, 44)
(294, 219, 0, 0, 0)
(0, 167, 224, 0, 102)
(66, 215, 75, 0, 157)
(280, 34, 0, 73, 215)
(258, 131, 25, 0, 101)
(267, 122, 0, 89, 92)
(164, 162, 3, 11, 174)
(299, 198, 27, 1, 141)
(0, 224, 50, 0, 196)
(217, 153, 8, 3, 109)
(294, 159, 2, 2, 113)
(287, 180, 19, 0, 176)
(299, 198, 0, 2, 255)
(279, 115, 0, 77, 110)
(173, 224, 25, 0, 162)
(299, 190, 0, 19, 46)
(152, 224, 31, 0, 90)
(150, 205, 0, 19, 216)
(283, 158, 3, 1, 120)
(42, 71, 14, 1, 182)
(293, 152, 3, 1, 165)
(287, 117, 4, 2, 174)
(153, 44, 1, 2, 124)
(263, 131, 0, 35, 112)
(299, 56, 0, 168, 229)
(177, 47, 0, 83, 140)
(200, 164, 0, 0, 95)
(140, 115, 4, 7, 153)
(76, 224, 200, 0, 62)
(120, 159, 32, 0, 96)
(219, 213, 0, 19, 144)
(299, 117, 0, 8, 43)
(299, 50, 0, 51, 158)
(250, 76, 2, 2, 198)
(297, 63, 0, 0, 52)
(202, 174, 14, 0, 123)
(201, 175, 0, 12, 255)
(285, 160, 9, 0, 183)
(25, 111, 10, 6, 143)
(133, 84, 0, 95, 190)
(8, 222, 127, 0, 113)
(295, 171, 7, 2, 211)
(155, 160, 0, 0, 0)
(175, 194, 4, 4, 156)
(286, 203, 1, 2, 183)
(299, 222, 0, 0, 113)
(275, 224, 7, 0, 147)
(297, 77, 0, 92, 235)
(129, 146, 119, 0, 143)
(114, 13, 1, 9, 165)
(228, 26, 5, 4, 172)
(299, 219, 12, 0, 37)
(72, 127, 2, 3, 146)
(169, 84, 2, 22, 124)
(299, 134, 0, 0, 138)
(291, 172, 0, 2, 235)
(242, 223, 3, 1, 133)
(287, 40, 4, 1, 187)
(229, 224, 67, 0, 214)
(291, 107, 8, 1, 174)
(216, 145, 14, 2, 241)
(299, 202, 0, 0, 220)
(137, 188, 0, 0, 112)
(169, 162, 0, 48, 150)
(165, 198, 0, 0, 121)
(101, 84, 2, 5, 231)
(120, 165, 5, 3, 142)
(289, 108, 0, 111, 79)
(12, 122, 6, 1, 176)
(272, 132, 0, 0, 51)
(273, 44, 0, 93, 16)
(132, 207, 0, 2, 187)
(238, 224, 36, 0, 78)
(214, 199, 54, 0, 202)
(99, 197, 6, 4, 222)
(289, 180, 0, 43, 234)
(299, 111, 0, 61, 204)
(230, 154, 0, 35, 6)
(44, 135, 11, 3, 185)
(299, 54, 0, 43, 209)
(111, 224, 0, 0, 44)
(210, 118, 2, 5, 164)
(157, 137, 3, 7, 211)
(85, 217, 19, 0, 165)
(275, 176, 15, 1, 235)
(70, 224, 188, 0, 240)
(262, 211, 0, 0, 44)
(177, 160, 0, 0, 61)
(299, 221, 0, 0, 173)
(299, 224, 0, 0, 0)
(294, 42, 8, 1, 215)
(299, 20, 13, 2, 77)
(67, 224, 132, 0, 122)
(165, 224, 82, 0, 104)
(122, 224, 113, 0, 255)
(277, 210, 0, 9, 91)
(299, 223, 0, 0, 107)
(229, 168, 10, 0, 237)
(287, 142, 1, 5, 118)
(29, 79, 2, 10, 149)
(49, 208, 0, 13, 77)
(299, 35, 0, 11, 48)
(295, 208, 0, 0, 0)
(73, 224, 91, 0, 0)
(228, 198, 3, 1, 206)
(299, 182, 2, 3, 172)
(255, 147, 15, 1, 202)
(187, 202, 9, 0, 69)
(103, 220, 23, 1, 206)
(261, 135, 6, 0, 172)
(69, 174, 11, 1, 197)
(95, 40, 2, 13, 86)
(226, 159, 46, 0, 123)
(299, 0, 0, 60, 83)
(272, 208, 4, 2, 171)
(255, 182, 4, 1, 219)
(73, 157, 8, 1, 196)
(191, 224, 7, 0, 91)
(272, 127, 0, 30, 42)
(282, 180, 3, 1, 185)
(254, 129, 0, 78, 156)
(263, 131, 2, 2, 176)
(299, 38, 2, 7, 220)
(178, 101, 2, 12, 163)
(260, 161, 4, 1, 177)
(78, 36, 45, 2, 152)
(128, 38, 6, 7, 163)
(299, 11, 0, 35, 127)
(0, 217, 68, 0, 211)
(285, 162, 0, 62, 255)
(299, 212, 0, 0, 64)
(259, 126, 0, 15, 164)
(230, 224, 25, 0, 0)
(281, 33, 1, 15, 194)
(173, 142, 1, 14, 148)
(299, 209, 0, 0, 13)
(130, 202, 5, 1, 226)
(289, 78, 0, 131, 16)
(294, 186, 0, 34, 2)
(125, 156, 0, 0, 139)
(280, 178, 0, 18, 141)
(134, 191, 1, 7, 215)
(227, 134, 9, 0, 162)
(195, 224, 55, 0, 152)
(73, 167, 108, 0, 255)
(278, 224, 0, 0, 90)
(121, 205, 111, 0, 45)
(258, 57, 0, 16, 142)
(7, 67, 6, 5, 84)
(110, 222, 7, 6, 203)
(116, 224, 28, 0, 210)
(299, 212, 0, 0, 31)
(78, 69, 7, 1, 132)
(294, 199, 1, 1, 144)
(74, 102, 4, 1, 168)
(262, 125, 0, 93, 179)
(38, 224, 128, 0, 171)
(184, 224, 2, 7, 156)
(151, 219, 8, 1, 198)
(299, 217, 0, 1, 139)
(234, 202, 37, 0, 80)
(102, 188, 2, 3, 224)
(287, 200, 0, 7, 145)
(299, 213, 0, 5, 18)
(227, 158, 0, 0, 24)
(274, 224, 0, 0, 0)
(210, 224, 44, 0, 4)
(64, 46, 9, 2, 227)
(134, 182, 2, 0, 2)
(51, 133, 10, 3, 148)
(246, 56, 0, 0, 196)
(299, 126, 0, 10, 189)
(269, 199, 0, 0, 128)
(78, 137, 4, 2, 135)
(246, 145, 0, 59, 232)
(33, 197, 127, 0, 162)
(289, 0, 1, 3, 190)
(131, 198, 4, 4, 229)
(77, 126, 11, 5, 249)
(20, 224, 186, 0, 199)
(248, 24, 1, 7, 149)
(119, 63, 19, 0, 212)
(252, 207, 47, 0, 9)
(279, 65, 0, 106, 160)
(261, 205, 17, 0, 135)
(276, 162, 1, 6, 225)
(299, 164, 5, 1, 202)
(0, 224, 117, 0, 55)
(169, 165, 0, 0, 9)
(283, 214, 0, 10, 216)
(204, 151, 0, 29, 174)
(226, 224, 8, 2, 141)
(286, 43, 0, 35, 178)
(162, 0, 10, 0, 142)
(299, 189, 0, 11, 101)
(299, 131, 0, 39, 50)
(66, 133, 9, 3, 117)
(216, 224, 42, 0, 235)
(192, 224, 2, 0, 64)
(74, 165, 17, 0, 178)
(18, 224, 89, 0, 186)
(128, 177, 149, 0, 111)
(223, 136, 0, 41, 132)
(289, 179, 0, 0, 97)
(145, 224, 72, 0, 64)
(160, 111, 0, 0, 190)
(211, 114, 0, 20, 37)
(249, 141, 2, 1, 222)
(258, 203, 0, 0, 100)
(299, 187, 0, 0, 147)
(272, 202, 6, 1, 155)
(293, 80, 6, 1, 197)
(69, 35, 5, 4, 214)
(79, 7, 67, 0, 139)
(257, 55, 2, 5, 233)
(287, 45, 3, 2, 152)
(299, 165, 0, 0, 129)
(157, 173, 0, 47, 221)
(150, 203, 0, 0, 0)
(222, 167, 0, 0, 190)
(258, 102, 0, 0, 21)
(22, 224, 99, 0, 50)
(41, 117, 96, 0, 129)
(228, 50, 7, 3, 170)
(6, 224, 114, 0, 60)
(299, 97, 0, 0, 91)
(102, 122, 0, 0, 106)
(299, 62, 0, 0, 127)
(51, 206, 13, 2, 222)
(207, 224, 8, 0, 80)
(77, 153, 3, 4, 164)
(209, 214, 0, 0, 182)
(136, 167, 58, 0, 183)
(111, 224, 104, 0, 222)
(296, 224, 3, 0, 167)
(259, 139, 2, 1, 120)
(93, 216, 141, 0, 35)
(80, 212, 0, 0, 61)
(108, 224, 153, 0, 216)
(243, 25, 4, 4, 191)
(299, 171, 0, 0, 0)
(252, 28, 4, 3, 184)
(290, 54, 4, 3, 191)
(299, 117, 0, 16, 116)
(202, 114, 6, 8, 93)
(299, 68, 0, 19, 106)
(170, 224, 46, 0, 53)
(259, 214, 40, 0, 30)
(156, 206, 58, 0, 180)
(265, 114, 77, 0, 13)
(199, 162, 2, 1, 156)
(253, 62, 3, 6, 195)
(299, 37, 0, 156, 246)
(239, 159, 0, 13, 165)
(250, 215, 2, 0, 63)
(297, 110, 2, 1, 166)
(292, 93, 2, 2, 161)
(257, 151, 2, 9, 211)
(59, 91, 117, 0, 169)
(217, 196, 17, 2, 222)
(298, 84, 0, 76, 228)
(281, 202, 25, 0, 167)
(59, 107, 3, 5, 153)
(49, 162, 0, 21, 255)
(124, 224, 0, 2, 201)
(299, 184, 0, 36, 158)
(96, 224, 71, 0, 169)
(299, 204, 0, 7, 214)
(38, 182, 261, 0, 76)
(161, 155, 3, 3, 94)
(208, 98, 3, 2, 213)
(299, 131, 0, 66, 254)
(0, 224, 0, 0, 147)
(215, 4, 20, 6, 226)
(277, 53, 0, 20, 77)
(67, 205, 0, 18, 0)
(250, 153, 8, 2, 228)
(240, 197, 4, 6, 206)
(279, 179, 0, 44, 50)
(299, 197, 10, 0, 254)
(299, 176, 0, 36, 0)
(252, 221, 1, 1, 183)
(277, 224, 0, 0, 96)
(299, 84, 0, 100, 48)
(77, 198, 4, 3, 168)
(235, 84, 2, 17, 198)
(143, 224, 61, 0, 67)
(286, 224, 24, 0, 103)
(273, 224, 26, 0, 0)
(271, 204, 10, 0, 174)
(39, 28, 6, 7, 136)
(254, 224, 45, 0, 188)
(32, 117, 4, 4, 112)
(282, 69, 3, 2, 231)
(289, 194, 0, 12, 78)
(32, 195, 90, 0, 23)
(270, 89, 51, 0, 249)
(295, 3, 0, 1, 195)
(227, 173, 10, 0, 34)
(140, 220, 75, 0, 218)
(173, 165, 2, 2, 224)
(276, 21, 1, 2, 193)
(97, 53, 8, 5, 112)
(134, 208, 0, 18, 19)
(184, 200, 17, 1, 141)
(293, 207, 3, 2, 216)
(104, 209, 179, 0, 101)
(299, 172, 0, 26, 83)
(279, 47, 0, 44, 50)
(254, 215, 0, 0, 12)
(32, 216, 0, 0, 91)
(297, 67, 0, 0, 156)
(229, 224, 55, 0, 62)
(262, 187, 0, 19, 112)
(196, 113, 0, 85, 148)
(50, 224, 46, 0, 71)
(281, 3, 18, 0, 147)
(199, 184, 3, 3, 163)
(278, 161, 2, 0, 12)
(38, 128, 17, 1, 163)
(299, 69, 0, 18, 238)
(148, 29, 0, 75, 202)
(106, 224, 110, 0, 189)
(212, 224, 0, 0, 109)
(299, 183, 21, 0, 91)
(88, 22, 2, 38, 145)
(217, 123, 1, 7, 198)
(79, 224, 111, 0, 181)
(277, 189, 0, 23, 151)
(299, 97, 0, 87, 149)
(281, 104, 4, 4, 188)
(252, 157, 16, 0, 0)
(94, 169, 2, 3, 183)
(270, 95, 4, 9, 210)
(73, 211, 20, 3, 205)
(299, 194, 0, 0, 255)
(184, 132, 0, 59, 158)
(273, 72, 14, 2, 157)
(67, 175, 207, 0, 130)
(202, 56, 0, 66, 198)
(89, 96, 3, 4, 120)
(112, 0, 5, 5, 222)
(283, 105, 2, 2, 150)
(197, 163, 7, 6, 253)
(37, 224, 205, 0, 165)
(265, 169, 4, 2, 160)
(139, 171, 40, 0, 69)
(190, 169, 6, 3, 227)
(299, 205, 0, 0, 255)
(97, 221, 161, 0, 181)
(282, 22, 9, 1, 195)
(48, 224, 2, 0, 213)
(299, 60, 0, 127, 124)
(225, 84, 5, 0, 107)
(273, 198, 0, 0, 154)
(188, 131, 8, 12, 244)
(95, 224, 123, 0, 143)
(294, 200, 3, 1, 183)
(299, 100, 0, 1, 110)
(293, 22, 5, 4, 198)
(283, 80, 0, 77, 85)
(35, 175, 3, 6, 67)
(280, 145, 0, 62, 251)
(278, 75, 0, 51, 67)
(257, 163, 0, 0, 75)
(121, 173, 4, 7, 79)
(164, 212, 0, 0, 44)
(39, 213, 0, 0, 28)
(289, 43, 0, 67, 255)
(166, 33, 3, 5, 175)
(107, 55, 7, 1, 152)
(13, 8, 32, 4, 196)
(22, 224, 178, 0, 96)
(270, 163, 0, 20, 241)
(238, 224, 0, 0, 185)
(168, 222, 5, 2, 198)
(283, 95, 4, 1, 237)
(90, 137, 2, 3, 100)
(274, 95, 0, 0, 255)
(290, 211, 1, 1, 137)
(287, 201, 0, 4, 212)
(186, 208, 101, 0, 103)
(166, 224, 63, 0, 58)
(122, 191, 0, 7, 20)
(299, 197, 0, 18, 224)
(295, 100, 0, 0, 158)
(258, 213, 14, 0, 172)
(237, 177, 0, 28, 215)
(214, 224, 14, 0, 249)
(62, 140, 7, 1, 225)
(68, 202, 186, 0, 158)
(257, 130, 0, 21, 176)
(284, 81, 0, 102, 129)
(177, 221, 22, 0, 114)
(269, 31, 0, 16, 209)
(173, 224, 118, 0, 0)
(207, 197, 8, 2, 229)
(299, 224, 0, 0, 185)
(92, 129, 0, 95, 175)
(2, 150, 89, 0, 27)
(262, 168, 0, 0, 248)
(209, 147, 1, 6, 143)
(295, 224, 0, 0, 200)
(243, 114, 3, 2, 185)
(18, 224, 21, 0, 150)
(271, 168, 3, 2, 242)
(299, 224, 0, 0, 189)
(0, 214, 146, 0, 188)
(204, 210, 15, 0, 184)
(155, 218, 81, 0, 75)
(299, 206, 0, 0, 38)
(283, 0, 0, 163, 168)
(299, 157, 0, 23, 209)
(280, 211, 2, 3, 155)
(41, 168, 0, 2, 140)
(283, 146, 0, 14, 92)
(64, 224, 185, 0, 214)
(154, 58, 11, 0, 212)
(299, 157, 0, 36, 65)
(292, 117, 0, 0, 27)
(200, 168, 23, 2, 237)
(185, 204, 6, 2, 234)
(296, 91, 0, 24, 67)
(298, 42, 0, 64, 132)
(285, 212, 0, 12, 216)
(0, 224, 143, 0, 104)
(256, 224, 10, 0, 180)
(299, 198, 0, 0, 144)
(244, 151, 4, 2, 178)
(0, 134, 0, 44, 93)
(293, 134, 0, 42, 98)
(296, 40, 0, 44, 217)
(293, 143, 0, 8, 153)
(83, 177, 13, 1, 190)
(21, 207, 151, 0, 68)
(239, 158, 1, 6, 136)
(292, 22, 1, 3, 155)
(235, 125, 2, 5, 215)
(43, 212, 47, 0, 255)
(171, 27, 2, 6, 225)
(200, 224, 78, 0, 119)
(263, 191, 0, 37, 218)
(299, 144, 0, 30, 253)
(188, 153, 18, 0, 44)
(153, 214, 53, 0, 16)
(282, 217, 0, 0, 153)
(260, 224, 0, 0, 189)
(66, 224, 227, 0, 123)
(164, 110, 4, 4, 193)
(111, 206, 163, 0, 213)
(221, 150, 6, 2, 178)
(208, 177, 0, 29, 183)
(274, 164, 23, 0, 81)
(0, 224, 189, 0, 26)
(28, 136, 0, 0, 58)
(214, 222, 0, 0, 135)
(118, 83, 2, 3, 135)
(295, 123, 0, 68, 238)
(162, 216, 34, 0, 233)
(299, 158, 0, 50, 95)
(50, 179, 17, 2, 159)
(118, 210, 0, 0, 229)
(116, 149, 0, 0, 36)
(53, 127, 54, 0, 248)
(256, 207, 1, 3, 164)
(163, 214, 125, 0, 49)
(195, 224, 95, 0, 200)
(147, 143, 21, 0, 40)
(299, 140, 13, 1, 154)
(159, 152, 3, 4, 175)
(127, 96, 158, 0, 112)
(62, 52, 0, 143, 135)
(115, 61, 1, 9, 110)
(201, 178, 1, 7, 242)
(201, 224, 17, 0, 237)
(0, 224, 105, 0, 149)
(183, 113, 5, 3, 136)
(293, 163, 0, 42, 181)
(286, 104, 0, 75, 127)
(97, 224, 100, 0, 241)
(100, 224, 8, 0, 22)
(286, 195, 0, 2, 67)
(73, 183, 123, 0, 146)
(236, 208, 24, 0, 78)
(195, 224, 58, 0, 31)
(277, 69, 0, 35, 27)
(247, 47, 1, 8, 168)
(0, 91, 12, 2, 179)
(266, 218, 0, 6, 214)
(280, 134, 1, 2, 228)
(159, 16, 6, 9, 219)
(263, 152, 0, 62, 128)
(282, 69, 0, 79, 247)
(155, 212, 53, 0, 81)
(78, 216, 173, 0, 84)
(0, 207, 181, 0, 255)
(259, 82, 0, 49, 37)
(287, 140, 4, 1, 151)
(38, 224, 91, 0, 242)
(117, 224, 173, 0, 27)
(110, 180, 74, 0, 58)
(213, 200, 17, 0, 49)
(299, 224, 0, 0, 231)
(266, 0, 1, 11, 153)
(197, 0, 0, 182, 174)
(77, 197, 14, 1, 114)
(49, 224, 0, 0, 80)
(162, 219, 27, 0, 245)
(57, 224, 172, 0, 215)
(299, 3, 0, 184, 252)
(260, 142, 4, 3, 247)
(299, 37, 56, 1, 190)
(276, 213, 11, 0, 205)
(145, 170, 75, 0, 35)
(285, 119, 1, 4, 154)
(236, 210, 2, 3, 179)
(267, 214, 1, 0, 79)
(234, 224, 25, 0, 42)
(43, 224, 37, 0, 0)
(194, 202, 1, 3, 196)
(228, 28, 1, 4, 137)
(139, 88, 6, 4, 100)
(226, 190, 73, 0, 98)
(87, 209, 3, 12, 198)
(92, 223, 16, 0, 0)
(119, 207, 106, 0, 73)
(229, 175, 0, 0, 138)
(273, 193, 0, 0, 63)
(90, 224, 53, 0, 241)
(245, 143, 2, 2, 130)
(78, 101, 0, 16, 129)
(214, 201, 4, 2, 243)
(278, 15, 3, 4, 219)
(299, 150, 2, 0, 0)
(179, 222, 111, 0, 189)
(299, 41, 0, 0, 187)
(176, 120, 0, 0, 215)
(270, 208, 1, 3, 150)
(108, 143, 3, 5, 140)
(170, 220, 5, 4, 192)
(269, 165, 2, 2, 192)
(86, 204, 115, 0, 9)
(224, 150, 0, 19, 120)
(299, 120, 0, 59, 111)
(229, 79, 4, 5, 116)
(214, 224, 14, 0, 200)
(230, 181, 5, 4, 209)
(299, 219, 0, 0, 123)
(281, 117, 0, 64, 78)
(192, 224, 107, 0, 131)
(279, 48, 0, 121, 245)
(294, 148, 0, 0, 141)
(85, 111, 1, 4, 94)
(200, 82, 9, 6, 104)
(299, 139, 0, 23, 238)
(148, 206, 6, 1, 162)
(172, 165, 25, 0, 0)
(281, 62, 1, 7, 204)
(196, 206, 0, 0, 79)
(31, 103, 6, 7, 196)
(182, 50, 0, 150, 203)
(11, 222, 10, 2, 212)
(277, 171, 0, 0, 8)
(211, 119, 3, 1, 200)
(180, 203, 13, 0, 2)
(269, 28, 0, 97, 149)
(21, 114, 2, 6, 101)
(28, 204, 8, 0, 12)
(298, 224, 1, 10, 97)
(282, 220, 0, 0, 62)
(240, 0, 4, 18, 231)
(299, 224, 0, 0, 243)
(259, 216, 0, 0, 167)
(19, 220, 1, 1, 184)
(299, 132, 0, 66, 183)
(179, 96, 0, 19, 255)
(0, 198, 142, 0, 2)
(196, 66, 0, 20, 109)
(0, 186, 274, 0, 0)
(224, 95, 5, 2, 215)
(181, 153, 2, 6, 127)
(116, 181, 3, 1, 172)
(236, 80, 5, 1, 141)
(299, 158, 3, 0, 25)
(299, 153, 0, 71, 103)
(0, 224, 101, 0, 253)
(239, 100, 4, 10, 191)
(132, 224, 44, 0, 237)
(173, 224, 32, 0, 100)
(149, 63, 5, 3, 178)
(98, 130, 7, 2, 95)
(299, 135, 0, 67, 238)
(84, 206, 85, 0, 23)
(171, 117, 2, 4, 210)
(13, 77, 4, 11, 73)
(276, 95, 5, 1, 198)
(104, 36, 5, 8, 96)
(230, 98, 6, 3, 190)
(185, 224, 0, 0, 59)
(54, 224, 94, 0, 136)
(299, 167, 0, 19, 192)
(297, 111, 0, 20, 135)
(218, 176, 46, 0, 20)
(36, 44, 2, 15, 134)
(171, 16, 0, 37, 198)
(181, 210, 114, 0, 217)
(257, 170, 0, 5, 67)
(119, 177, 0, 24, 153)
(275, 206, 6, 1, 184)
(81, 158, 13, 3, 79)
(207, 220, 10, 2, 176)
(299, 151, 0, 18, 214)
(266, 0, 0, 204, 149)
(271, 200, 1, 5, 199)
(237, 206, 17, 0, 42)
(299, 65, 0, 62, 129)
(257, 99, 15, 1, 197)
(293, 161, 0, 0, 85)
(299, 78, 0, 54, 101)
(289, 154, 5, 2, 196)
(275, 144, 0, 0, 109)
(164, 222, 32, 1, 200)
(199, 149, 8, 0, 190)
(233, 140, 3, 3, 249)
(0, 224, 29, 0, 188)
(152, 90, 1, 22, 128)
(153, 121, 14, 4, 122)
(98, 118, 14, 2, 232)
(299, 196, 0, 17, 1)
(184, 83, 0, 0, 167)
(266, 52, 0, 0, 29)
(174, 224, 2, 3, 188)
(299, 203, 0, 9, 17)
(261, 221, 0, 3, 71)
(112, 144, 5, 1, 182)
(94, 120, 0, 27, 63)
(274, 95, 0, 41, 45)
(259, 17, 10, 1, 169)
(215, 73, 2, 5, 145)
(65, 166, 75, 0, 189)
(81, 17, 72, 0, 77)
(8, 126, 17, 2, 118)
(299, 165, 0, 21, 138)
(276, 172, 5, 4, 234)
(299, 9, 0, 90, 232)
(82, 73, 5, 7, 140)
(117, 224, 186, 0, 133)
(243, 13, 41, 0, 220)
(126, 123, 14, 4, 210)
(256, 141, 0, 0, 238)
(139, 220, 10, 3, 206)
(145, 34, 0, 2, 55)
(299, 190, 0, 0, 107)
(299, 200, 0, 2, 8)
(208, 224, 20, 0, 200)
(252, 94, 7, 1, 149)
(47, 105, 10, 1, 182)
(155, 195, 44, 0, 160)
(259, 206, 1, 2, 157)
(103, 220, 35, 0, 202)
(43, 196, 94, 0, 7)
(242, 224, 29, 0, 153)
(231, 155, 4, 1, 190)
(206, 46, 1, 26, 178)
(274, 38, 2, 7, 217)
(269, 211, 13, 0, 213)
(299, 81, 3, 2, 201)
(0, 178, 5, 1, 127)
(4, 86, 7, 1, 118)
(189, 224, 6, 0, 231)
(299, 163, 0, 35, 243)
(284, 224, 5, 0, 187)
(299, 33, 0, 163, 96)
(119, 161, 5, 2, 52)
(0, 150, 2, 4, 110)
(299, 65, 0, 11, 58)
(299, 104, 0, 54, 99)
(219, 160, 0, 13, 209)
(168, 210, 100, 0, 147)
(265, 78, 0, 54, 122)
(290, 220, 0, 0, 94)
(201, 100, 8, 1, 182)
(192, 224, 28, 0, 10)
(279, 187, 8, 0, 205)
(137, 113, 3, 3, 189)
(299, 74, 0, 146, 203)
(67, 120, 5, 1, 168)
(299, 186, 0, 17, 46)
(299, 174, 0, 0, 177)
(205, 122, 19, 0, 4)
(299, 0, 0, 54, 179)
(69, 224, 0, 0, 161)
(286, 175, 0, 0, 217)
(248, 168, 0, 20, 107)
(114, 207, 185, 0, 97)
(185, 191, 3, 3, 166)
(296, 179, 0, 54, 180)
(299, 114, 0, 54, 194)
(180, 224, 80, 0, 98)
(279, 106, 0, 83, 173)
(122, 202, 33, 0, 46)
(214, 192, 8, 0, 53)
(271, 60, 10, 1, 207)
(277, 208, 0, 0, 47)
(140, 147, 3, 17, 237)
(118, 208, 16, 0, 176)
(221, 224, 2, 1, 128)
(299, 182, 0, 13, 63)
(233, 0, 9, 0, 134)
(208, 0, 9, 5, 223)
(120, 224, 9, 0, 165)
(232, 36, 0, 38, 17)
(114, 93, 56, 0, 188)
(96, 174, 135, 0, 193)
(127, 185, 2, 7, 156)
(19, 224, 112, 0, 55)
(200, 224, 80, 0, 51)
(278, 210, 8, 0, 206)
(245, 224, 0, 0, 164)
(35, 224, 0, 0, 52)
(42, 185, 4, 1, 209)
(299, 185, 0, 11, 176)
(264, 198, 0, 0, 34)
(222, 47, 0, 132, 94)
(262, 184, 6, 2, 185)
(265, 49, 13, 2, 178)
(241, 107, 0, 31, 255)
(299, 159, 0, 1, 126)
(274, 88, 0, 61, 116)
(299, 59, 0, 10, 255)
(285, 224, 0, 0, 23)
(286, 62, 2, 4, 229)
(106, 224, 4, 1, 165)
(248, 156, 0, 0, 71)
(279, 135, 0, 6, 168)
(298, 207, 1, 1, 199)
(253, 204, 5, 0, 53)
(299, 194, 0, 12, 165)
(299, 53, 0, 34, 209)
(167, 224, 44, 0, 213)
(186, 190, 31, 0, 20)
(219, 169, 65, 0, 187)
(102, 224, 114, 0, 55)
(265, 224, 34, 0, 255)
(299, 0, 0, 16, 51)
(57, 69, 0, 89, 190)
(194, 11, 10, 0, 53)
(275, 102, 0, 41, 29)
(71, 214, 10, 1, 190)
(292, 189, 0, 35, 216)
(254, 159, 0, 16, 255)
(0, 224, 212, 0, 196)
(244, 210, 16, 0, 40)
(295, 51, 4, 3, 170)
(15, 213, 4, 4, 185)
(260, 208, 0, 0, 126)
(296, 27, 3, 1, 212)
(296, 224, 2, 0, 248)
(178, 165, 3, 1, 76)
(266, 89, 0, 0, 8)
(260, 224, 34, 0, 145)
(118, 221, 43, 0, 228)
(299, 216, 0, 0, 240)
(299, 101, 0, 87, 86)
(74, 217, 56, 0, 12)
(171, 203, 111, 0, 43)
(55, 170, 4, 3, 76)
(144, 200, 67, 0, 65)
(82, 223, 138, 0, 34)
(95, 200, 0, 10, 179)
(89, 207, 98, 0, 255)
(250, 224, 1, 4, 169)
(166, 200, 2, 2, 191)
(238, 139, 5, 3, 142)
(34, 224, 91, 0, 201)
(85, 162, 0, 62, 126)
(97, 216, 65, 0, 39)
(45, 69, 0, 36, 96)
(239, 213, 54, 0, 195)
(256, 60, 11, 1, 228)
(217, 37, 5, 4, 150)
(252, 174, 0, 0, 41)
(192, 205, 4, 2, 210)
(140, 5, 2, 1, 214)
(299, 199, 0, 0, 122)
(228, 224, 36, 0, 255)
(271, 44, 0, 22, 63)
(146, 224, 122, 0, 200)
(288, 178, 3, 0, 222)
(299, 170, 0, 6, 210)
(96, 214, 7, 1, 238)
(231, 172, 44, 0, 154)
(283, 143, 12, 0, 174)
(299, 155, 0, 19, 178)
(277, 109, 0, 14, 198)
(184, 113, 27, 0, 244)
(116, 205, 140, 0, 255)
(116, 198, 1, 4, 223)
(137, 149, 148, 0, 163)
(151, 219, 54, 0, 46)
(263, 109, 11, 1, 198)
(108, 184, 2, 2, 111)
(154, 205, 59, 0, 94)
(38, 152, 2, 9, 113)
(298, 207, 0, 17, 196)
(196, 201, 5, 1, 186)
(169, 214, 0, 0, 131)
(39, 224, 133, 0, 129)
(175, 21, 55, 0, 19)
(82, 187, 46, 0, 247)
(289, 210, 0, 14, 188)
(281, 193, 18, 0, 66)
(180, 173, 0, 0, 111)
(299, 195, 0, 17, 11)
(299, 139, 7, 0, 197)
(77, 205, 169, 0, 197)
(154, 224, 145, 0, 191)
(95, 196, 3, 2, 108)
(0, 7, 47, 0, 99)
(299, 206, 9, 0, 107)
(229, 166, 44, 0, 159)
(172, 210, 36, 0, 38)
(164, 192, 7, 2, 246)
(146, 206, 101, 0, 188)
(184, 224, 0, 0, 90)
(201, 195, 0, 29, 97)
(281, 64, 0, 118, 156)
(6, 100, 17, 0, 69)
(130, 101, 169, 0, 109)
(160, 75, 118, 0, 109)
(228, 208, 0, 2, 187)
(299, 66, 0, 81, 220)
(276, 68, 0, 61, 21)
(157, 224, 113, 0, 31)
(272, 139, 0, 3, 59)
(299, 221, 0, 0, 164)
(283, 224, 0, 0, 240)
(38, 177, 205, 0, 73)
(286, 183, 0, 30, 119)
(293, 201, 1, 2, 133)
(261, 199, 2, 3, 226)
(89, 144, 0, 35, 133)
(217, 51, 0, 46, 94)
(142, 43, 4, 5, 220)
(189, 224, 0, 0, 149)
(299, 121, 0, 8, 150)
(272, 224, 0, 0, 92)
(298, 146, 1, 1, 231)
(245, 107, 1, 3, 121)
(263, 192, 0, 2, 27)
(248, 7, 0, 133, 172)
(125, 224, 107, 0, 151)
(286, 22, 0, 0, 214)
(133, 200, 27, 0, 129)
(257, 224, 62, 0, 204)
(263, 75, 1, 27, 199)
(244, 89, 12, 2, 188)
(251, 164, 31, 0, 0)
(195, 193, 0, 0, 149)
(216, 125, 3, 4, 221)
(299, 157, 0, 67, 249)
(252, 25, 1, 10, 160)
(66, 216, 96, 0, 0)
(228, 131, 0, 0, 176)
(112, 224, 0, 0, 195)
(159, 61, 0, 80, 67)
(180, 224, 0, 0, 201)
(152, 223, 26, 0, 66)
(80, 176, 161, 0, 159)
(291, 218, 8, 0, 164)
(89, 179, 17, 1, 239)
(239, 122, 3, 8, 104)
(208, 135, 1, 14, 245)
(49, 224, 42, 0, 255)
(73, 153, 3, 3, 82)
(145, 102, 10, 5, 89)
(157, 218, 132, 0, 218)
(154, 151, 0, 26, 171)
(254, 70, 0, 95, 234)
(186, 217, 0, 0, 24)
(209, 187, 4, 2, 251)
(212, 214, 26, 0, 19)
(299, 0, 0, 128, 198)
(299, 114, 0, 13, 56)
(299, 224, 0, 0, 84)
(267, 152, 0, 33, 47)
(24, 145, 4, 5, 95)
(266, 71, 0, 14, 225)
(292, 48, 0, 30, 67)
(128, 185, 42, 0, 140)
(299, 158, 0, 25, 21)
(259, 224, 40, 0, 216)
(288, 221, 6, 2, 120)
(280, 217, 0, 0, 110)
(283, 175, 16, 0, 169)
(299, 209, 2, 1, 195)
(234, 224, 39, 0, 89)
(22, 224, 86, 0, 246)
(208, 158, 3, 2, 225)
(284, 121, 3, 5, 159)
(125, 210, 4, 2, 148)
(109, 157, 4, 2, 236)
(243, 161, 2, 2, 220)
(299, 136, 0, 51, 175)
(164, 206, 0, 8, 209)
(284, 224, 5, 0, 159)
(18, 189, 105, 0, 135)
(282, 211, 0, 2, 167)
(286, 213, 13, 0, 49)
(65, 224, 39, 0, 38)
(115, 164, 39, 0, 157)
(286, 224, 0, 0, 192)
(234, 116, 18, 0, 159)
(288, 69, 0, 23, 205)
(209, 154, 0, 36, 249)
(4, 107, 9, 4, 100)
(227, 202, 0, 1, 208)
(153, 224, 107, 0, 158)
(299, 224, 0, 0, 223)
(176, 173, 11, 2, 238)
(288, 219, 1, 1, 130)
(136, 173, 44, 0, 160)
(272, 224, 0, 0, 149)
(24, 210, 0, 0, 22)
(254, 77, 0, 86, 171)
(246, 82, 1, 5, 220)
(175, 206, 6, 3, 231)
(282, 74, 0, 0, 198)
(84, 135, 0, 0, 7)
(217, 214, 44, 0, 193)
(271, 148, 0, 23, 137)
(51, 207, 18, 0, 149)
(215, 200, 17, 0, 114)
(265, 177, 9, 1, 192)
(92, 222, 37, 0, 7)
(285, 186, 0, 5, 122)
(220, 224, 15, 0, 137)
(220, 204, 12, 0, 39)
(299, 42, 0, 17, 59)
(169, 224, 21, 0, 78)
(272, 224, 0, 0, 39)
(295, 4, 0, 76, 22)
(299, 134, 0, 17, 139)
(21, 207, 28, 0, 48)
(294, 196, 0, 0, 171)
(193, 69, 1, 1, 74)
(101, 176, 13, 1, 166)
(0, 197, 94, 0, 150)
(188, 184, 1, 3, 156)
(22, 198, 9, 4, 212)
(262, 9, 2, 3, 145)
(284, 44, 0, 146, 79)
(45, 90, 5, 2, 79)
(54, 25, 0, 11, 239)
(147, 63, 2, 6, 98)
(49, 99, 16, 2, 153)
(211, 24, 0, 88, 203)
(293, 44, 5, 2, 169)
(58, 212, 210, 0, 155)
(225, 224, 4, 0, 54)
(272, 173, 40, 0, 0)
(299, 10, 0, 214, 181)
(52, 210, 135, 0, 100)
(262, 184, 0, 40, 136)
(3, 20, 0, 14, 130)
(253, 224, 46, 0, 133)
(299, 15, 0, 56, 148)
(299, 52, 0, 25, 167)
(172, 224, 127, 0, 196)
(258, 44, 0, 43, 157)
(151, 223, 11, 1, 215)
(32, 30, 1, 8, 227)
(285, 25, 0, 131, 163)
(284, 13, 0, 93, 68)
(120, 82, 179, 0, 203)
(210, 46, 7, 3, 142)
(299, 140, 0, 2, 147)
(257, 216, 4, 1, 207)
(72, 212, 154, 0, 92)
(288, 193, 3, 1, 160)
(15, 199, 2, 2, 160)
(299, 115, 0, 35, 118)
(186, 195, 113, 0, 151)
(264, 178, 0, 22, 242)
(299, 224, 0, 4, 47)
(192, 182, 104, 0, 99)
(239, 199, 24, 0, 48)
(149, 201, 85, 0, 7)
(175, 118, 0, 17, 6)
(235, 208, 15, 0, 66)
(181, 163, 77, 0, 155)
(196, 176, 0, 31, 91)
(273, 120, 0, 45, 150)
(282, 203, 0, 20, 25)
(299, 224, 0, 14, 78)
(97, 221, 27, 0, 217)
(273, 201, 2, 1, 147)
(95, 124, 20, 0, 148)
(229, 88, 0, 63, 117)
(189, 219, 62, 0, 72)
(49, 0, 0, 172, 81)
(265, 224, 1, 10, 128)
(279, 69, 3, 2, 172)
(3, 139, 8, 1, 53)
(245, 80, 0, 147, 231)
(237, 189, 1, 17, 195)
(276, 21, 0, 37, 103)
(143, 159, 3, 3, 137)
(278, 112, 17, 0, 9)
(198, 93, 0, 0, 70)
(233, 111, 10, 1, 112)
(143, 206, 0, 12, 168)
(256, 72, 24, 0, 96)
(78, 18, 3, 3, 134)
(210, 162, 41, 0, 6)
(241, 136, 54, 0, 194)
(0, 212, 108, 0, 188)
(223, 82, 2, 3, 107)
(120, 66, 9, 2, 127)
(233, 209, 34, 0, 148)
(279, 160, 8, 3, 213)
(299, 107, 0, 20, 233)
(263, 126, 0, 32, 37)
(265, 224, 18, 0, 47)
(282, 1, 0, 184, 0)
(263, 223, 0, 0, 117)
(299, 204, 0, 0, 185)
(132, 224, 72, 0, 67)
(209, 188, 0, 7, 38)
(246, 149, 0, 11, 182)
(265, 179, 2, 2, 237)
(79, 206, 90, 0, 82)
(281, 188, 3, 1, 197)
(252, 210, 0, 11, 240)
(70, 168, 8, 2, 169)
(234, 224, 32, 0, 79)
(63, 88, 3, 7, 65)
(39, 22, 7, 6, 165)
(49, 193, 18, 0, 192)
(134, 170, 0, 0, 202)
(34, 219, 5, 4, 188)
(299, 132, 0, 61, 200)
(252, 73, 0, 35, 213)
(153, 209, 18, 0, 64)
(19, 209, 5, 3, 201)
(181, 210, 17, 0, 76)
(24, 169, 216, 0, 70)
(0, 171, 239, 0, 182)
(151, 69, 62, 0, 25)
(141, 201, 22, 0, 55)
(57, 217, 227, 0, 188)
(299, 0, 0, 71, 31)
(246, 14, 3, 1, 186)
(36, 200, 121, 0, 255)
(187, 223, 5, 5, 189)
(210, 171, 0, 24, 0)
(268, 29, 0, 44, 45)
(175, 187, 66, 0, 88)
(51, 0, 21, 9, 198)
(299, 80, 0, 142, 255)
(293, 222, 1, 2, 130)
(299, 110, 0, 114, 192)
(294, 36, 0, 43, 227)
(86, 194, 161, 0, 122)
(97, 169, 9, 1, 128)
(179, 174, 35, 0, 1)
(0, 198, 2, 0, 98)
(236, 207, 0, 0, 41)
(299, 26, 0, 1, 73)
(38, 224, 33, 0, 255)
(52, 205, 0, 0, 236)
(154, 100, 0, 18, 7)
(299, 209, 0, 15, 113)
(171, 210, 42, 0, 121)
(288, 9, 2, 1, 205)
(191, 196, 1, 6, 129)
(139, 224, 109, 0, 162)
(236, 214, 7, 4, 174)
(38, 17, 129, 0, 11)
(270, 224, 26, 0, 104)
(284, 108, 14, 1, 183)
(299, 17, 0, 51, 145)
(204, 195, 4, 4, 204)
(36, 224, 151, 0, 217)
(206, 187, 0, 31, 89)
(222, 101, 2, 1, 101)
(175, 188, 88, 0, 229)
(203, 160, 13, 0, 15)
(0, 15, 187, 0, 207)
(117, 157, 8, 7, 50)
(166, 217, 2, 7, 201)
(0, 199, 46, 0, 107)
(21, 205, 62, 0, 87)
(231, 174, 20, 0, 96)
(49, 32, 5, 4, 147)
(258, 224, 0, 0, 106)
(261, 17, 7, 0, 162)
(249, 191, 0, 0, 181)
(291, 130, 0, 34, 241)
(81, 224, 216, 0, 98)
(84, 21, 0, 154, 186)
(299, 50, 0, 113, 219)
(269, 204, 6, 0, 124)
(299, 167, 0, 32, 65)
(266, 96, 0, 72, 49)
(238, 0, 0, 0, 221)
(126, 189, 1, 8, 67)
(299, 11, 0, 101, 65)
(236, 166, 28, 0, 48)
(296, 177, 0, 29, 79)
(104, 221, 182, 0, 180)
(299, 196, 0, 0, 137)
(137, 216, 1, 2, 149)
(172, 108, 0, 65, 21)
(0, 0, 11, 5, 178)
(34, 224, 113, 0, 180)
(225, 193, 0, 6, 181)
(10, 34, 4, 7, 162)
(299, 187, 1, 0, 86)
(273, 162, 0, 19, 159)
(298, 201, 0, 14, 154)
(254, 136, 27, 0, 255)
(206, 26, 0, 67, 152)
(299, 109, 0, 68, 244)
(35, 209, 0, 17, 75)
(223, 66, 1, 3, 209)
(140, 224, 0, 0, 101)
(0, 224, 250, 0, 153)
(286, 219, 0, 0, 200)
(73, 181, 9, 1, 89)
(286, 76, 0, 167, 206)
(120, 183, 100, 0, 158)
(299, 20, 0, 63, 198)
(66, 167, 6, 3, 114)
(66, 130, 3, 3, 89)
(265, 188, 0, 19, 69)
(279, 200, 11, 0, 159)
(254, 200, 2, 1, 184)
(147, 200, 1, 2, 133)
(288, 222, 3, 1, 123)
(277, 208, 0, 16, 71)
(5, 222, 89, 0, 20)
(248, 224, 17, 0, 155)
(299, 204, 0, 2, 192)
(299, 38, 0, 76, 19)
(299, 102, 0, 102, 142)
(90, 134, 0, 90, 62)
(275, 69, 0, 131, 88)
(294, 152, 5, 0, 175)
(109, 192, 0, 20, 228)
(114, 11, 47, 0, 166)
(233, 96, 14, 0, 173)
(299, 152, 0, 8, 221)
(162, 199, 3, 4, 91)
(295, 39, 4, 2, 230)
(243, 188, 4, 4, 186)
(122, 112, 36, 0, 35)
(246, 224, 27, 0, 199)
(0, 199, 9, 4, 193)
(205, 131, 5, 1, 160)
(113, 215, 3, 0, 52)
(299, 157, 0, 0, 6)
(146, 117, 6, 4, 61)
(158, 131, 3, 3, 91)
(270, 224, 29, 0, 110)
(290, 220, 0, 0, 82)
(263, 103, 2, 0, 225)
(65, 117, 23, 1, 161)
(279, 172, 0, 8, 219)
(229, 101, 7, 0, 41)
(188, 188, 7, 2, 244)
(219, 161, 27, 0, 234)
(16, 166, 19, 0, 83)
(299, 87, 0, 62, 175)
(279, 104, 11, 0, 214)
(47, 205, 98, 0, 31)
(197, 71, 0, 0, 245)
(199, 119, 3, 5, 124)
(173, 169, 2, 2, 252)
(299, 23, 0, 172, 0)
(299, 212, 0, 12, 77)
(29, 174, 0, 11, 178)
(154, 224, 113, 0, 225)
(298, 140, 0, 55, 246)
(283, 8, 0, 188, 119)
(299, 18, 0, 34, 50)
(200, 96, 2, 2, 247)
(0, 186, 196, 0, 205)
(96, 65, 15, 1, 188)
(163, 193, 1, 8, 140)
(299, 224, 0, 0, 91)
(104, 222, 7, 0, 198)
(280, 181, 8, 1, 209)
(63, 220, 149, 0, 0)
(48, 224, 83, 0, 95)
(193, 35, 0, 59, 82)
(217, 198, 0, 0, 128)
(212, 196, 0, 28, 78)
(299, 16, 0, 83, 204)
(267, 224, 1, 0, 147)
(283, 38, 0, 89, 219)
(230, 74, 0, 0, 85)
(251, 206, 0, 1, 232)
(151, 223, 37, 0, 135)
(94, 220, 3, 4, 187)
(280, 195, 13, 0, 10)
(203, 64, 3, 20, 131)
(299, 178, 0, 0, 175)
(299, 208, 0, 0, 57)
(161, 163, 1, 5, 98)
(277, 224, 0, 0, 0)
(194, 161, 3, 1, 79)
(284, 213, 15, 0, 166)
(166, 154, 3, 5, 182)
(236, 153, 2, 2, 110)
(42, 218, 51, 0, 179)
(267, 213, 7, 1, 168)
(96, 26, 15, 3, 178)
(266, 79, 0, 80, 102)
(279, 122, 5, 1, 232)
(256, 73, 1, 6, 182)
(218, 213, 0, 0, 110)
(273, 21, 2, 10, 153)
(0, 0, 0, 0, 0)
(0, 0, 0, 0, 0)
(0, 0, 0, 0, 0)
