Background: 197
(0, 38, 217, 152, 154)
(171, 165, 87, 25, 231)
(220, 214, 81, 12, 155)
(0, 152, 42, 35, 72)
(28, 111, 128, 46, 184)
(140, 81, 90, 46, 132)
(26, 194, 204, 23, 209)
(0, 90, 90, 25, 116)
(216, 27, 47, 64, 176)
(79, 167, 75, 39, 162)
(113, 158, 18, 8, 65)
(65, 181, 38, 9, 87)
(245, 184, 54, 30, 179)
(210, 153, 24, 13, 130)
(182, 131, 54, 18, 235)
(158, 0, 75, 30, 225)
(249, 162, 63, 15, 224)
(139, 164, 10, 25, 86)
(38, 21, 104, 68, 174)
(150, 127, 5, 60, 219)
(31, 103, 30, 53, 195)
(99, 106, 28, 16, 215)
(87, 27, 38, 32, 134)
(229, 70, 26, 12, 156)
(42, 161, 67, 9, 117)
(215, 34, 4, 17, 128)
(142, 36, 38, 28, 183)
(158, 101, 27, 36, 151)
(135, 182, 9, 15, 91)
(172, 184, 15, 16, 154)
(21, 5, 59, 38, 201)
(238, 197, 56, 4, 209)
(284, 71, 13, 35, 171)
(101, 134, 42, 8, 113)
(2, 58, 29, 28, 100)
(250, 0, 50, 18, 168)
(222, 206, 42, 12, 185)
(175, 63, 30, 23, 124)
(116, 0, 28, 23, 141)
(98, 210, 108, 4, 225)
(27, 166, 34, 9, 67)
(197, 115, 4, 47, 115)
(255, 143, 24, 8, 222)
(230, 109, 15, 21, 132)
(287, 144, 13, 17, 180)
(35, 61, 46, 23, 194)
(189, 0, 58, 12, 225)
(228, 43, 52, 26, 190)
(124, 175, 11, 44, 205)
(52, 219, 43, 5, 174)
(0, 83, 20, 69, 112)
(266, 207, 19, 17, 156)
(104, 73, 9, 34, 208)
(0, 32, 13, 83, 108)
(287, 218, 15, 7, 115)
(265, 97, 9, 35, 209)
(188, 17, 10, 27, 228)
(216, 221, 58, 4, 145)
(194, 162, 14, 24, 238)
(299, 183, 1, 32, 162)
(138, 83, 17, 39, 108)
(117, 187, 7, 18, 216)
(47, 138, 13, 16, 222)
(0, 177, 32, 14, 102)
(130, 52, 6, 16, 200)
(258, 167, 24, 13, 221)
(159, 198, 42, 5, 166)
(290, 184, 10, 9, 158)
(246, 159, 33, 3, 164)
(192, 77, 24, 12, 111)
(0, 211, 36, 14, 185)
(70, 152, 28, 9, 119)
(252, 41, 22, 6, 165)
(133, 74, 3, 31, 113)
(133, 144, 21, 19, 223)
(16, 191, 80, 5, 215)
(261, 53, 8, 27, 209)
(200, 120, 53, 4, 117)
(274, 14, 10, 92, 190)
(221, 69, 15, 5, 137)
(255, 55, 7, 6, 233)
(273, 19, 7, 11, 164)
(68, 93, 20, 21, 60)
(282, 15, 12, 31, 190)
(203, 134, 5, 23, 223)
(16, 69, 18, 14, 158)
(259, 180, 26, 8, 196)
(294, 194, 5, 21, 167)
(0, 154, 17, 24, 58)
(123, 190, 5, 10, 82)
(196, 97, 10, 8, 203)
(278, 223, 8, 2, 179)
(193, 175, 40, 5, 243)
(290, 81, 7, 5, 215)
(54, 193, 21, 19, 227)
(255, 203, 31, 7, 166)
(111, 186, 5, 18, 78)
(240, 131, 12, 5, 242)
(178, 152, 14, 13, 82)
(230, 150, 32, 6, 215)
(237, 93, 1, 29, 213)
(213, 59, 4, 6, 225)
(55, 119, 87, 9, 207)
(121, 204, 26, 8, 198)
(17, 131, 50, 10, 185)
(158, 140, 6, 62, 118)
(103, 144, 9, 19, 206)
(273, 86, 23, 8, 162)
(36, 181, 19, 9, 182)
(37, 49, 28, 9, 114)
(218, 27, 28, 13, 167)
(148, 189, 10, 3, 95)
(267, 78, 21, 4, 211)
(165, 204, 17, 2, 144)
(202, 189, 30, 19, 214)
(129, 146, 4, 13, 121)
(228, 145, 56, 1, 227)
(174, 149, 4, 37, 223)
(280, 29, 16, 5, 155)
(260, 224, 0, 0, 68)
(92, 113, 47, 8, 212)
(66, 169, 58, 6, 210)
(230, 209, 0, 0, 0)
(0, 138, 13, 16, 81)
(141, 113, 5, 23, 134)
(159, 88, 3, 72, 153)
(24, 25, 27, 25, 186)
(167, 132, 15, 13, 125)
(103, 41, 13, 13, 85)
(142, 218, 21, 7, 210)
(58, 161, 10, 27, 127)
(149, 194, 9, 3, 239)
(38, 143, 25, 7, 239)
(100, 165, 32, 2, 103)
(95, 214, 85, 5, 213)
(56, 224, 19, 3, 165)
(0, 120, 44, 9, 156)
(134, 163, 3, 20, 215)
(260, 196, 18, 3, 181)
(282, 157, 18, 3, 129)
(97, 27, 13, 7, 182)
(275, 209, 9, 4, 146)
(227, 147, 7, 3, 170)
(198, 221, 19, 4, 174)
(18, 25, 11, 6, 156)
(286, 123, 11, 15, 215)
(267, 83, 8, 5, 161)
(162, 105, 3, 24, 120)
(116, 95, 26, 7, 123)
(23, 107, 13, 22, 172)
(64, 178, 49, 3, 222)
(295, 95, 22, 22, 214)
(251, 120, 6, 10, 168)
(283, 55, 16, 15, 208)
(211, 33, 1, 40, 199)
(93, 198, 12, 3, 206)
(47, 212, 8, 7, 227)
(261, 219, 11, 2, 141)
(276, 35, 8, 19, 203)
(222, 85, 25, 12, 208)
(60, 147, 55, 6, 158)
(193, 115, 19, 13, 102)
(196, 201, 28, 5, 221)
(242, 214, 10, 4, 160)
(264, 97, 5, 8, 181)
(277, 72, 22, 7, 163)
(150, 29, 21, 17, 204)
(251, 141, 26, 2, 159)
(90, 0, 23, 25, 213)
(227, 32, 3, 16, 216)
(101, 103, 24, 4, 201)
(245, 58, 5, 17, 168)
(298, 139, 1, 15, 210)
(233, 125, 14, 4, 115)
(233, 129, 3, 8, 125)
(92, 199, 3, 12, 194)
(115, 176, 9, 11, 87)
(148, 133, 5, 38, 220)
(66, 45, 17, 11, 215)
(135, 75, 16, 20, 142)
(194, 156, 11, 4, 108)
(99, 207, 18, 4, 223)
(128, 13, 2, 56, 142)
(268, 128, 3, 6, 136)
(258, 168, 11, 5, 194)
(141, 224, 76, 0, 174)
(297, 221, 4, 3, 94)
(122, 81, 84, 3, 123)
(289, 206, 8, 3, 217)
(287, 139, 5, 12, 173)
(190, 35, 3, 15, 198)
(248, 30, 3, 6, 236)
(39, 92, 12, 4, 128)
(216, 155, 15, 6, 99)
(42, 96, 7, 23, 172)
(236, 78, 2, 90, 202)
(278, 123, 13, 3, 166)
(175, 192, 27, 4, 141)
(79, 138, 23, 9, 208)
(295, 209, 4, 6, 164)
(170, 159, 4, 14, 232)
(200, 60, 10, 4, 194)
(207, 113, 12, 8, 104)
(193, 214, 0, 3, 117)
(159, 188, 10, 4, 240)
(188, 122, 4, 31, 232)
(0, 91, 7, 6, 181)
(236, 97, 25, 10, 213)
(275, 222, 11, 2, 197)
(230, 222, 20, 2, 126)
(87, 32, 1, 63, 167)
(178, 176, 3, 15, 213)
(147, 54, 3, 33, 134)
(238, 192, 59, 5, 174)
(156, 91, 0, 0, 145)
(256, 91, 7, 6, 177)
(251, 143, 19, 2, 237)
(0, 70, 9, 13, 72)
(11, 221, 17, 3, 210)
(251, 183, 6, 9, 191)
(60, 214, 32, 3, 195)
(21, 224, 220, 0, 0)
(177, 157, 7, 9, 69)
(231, 220, 2, 4, 123)
(169, 177, 3, 14, 128)
(238, 18, 7, 8, 153)
(68, 134, 25, 4, 128)
(100, 124, 10, 10, 174)
(223, 27, 3, 14, 194)
(243, 200, 9, 3, 220)
(161, 177, 1, 3, 181)
(136, 138, 24, 6, 217)
(62, 153, 3, 13, 198)
(279, 195, 13, 2, 191)
(284, 216, 15, 2, 135)
(197, 14, 24, 18, 228)
(168, 197, 7, 4, 245)
(181, 46, 8, 29, 136)
(109, 90, 26, 2, 168)
(136, 23, 32, 6, 206)
(140, 224, 94, 0, 63)
(135, 0, 4, 13, 198)
(299, 63, 0, 0, 105)
(191, 113, 6, 12, 108)
(195, 88, 22, 5, 120)
(242, 112, 13, 6, 187)
(255, 155, 8, 4, 216)
(135, 200, 5, 6, 226)
(110, 174, 6, 10, 194)
(49, 89, 13, 11, 149)
(299, 104, 0, 82, 132)
(272, 109, 8, 6, 220)
(233, 15, 6, 7, 152)
(0, 183, 23, 4, 83)
(173, 101, 25, 7, 163)
(26, 80, 14, 12, 125)
(283, 93, 5, 5, 219)
(73, 126, 15, 8, 249)
(110, 218, 112, 0, 127)
(250, 174, 40, 3, 231)
(163, 207, 32, 3, 226)
(299, 188, 0, 34, 146)
(229, 89, 0, 135, 1)
(244, 151, 63, 1, 189)
(208, 220, 21, 1, 175)
(164, 143, 5, 8, 90)
(219, 216, 13, 3, 168)
(282, 26, 0, 173, 62)
(69, 67, 38, 13, 172)
(158, 63, 18, 9, 172)
(182, 196, 57, 2, 217)
(248, 160, 31, 1, 142)
(119, 80, 11, 1, 209)
(143, 206, 28, 1, 172)
(227, 181, 9, 11, 220)
(138, 180, 8, 6, 61)
(295, 64, 1, 0, 19)
(209, 105, 21, 6, 147)
(287, 224, 8, 1, 133)
(179, 142, 12, 8, 233)
(241, 0, 5, 15, 231)
(227, 60, 7, 26, 152)
(10, 167, 9, 12, 56)
(85, 130, 11, 5, 83)
(95, 44, 3, 8, 77)
(103, 185, 9, 5, 211)
(122, 171, 3, 8, 90)
(95, 215, 28, 0, 0)
(21, 92, 5, 8, 79)
(76, 0, 21, 19, 208)
(296, 103, 0, 50, 219)
(203, 199, 9, 1, 241)
(97, 202, 14, 4, 93)
(99, 218, 26, 5, 203)
(114, 8, 10, 26, 118)
(292, 141, 4, 16, 196)
(179, 215, 49, 2, 196)
(96, 169, 16, 4, 175)
(137, 214, 10, 4, 244)
(200, 124, 6, 15, 152)
(295, 203, 0, 0, 0)
(297, 37, 0, 0, 207)
(61, 177, 29, 2, 153)
(266, 28, 8, 9, 217)
(157, 0, 10, 29, 215)
(118, 123, 8, 13, 174)
(243, 189, 4, 1, 166)
(139, 197, 13, 3, 105)
(113, 144, 14, 7, 202)
(174, 223, 45, 2, 178)
(56, 221, 21, 3, 160)
(199, 196, 17, 1, 172)
(163, 203, 8, 1, 123)
(173, 201, 7, 2, 222)
(299, 213, 0, 12, 226)
(273, 157, 15, 1, 173)
(79, 205, 8, 2, 187)
(86, 157, 13, 9, 78)
(254, 116, 9, 7, 174)
(77, 154, 21, 3, 159)
(299, 204, 6, 6, 179)
(44, 156, 23, 8, 170)
(253, 22, 2, 18, 210)
(153, 224, 65, 0, 185)
(59, 218, 28, 1, 180)
(223, 160, 6, 6, 184)
(276, 95, 2, 9, 223)
(48, 188, 22, 4, 200)
(162, 183, 20, 0, 81)
(19, 153, 21, 4, 105)
(266, 175, 5, 5, 208)
(257, 223, 2, 1, 95)
(197, 0, 0, 81, 194)
(219, 128, 11, 18, 246)
(143, 33, 6, 6, 133)
(167, 166, 22, 7, 233)
(47, 71, 20, 17, 194)
(164, 100, 4, 15, 177)
(192, 224, 18, 3, 168)
(30, 152, 5, 4, 157)
(184, 198, 7, 1, 221)
(270, 126, 11, 13, 207)
(297, 33, 2, 5, 151)
(256, 201, 16, 1, 199)
(6, 224, 4, 1, 102)
(188, 215, 13, 0, 35)
(194, 82, 6, 1, 156)
(90, 190, 11, 2, 90)
(254, 203, 36, 0, 71)
(214, 152, 3, 2, 229)
(265, 148, 0, 41, 159)
(294, 92, 5, 2, 153)
(117, 206, 8, 2, 145)
(232, 170, 19, 5, 221)
(252, 222, 2, 4, 195)
(294, 186, 1, 21, 173)
(193, 192, 3, 4, 224)
(280, 88, 3, 17, 169)
(261, 208, 9, 2, 146)
(35, 99, 3, 11, 195)
(222, 52, 5, 14, 141)
(287, 6, 8, 8, 150)
(47, 187, 67, 0, 93)
(292, 163, 8, 3, 206)
(292, 36, 7, 8, 221)
(190, 192, 2, 6, 127)
(281, 43, 14, 10, 209)
(125, 224, 77, 0, 60)
(198, 216, 6, 6, 198)
(82, 197, 8, 5, 114)
(232, 68, 0, 86, 85)
(175, 175, 3, 7, 134)
(202, 172, 18, 4, 234)
(281, 102, 0, 0, 108)
(0, 0, 17, 6, 181)
(70, 190, 6, 16, 218)
(120, 117, 11, 4, 228)
(146, 94, 5, 32, 87)
(170, 120, 7, 10, 167)
(0, 224, 248, 0, 27)
(75, 204, 18, 2, 195)
(234, 58, 2, 26, 142)
(183, 167, 48, 4, 242)
(0, 49, 9, 10, 190)
(134, 215, 6, 4, 185)
(130, 210, 10, 3, 231)
(258, 133, 10, 6, 168)
(235, 223, 5, 1, 146)
(226, 200, 52, 0, 72)
(271, 202, 11, 7, 169)
(200, 93, 17, 3, 158)
(292, 18, 42, 5, 180)
(208, 191, 8, 5, 192)
(251, 81, 20, 2, 187)
(249, 204, 39, 0, 111)
(153, 187, 6, 2, 210)
(289, 41, 4, 4, 134)
(187, 219, 0, 5, 212)
(269, 219, 25, 0, 165)
(13, 219, 165, 0, 0)
(244, 100, 13, 1, 232)
(102, 55, 26, 18, 146)
(236, 136, 7, 7, 164)
(2, 179, 11, 3, 192)
(41, 178, 12, 9, 199)
(296, 71, 0, 138, 173)
(299, 50, 2, 7, 154)
(0, 203, 8, 17, 178)
(110, 150, 5, 5, 53)
(243, 130, 9, 4, 247)
(247, 0, 0, 136, 145)
(251, 213, 21, 0, 51)
(289, 183, 4, 3, 178)
(261, 116, 34, 1, 216)
(166, 191, 6, 6, 248)
(56, 87, 43, 4, 131)
(272, 168, 27, 7, 227)
(229, 124, 6, 4, 99)
(218, 224, 25, 0, 125)
(95, 224, 121, 0, 28)
(129, 147, 7, 5, 115)
(206, 154, 6, 6, 228)
(11, 224, 8, 2, 217)
(272, 121, 16, 3, 177)
(104, 201, 13, 1, 89)
(145, 224, 0, 2, 79)
(72, 95, 21, 3, 81)
(264, 11, 8, 3, 196)
(116, 202, 4, 3, 155)
(179, 144, 82, 0, 50)
(291, 101, 7, 14, 200)
(152, 198, 1, 5, 80)
(145, 198, 7, 7, 109)
(157, 108, 2, 24, 116)
(299, 198, 0, 22, 94)
(220, 0, 13, 24, 229)
(247, 0, 12, 9, 175)
(234, 117, 1, 19, 100)
(299, 141, 1, 8, 206)
(255, 175, 12, 6, 228)
(291, 147, 2, 13, 174)
(134, 167, 1, 25, 171)
(275, 224, 5, 0, 16)
(299, 56, 0, 0, 187)
(245, 198, 14, 3, 227)
(282, 215, 7, 6, 137)
(219, 73, 5, 12, 213)
(280, 181, 4, 8, 211)
(210, 67, 2, 6, 234)
(87, 224, 174, 0, 140)
(167, 224, 51, 0, 68)
(56, 166, 19, 2, 146)
(212, 34, 1, 48, 185)
(295, 145, 4, 1, 128)
(76, 147, 29, 0, 242)
(44, 54, 4, 9, 122)
(186, 206, 16, 1, 228)
(280, 161, 17, 4, 213)
(229, 206, 29, 2, 187)
(120, 195, 2, 3, 231)
(222, 210, 107, 0, 185)
(156, 164, 5, 17, 94)
(196, 202, 10, 4, 231)
(271, 222, 4, 1, 193)
(231, 105, 2, 15, 172)
(108, 128, 13, 2, 207)
(299, 76, 0, 95, 153)
(266, 47, 7, 5, 155)
(93, 202, 5, 6, 154)
(200, 136, 7, 5, 170)
(66, 136, 8, 6, 225)
(153, 148, 2, 18, 170)
(174, 192, 11, 4, 135)
(83, 72, 14, 15, 147)
(87, 224, 129, 0, 0)
(0, 5, 26, 7, 192)
(288, 206, 11, 1, 186)
(185, 185, 2, 5, 196)
(236, 94, 9, 6, 218)
(177, 171, 16, 3, 246)
(172, 200, 6, 2, 243)
(134, 205, 3, 4, 155)
(58, 105, 6, 2, 69)
(166, 224, 7, 0, 29)
(278, 224, 8, 4, 203)
(268, 211, 5, 7, 166)
(267, 219, 29, 0, 0)
(219, 216, 19, 4, 173)
(289, 71, 1, 2, 233)
(116, 168, 6, 7, 236)
(55, 180, 9, 7, 121)
(294, 92, 0, 55, 120)
(109, 67, 3, 22, 216)
(285, 224, 0, 0, 91)
(168, 17, 23, 10, 232)
(55, 133, 7, 8, 146)
(298, 185, 2, 5, 150)
(0, 224, 11, 1, 74)
(64, 118, 9, 7, 184)
(10, 107, 13, 20, 100)
(146, 70, 13, 2, 112)
(0, 224, 220, 0, 91)
(233, 155, 6, 6, 224)
(221, 210, 12, 5, 196)
(227, 80, 2, 15, 159)
(30, 12, 47, 18, 207)
(278, 150, 5, 1, 111)
(115, 155, 7, 8, 49)
(243, 140, 20, 1, 226)
(13, 219, 6, 2, 125)
(116, 224, 24, 6, 183)
(207, 139, 1, 12, 151)
(221, 203, 29, 1, 206)
(290, 113, 3, 0, 16)
(71, 140, 9, 11, 169)
(150, 91, 12, 9, 167)
(289, 8, 14, 2, 184)
(187, 40, 5, 10, 157)
(298, 42, 1, 16, 183)
(276, 163, 3, 9, 215)
(132, 188, 22, 1, 112)
(268, 184, 4, 1, 229)
(289, 208, 3, 2, 240)
(290, 93, 1, 33, 203)
(222, 83, 2, 3, 121)
(181, 121, 4, 17, 113)
(251, 211, 21, 3, 175)
(152, 224, 46, 0, 221)
(290, 188, 0, 0, 105)
(81, 60, 17, 7, 208)
(58, 173, 235, 0, 132)
(26, 54, 2, 36, 100)
(77, 168, 9, 5, 238)
(123, 208, 0, 0, 187)
(245, 199, 19, 1, 229)
(299, 43, 0, 70, 127)
(203, 103, 5, 6, 111)
(16, 134, 34, 3, 202)
(259, 218, 4, 1, 178)
(24, 145, 3, 20, 75)
(265, 198, 7, 6, 203)
(287, 173, 12, 0, 250)
(87, 61, 7, 16, 195)
(150, 139, 0, 85, 70)
(250, 223, 3, 1, 195)
(262, 106, 10, 20, 216)
(201, 195, 1, 4, 129)
(258, 31, 2, 14, 206)
(0, 133, 4, 6, 67)
(91, 196, 17, 3, 211)
(240, 103, 3, 7, 199)
(260, 157, 0, 47, 0)
(285, 208, 1, 5, 186)
(208, 132, 25, 12, 244)
(240, 146, 25, 2, 194)
(95, 71, 5, 42, 151)
(180, 86, 18, 13, 126)
(299, 95, 0, 68, 237)
(299, 20, 10, 4, 82)
(85, 219, 10, 25, 181)
(275, 55, 5, 3, 161)
(283, 0, 0, 0, 239)
(273, 95, 6, 6, 217)
(251, 136, 0, 0, 226)
(299, 55, 0, 74, 133)
(169, 73, 6, 32, 131)
(148, 224, 10, 0, 40)
(127, 95, 15, 4, 159)
(125, 110, 2, 3, 107)
(271, 142, 0, 55, 0)
(156, 196, 3, 6, 245)
(269, 138, 0, 0, 52)
(180, 176, 77, 1, 246)
(270, 149, 3, 4, 172)
(112, 53, 1, 40, 165)
(39, 23, 5, 12, 144)
(282, 124, 0, 46, 255)
(14, 204, 11, 9, 193)
(75, 75, 3, 21, 179)
(149, 98, 12, 3, 128)
(111, 82, 3, 4, 168)
(86, 129, 113, 0, 0)
(132, 157, 6, 11, 235)
(160, 120, 2, 25, 108)
(210, 117, 6, 4, 180)
(262, 96, 1, 32, 202)
(155, 174, 121, 0, 160)
(216, 122, 5, 8, 206)
(140, 52, 4, 19, 156)
(126, 166, 5, 5, 94)
(266, 16, 0, 82, 64)
(220, 200, 7, 9, 213)
(20, 63, 4, 7, 166)
(267, 127, 3, 3, 210)
(237, 138, 0, 31, 146)
(264, 177, 10, 1, 196)
(116, 22, 20, 4, 144)
(51, 207, 3, 9, 230)
(130, 13, 8, 12, 111)
(262, 194, 8, 2, 191)
(96, 212, 10, 5, 233)
(88, 202, 70, 0, 158)
(290, 176, 7, 1, 204)
(294, 224, 26, 0, 90)
(279, 49, 0, 96, 111)
(299, 200, 0, 24, 207)
(299, 18, 0, 62, 79)
(287, 221, 7, 3, 124)
(299, 194, 0, 0, 6)
(107, 205, 8, 1, 200)
(195, 224, 60, 0, 24)
(148, 215, 121, 0, 121)
(63, 156, 18, 4, 142)
(234, 144, 2, 15, 197)
(60, 168, 9, 5, 100)
(299, 99, 0, 63, 197)
(283, 136, 3, 5, 163)
(40, 21, 9, 6, 169)
(299, 92, 0, 22, 200)
(19, 195, 29, 6, 211)
(257, 162, 7, 4, 210)
(163, 131, 4, 10, 217)
(122, 129, 34, 0, 175)
(231, 26, 4, 21, 150)
(285, 183, 14, 1, 181)
(10, 36, 29, 2, 198)
(299, 224, 0, 0, 215)
(287, 202, 8, 2, 195)
(111, 21, 1, 10, 213)
(34, 126, 4, 7, 209)
(295, 188, 1, 17, 168)
(299, 42, 0, 169, 31)
(221, 141, 11, 4, 251)
(116, 40, 3, 8, 192)
(10, 51, 6, 4, 107)
(274, 200, 11, 2, 180)
(205, 175, 2, 22, 233)
(194, 151, 3, 10, 84)
(128, 170, 4, 30, 231)
(270, 67, 0, 24, 90)
(233, 154, 4, 4, 131)
(145, 110, 2, 7, 183)
(144, 191, 6, 5, 205)
(78, 196, 2, 9, 180)
(274, 224, 0, 0, 176)
(295, 210, 4, 2, 149)
(299, 69, 0, 65, 243)
(171, 171, 3, 13, 196)
(242, 27, 23, 3, 179)
(262, 153, 37, 3, 189)
(14, 141, 11, 10, 133)
(271, 203, 20, 0, 119)
(250, 161, 24, 0, 219)
(0, 114, 94, 0, 5)
(267, 221, 6, 2, 151)
(255, 224, 16, 0, 182)
(234, 224, 2, 1, 204)
(256, 0, 2, 23, 205)
(275, 20, 0, 172, 222)
(293, 209, 2, 8, 162)
(128, 138, 2, 25, 117)
(297, 224, 3, 4, 97)
(53, 151, 0, 67, 43)
(155, 85, 33, 5, 149)
(139, 129, 10, 7, 120)
(106, 182, 2, 18, 204)
(175, 150, 5, 5, 247)
(114, 224, 124, 0, 0)
(154, 15, 9, 1, 194)
(287, 135, 4, 1, 188)
(160, 171, 8, 10, 142)
(299, 185, 0, 21, 80)
(299, 212, 0, 5, 34)
(134, 186, 6, 5, 77)
(141, 224, 24, 8, 220)
(39, 178, 3, 12, 165)
(242, 188, 29, 0, 94)
(99, 224, 107, 0, 153)
(29, 74, 41, 6, 194)
(142, 212, 14, 3, 243)
(132, 69, 3, 17, 94)
(229, 94, 2, 21, 169)
(46, 164, 44, 0, 96)
(133, 13, 27, 2, 173)
(95, 164, 27, 3, 101)
(81, 23, 8, 10, 123)
(105, 82, 5, 28, 226)
(269, 165, 0, 61, 18)
(131, 20, 1, 34, 150)
(226, 194, 8, 1, 194)
(13, 72, 6, 4, 205)
(260, 224, 0, 0, 31)
(242, 54, 4, 8, 219)
(33, 60, 6, 11, 197)
(240, 148, 0, 5, 175)
(259, 94, 1, 14, 212)
(198, 219, 25, 1, 189)
(290, 117, 0, 0, 105)
(261, 160, 1, 7, 207)
(122, 185, 2, 6, 234)
(295, 218, 2, 5, 105)
(150, 162, 1, 25, 169)
(214, 70, 1, 6, 229)
(106, 180, 3, 1, 133)
(279, 224, 0, 0, 191)
(30, 108, 10, 7, 161)
(270, 192, 29, 0, 178)
(80, 224, 93, 0, 255)
(137, 129, 7, 11, 110)
(240, 224, 0, 0, 114)
(290, 77, 2, 2, 212)
(206, 80, 0, 111, 45)
(131, 135, 0, 10, 100)
(66, 115, 16, 4, 123)
(44, 224, 57, 0, 230)
(289, 97, 4, 2, 229)
(76, 201, 94, 0, 1)
(83, 174, 7, 3, 132)
(74, 152, 94, 0, 149)
(104, 136, 15, 3, 69)
(299, 118, 3, 10, 211)
(299, 0, 0, 129, 225)
(150, 210, 9, 3, 253)
(41, 224, 110, 0, 188)
(110, 17, 8, 6, 177)
(126, 14, 2, 25, 152)
(251, 8, 3, 12, 136)
(184, 144, 14, 6, 215)
(38, 120, 4, 7, 111)
(299, 8, 0, 172, 255)
(71, 197, 143, 0, 200)
(242, 220, 21, 2, 152)
(220, 224, 78, 0, 172)
(144, 67, 5, 1, 100)
(265, 76, 3, 18, 180)
(299, 224, 0, 0, 211)
(299, 182, 0, 42, 115)
(290, 146, 0, 42, 101)
(299, 219, 0, 5, 118)
(268, 150, 3, 5, 222)
(277, 198, 7, 2, 230)
(98, 75, 15, 7, 193)
(187, 64, 11, 8, 114)
(122, 201, 84, 0, 202)
(253, 133, 1, 5, 125)
(299, 181, 0, 25, 153)
(196, 54, 4, 21, 114)
(195, 196, 30, 0, 198)
(96, 224, 148, 0, 201)
(223, 193, 15, 3, 198)
(215, 224, 72, 0, 0)
(299, 0, 0, 121, 151)
(139, 224, 72, 0, 32)
(164, 171, 5, 2, 183)
(1, 177, 36, 2, 79)
(287, 166, 12, 6, 231)
(245, 47, 12, 10, 196)
(235, 196, 9, 0, 30)
(299, 215, 1, 4, 125)
(30, 197, 237, 0, 250)
(265, 148, 0, 0, 46)
(265, 213, 10, 1, 172)
(47, 33, 9, 26, 179)
(25, 84, 0, 60, 114)
(241, 134, 10, 3, 230)
(210, 165, 6, 2, 200)
(89, 148, 23, 2, 79)
(16, 43, 28, 5, 179)
(248, 40, 0, 92, 225)
(64, 128, 4, 10, 123)
(246, 61, 0, 54, 197)
(294, 153, 5, 2, 208)
(4, 221, 4, 3, 163)
(299, 88, 0, 73, 151)
(209, 224, 8, 1, 192)
(78, 215, 3, 9, 177)
(256, 22, 1, 29, 170)
(0, 109, 22, 3, 89)
(125, 200, 6, 1, 155)
(167, 224, 88, 0, 127)
(299, 74, 0, 118, 196)
(278, 224, 6, 11, 206)
(181, 143, 70, 0, 144)
(71, 42, 5, 18, 159)
(261, 185, 0, 0, 136)
(208, 147, 5, 4, 110)
(214, 52, 2, 2, 123)
(220, 96, 5, 23, 131)
(259, 206, 0, 17, 175)
(48, 208, 185, 0, 229)
(275, 185, 4, 4, 180)
(245, 145, 6, 2, 243)
(176, 38, 16, 3, 196)
(135, 14, 0, 44, 125)
(132, 200, 7, 3, 232)
(154, 112, 0, 31, 34)
(224, 224, 48, 0, 247)
(189, 151, 0, 0, 237)
(250, 209, 2, 4, 216)
(185, 115, 14, 3, 127)
(299, 214, 0, 4, 21)
(290, 110, 9, 4, 215)
(47, 67, 26, 0, 195)
(75, 219, 7, 3, 157)
(272, 215, 12, 2, 148)
(164, 0, 53, 9, 222)
(131, 224, 107, 0, 100)
(78, 120, 3, 5, 117)
(260, 215, 2, 4, 216)
(34, 205, 17, 7, 204)
(198, 181, 3, 6, 198)
(75, 165, 14, 1, 54)
(166, 71, 64, 0, 70)
(5, 223, 5, 1, 74)
(142, 43, 4, 5, 221)
(183, 186, 0, 19, 5)
(189, 127, 5, 14, 245)
(243, 218, 3, 6, 143)
(279, 106, 3, 18, 212)
(254, 222, 16, 0, 94)
(199, 39, 7, 13, 133)
(230, 224, 0, 0, 23)
(259, 64, 0, 92, 184)
(241, 220, 0, 0, 0)
(232, 164, 9, 1, 104)
(299, 214, 2, 1, 175)
(274, 46, 1, 22, 176)
(299, 200, 2, 6, 165)
(257, 215, 0, 9, 62)
(288, 31, 4, 8, 200)
(259, 215, 4, 2, 232)
(252, 104, 3, 0, 197)
(70, 188, 0, 0, 13)
(239, 215, 0, 0, 95)
(254, 96, 1, 4, 146)
(84, 33, 10, 4, 191)
(152, 9, 3, 42, 196)
(299, 45, 0, 11, 62)
(253, 33, 0, 45, 145)
(166, 73, 28, 2, 138)
(136, 177, 3, 3, 184)
(158, 191, 0, 0, 24)
(182, 5, 48, 6, 225)
(159, 58, 7, 12, 188)
(173, 197, 10, 2, 156)
(206, 152, 3, 3, 248)
(209, 84, 1, 8, 156)
(87, 130, 19, 2, 126)
(260, 181, 0, 0, 132)
(151, 193, 4, 1, 253)
(80, 171, 1, 0, 27)
(249, 189, 17, 3, 187)
(171, 224, 78, 0, 246)
(283, 171, 16, 2, 218)
(69, 141, 0, 0, 201)
(286, 74, 0, 103, 197)
(274, 2, 4, 19, 177)
(228, 224, 0, 0, 115)
(97, 202, 3, 5, 110)
(291, 23, 0, 61, 151)
(244, 183, 10, 6, 196)
(45, 221, 10, 2, 181)
(297, 60, 10, 5, 216)
(227, 0, 0, 73, 194)
(154, 133, 5, 10, 241)
(270, 25, 0, 199, 247)
(221, 152, 0, 0, 154)
(258, 191, 0, 4, 11)
(299, 153, 0, 61, 152)
(263, 187, 36, 0, 69)
(16, 224, 0, 11, 125)
(142, 224, 31, 0, 158)
(236, 48, 0, 177, 197)
(299, 60, 0, 17, 141)
(271, 221, 10, 1, 172)
(152, 209, 31, 0, 31)
(140, 125, 11, 5, 149)
(295, 128, 0, 38, 71)
(294, 158, 2, 3, 113)
(13, 157, 9, 7, 81)
(99, 21, 4, 30, 177)
(161, 219, 28, 4, 202)
(250, 224, 42, 0, 217)
(140, 0, 1, 2, 205)
(270, 36, 0, 152, 214)
(278, 193, 13, 2, 167)
(177, 146, 2, 10, 255)
(172, 183, 0, 0, 90)
(141, 211, 7, 2, 198)
(137, 163, 0, 0, 118)
(198, 213, 0, 12, 102)
(299, 220, 0, 0, 178)
(261, 207, 7, 1, 144)
(299, 34, 0, 153, 216)
(173, 103, 11, 15, 171)
(158, 224, 0, 0, 125)
(160, 213, 10, 2, 196)
(299, 37, 0, 55, 62)
(89, 201, 163, 0, 199)
(254, 133, 1, 5, 148)
(272, 168, 0, 0, 138)
(234, 187, 9, 3, 213)
(276, 218, 5, 4, 167)
(235, 219, 16, 3, 148)
(124, 202, 96, 0, 22)
(97, 64, 1, 14, 115)
(299, 3, 0, 95, 230)
(25, 182, 6, 1, 224)
(149, 54, 14, 2, 156)
(284, 159, 2, 2, 219)
(232, 76, 2, 6, 119)
(171, 148, 0, 5, 5)
(88, 13, 21, 7, 220)
(299, 59, 0, 20, 162)
(245, 3, 0, 1, 16)
(288, 219, 3, 4, 122)
(251, 67, 8, 5, 166)
(255, 218, 9, 1, 188)
(282, 181, 17, 1, 207)
(0, 224, 236, 0, 28)
(252, 109, 22, 1, 200)
(243, 183, 8, 1, 227)
(214, 214, 0, 10, 35)
(290, 150, 3, 1, 95)
(217, 145, 3, 5, 238)
(191, 188, 38, 3, 223)
(299, 204, 0, 0, 7)
(239, 66, 6, 5, 196)
(217, 96, 5, 16, 151)
(111, 133, 3, 4, 55)
(152, 161, 2, 21, 249)
(75, 202, 149, 0, 100)
(206, 130, 3, 2, 154)
(273, 103, 3, 4, 146)
(47, 205, 152, 0, 223)
(239, 222, 4, 1, 96)
(255, 180, 4, 2, 238)
(298, 107, 1, 5, 201)
(288, 178, 0, 19, 255)
(116, 198, 7, 2, 219)
(90, 26, 5, 6, 105)
(80, 52, 7, 3, 226)
(252, 219, 4, 3, 158)
(288, 14, 2, 2, 137)
(196, 217, 41, 0, 192)
(267, 93, 4, 8, 197)
(37, 67, 32, 5, 184)
(299, 183, 0, 0, 0)
(258, 191, 2, 7, 174)
(73, 43, 74, 0, 20)
(172, 220, 3, 4, 193)
(139, 194, 0, 21, 174)
(102, 215, 12, 4, 216)
(193, 48, 5, 6, 217)
(127, 198, 1, 1, 202)
(228, 145, 0, 20, 43)
(89, 200, 8, 3, 177)
(67, 220, 232, 0, 0)
(299, 74, 0, 20, 67)
(268, 215, 7, 2, 158)
(130, 101, 26, 5, 91)
(290, 222, 9, 0, 144)
(76, 208, 138, 0, 42)
(193, 183, 28, 0, 101)
(247, 132, 35, 0, 19)
(147, 224, 28, 0, 33)
(298, 149, 1, 2, 179)
(284, 91, 16, 1, 153)
(32, 175, 25, 1, 79)
(203, 216, 56, 0, 255)
(299, 37, 0, 51, 33)
(9, 215, 5, 7, 191)
(180, 183, 3, 4, 101)
(201, 218, 85, 0, 85)
(199, 200, 74, 0, 72)
(297, 45, 2, 3, 216)
(210, 216, 0, 7, 43)
(299, 199, 0, 18, 56)
(299, 194, 0, 30, 215)
(157, 149, 2, 7, 81)
(6, 219, 6, 2, 222)
(177, 224, 122, 0, 187)
(274, 126, 8, 6, 177)
(299, 110, 0, 4, 0)
(118, 58, 1, 25, 199)
(192, 78, 9, 2, 82)
(267, 120, 2, 10, 230)
(219, 192, 0, 15, 255)
(75, 196, 7, 1, 176)
(282, 152, 17, 0, 65)
(229, 224, 27, 0, 229)
(250, 185, 1, 2, 180)
(235, 108, 19, 0, 70)
(298, 215, 1, 2, 130)
(209, 186, 5, 3, 244)
(200, 64, 9, 1, 194)
(154, 218, 3, 2, 190)
(274, 88, 0, 0, 153)
(66, 224, 204, 0, 224)
(150, 129, 3, 10, 247)
(297, 207, 2, 1, 199)
(246, 224, 4, 15, 121)
(280, 137, 1, 4, 216)
(143, 185, 9, 3, 106)
(40, 103, 4, 4, 130)
(113, 222, 28, 0, 142)
(79, 224, 220, 0, 234)
(189, 215, 72, 0, 91)
(97, 132, 4, 18, 219)
(254, 215, 6, 1, 223)
(84, 196, 3, 8, 93)
(31, 101, 2, 7, 211)
(181, 182, 61, 0, 71)
(230, 100, 14, 9, 192)
(187, 108, 12, 3, 98)
(247, 26, 1, 28, 160)
(92, 224, 207, 0, 214)
(136, 209, 6, 1, 163)
(297, 33, 2, 5, 150)
(100, 53, 6, 10, 96)
(299, 217, 0, 0, 189)
(261, 130, 0, 86, 142)
(266, 17, 0, 68, 214)
(64, 21, 11, 10, 221)
(299, 85, 0, 5, 135)
(299, 135, 0, 12, 212)
(12, 178, 35, 0, 150)
(293, 13, 5, 7, 157)
(257, 224, 0, 0, 37)
(218, 143, 0, 46, 89)
(250, 139, 0, 2, 11)
(165, 24, 2, 3, 192)
(242, 170, 19, 2, 224)
(90, 38, 0, 114, 80)
(299, 28, 0, 94, 78)
(263, 136, 4, 2, 108)
(153, 85, 2, 11, 101)
(299, 175, 0, 0, 66)
(39, 146, 45, 0, 187)
(181, 224, 95, 0, 19)
(249, 216, 1, 2, 143)
(29, 217, 51, 0, 162)
(70, 126, 5, 3, 163)
(174, 204, 4, 2, 172)
(252, 201, 1, 9, 194)
(161, 175, 3, 6, 170)
(291, 87, 4, 4, 140)
(78, 113, 5, 5, 114)
(203, 209, 3, 2, 235)
(87, 218, 18, 2, 192)
(259, 148, 1, 4, 165)
(270, 73, 0, 63, 179)
(276, 152, 6, 5, 207)
(150, 150, 6, 7, 181)
(262, 224, 0, 0, 0)
(249, 155, 0, 10, 11)
(288, 68, 7, 3, 188)
(229, 72, 10, 2, 123)
(190, 224, 34, 0, 0)
(53, 108, 3, 10, 223)
(226, 6, 0, 131, 17)
(211, 92, 1, 7, 161)
(54, 103, 9, 2, 79)
(24, 221, 134, 0, 114)
(182, 178, 16, 4, 215)
(282, 15, 5, 3, 219)
(299, 116, 0, 19, 1)
(248, 115, 8, 6, 196)
(247, 176, 40, 0, 246)
(157, 52, 126, 0, 165)
(201, 139, 1, 17, 184)
(210, 184, 18, 3, 237)
(99, 62, 3, 26, 193)
(258, 163, 0, 1, 68)
(197, 220, 0, 0, 106)
(208, 32, 6, 7, 221)
(247, 105, 11, 4, 207)
(287, 106, 1, 2, 249)
(154, 151, 128, 0, 22)
(151, 49, 0, 0, 50)
(299, 7, 0, 27, 99)
(299, 188, 0, 0, 255)
(116, 48, 3, 7, 70)
(249, 189, 3, 2, 188)
(199, 205, 59, 0, 255)
(265, 162, 13, 7, 223)
(299, 160, 0, 40, 73)
(242, 220, 20, 1, 151)
(220, 187, 0, 13, 23)
(153, 192, 8, 1, 122)
(167, 133, 12, 1, 140)
(283, 111, 0, 78, 219)
(139, 88, 6, 4, 100)
(289, 224, 10, 0, 89)
(12, 142, 187, 0, 122)
(219, 33, 4, 23, 161)
(182, 148, 1, 11, 95)
(269, 101, 0, 87, 42)
(273, 140, 0, 0, 155)
(291, 181, 0, 0, 179)
(8, 182, 15, 4, 83)
(252, 128, 37, 0, 0)
(291, 201, 3, 2, 152)
(217, 96, 14, 0, 255)
(299, 208, 0, 16, 233)
(276, 20, 6, 6, 157)
(299, 154, 0, 4, 134)
(146, 224, 101, 0, 90)
(105, 142, 14, 1, 240)
(190, 101, 41, 0, 233)
(57, 224, 67, 0, 203)
(189, 133, 7, 8, 245)
(238, 224, 4, 0, 139)
(215, 102, 5, 5, 179)
(83, 218, 54, 0, 207)
(283, 212, 0, 0, 193)
(35, 189, 3, 2, 221)
(137, 194, 162, 0, 0)
(252, 201, 0, 1, 146)
(0, 216, 7, 4, 169)
(276, 220, 0, 0, 249)
(296, 49, 3, 4, 169)
(253, 203, 46, 0, 255)
(1, 206, 143, 0, 255)
(178, 166, 4, 6, 212)
(258, 68, 22, 2, 208)
(263, 118, 0, 117, 102)
(293, 155, 5, 0, 164)
(214, 190, 3, 3, 241)
(277, 196, 2, 5, 205)
(103, 224, 46, 0, 107)
(57, 60, 14, 4, 144)
(230, 205, 0, 34, 251)
(227, 134, 2, 8, 238)
(142, 159, 10, 4, 208)
(278, 168, 0, 34, 0)
(267, 67, 0, 31, 58)
(168, 79, 0, 158, 138)
(219, 188, 1, 0, 201)
(246, 149, 2, 2, 137)
(265, 169, 34, 0, 233)
(244, 111, 0, 3, 223)
(1, 116, 7, 14, 178)
(276, 42, 0, 19, 200)
(107, 203, 107, 0, 187)
(292, 177, 0, 16, 179)
(299, 222, 0, 2, 60)
(244, 172, 8, 1, 199)
(287, 162, 2, 8, 234)
(299, 121, 0, 90, 175)
(297, 224, 2, 0, 29)
(7, 213, 0, 11, 2)
(141, 79, 1, 15, 175)
(288, 189, 2, 6, 163)
(22, 224, 4, 1, 113)
(297, 165, 0, 0, 110)
(286, 209, 13, 0, 103)
(235, 79, 2, 2, 141)
(291, 210, 1, 7, 158)
(70, 181, 37, 1, 106)
(277, 114, 4, 3, 185)
(288, 224, 0, 0, 87)
(29, 220, 9, 4, 187)
(299, 209, 0, 0, 235)
(299, 224, 5, 0, 75)
(299, 116, 0, 34, 8)
(298, 117, 0, 30, 78)
(296, 162, 3, 1, 207)
(271, 182, 0, 0, 150)
(202, 147, 4, 7, 238)
(204, 179, 8, 0, 38)
(233, 43, 17, 4, 199)
(288, 117, 0, 7, 42)
(108, 219, 138, 0, 29)
(292, 0, 3, 10, 160)
(185, 224, 19, 0, 69)
(240, 75, 21, 3, 145)
(236, 162, 63, 0, 75)
(299, 178, 0, 13, 76)
(36, 44, 2, 6, 111)
(299, 0, 0, 118, 0)
(272, 29, 3, 2, 150)
(285, 139, 0, 31, 7)
(170, 205, 1, 2, 96)
(92, 151, 2, 2, 60)
(180, 191, 0, 30, 190)
(298, 221, 0, 1, 142)
(288, 0, 0, 108, 226)
(243, 137, 0, 77, 249)
(299, 167, 0, 11, 83)
(223, 118, 0, 50, 243)
(164, 224, 120, 0, 118)
(204, 224, 32, 0, 189)
(243, 143, 1, 0, 14)
(113, 153, 4, 5, 54)
(130, 69, 5, 6, 109)
(269, 103, 1, 6, 242)
(277, 51, 0, 30, 50)
(26, 187, 268, 0, 126)
(271, 77, 3, 3, 219)
(297, 184, 0, 0, 190)
(249, 117, 0, 0, 152)
(236, 101, 2, 5, 222)
(147, 154, 4, 2, 247)
(182, 183, 6, 1, 174)
(239, 24, 0, 85, 56)
(276, 114, 0, 15, 219)
(254, 215, 1, 4, 172)
(270, 224, 0, 0, 115)
(162, 224, 147, 0, 181)
(235, 31, 8, 13, 166)
(0, 224, 225, 0, 255)
(299, 190, 0, 34, 167)
(175, 146, 23, 0, 105)
(281, 172, 0, 64, 25)
(256, 202, 4, 2, 156)
(286, 201, 0, 0, 170)
(298, 199, 0, 9, 192)
(77, 48, 4, 11, 234)
(113, 47, 5, 8, 78)
(88, 86, 4, 23, 85)
(264, 199, 8, 2, 215)
(297, 193, 1, 7, 174)
(161, 48, 2, 32, 169)
(299, 7, 0, 183, 0)
(106, 224, 4, 12, 165)
(254, 211, 27, 0, 43)
(199, 162, 0, 0, 166)
(258, 175, 21, 0, 15)
(299, 103, 0, 77, 238)
(272, 132, 4, 3, 180)
(30, 224, 102, 0, 215)
(57, 224, 113, 0, 202)
(131, 218, 118, 0, 177)
(2, 151, 16, 3, 64)
(64, 133, 10, 2, 131)
(76, 175, 15, 1, 108)
(299, 166, 0, 8, 228)
(299, 193, 0, 28, 210)
(281, 146, 3, 3, 224)
(265, 8, 0, 67, 23)
(239, 157, 1, 6, 143)
(112, 166, 1, 22, 207)
(250, 138, 31, 0, 67)
(264, 224, 2, 2, 118)
(229, 153, 9, 3, 168)
(287, 208, 1, 1, 158)
(248, 12, 0, 88, 141)
(249, 48, 5, 7, 216)
(73, 149, 115, 0, 226)
(186, 204, 6, 4, 235)
(296, 216, 3, 1, 128)
(225, 106, 4, 9, 158)
(280, 211, 6, 4, 152)
(280, 205, 0, 16, 2)
(193, 178, 14, 2, 242)
(299, 119, 0, 42, 116)
(258, 208, 1, 2, 201)
(176, 197, 70, 0, 110)
(276, 163, 0, 21, 144)
(27, 66, 17, 2, 176)
(244, 173, 17, 1, 202)
(287, 215, 2, 9, 128)
(279, 121, 0, 103, 125)
(0, 189, 130, 0, 167)
(237, 220, 56, 0, 145)
(16, 191, 11, 0, 109)
(289, 159, 0, 13, 206)
(202, 224, 33, 0, 171)
(155, 115, 3, 5, 70)
(68, 189, 156, 0, 68)
(231, 223, 4, 1, 93)
(0, 223, 5, 1, 146)
(276, 19, 23, 1, 183)
(153, 194, 5, 5, 246)
(299, 160, 0, 0, 55)
(65, 60, 0, 0, 106)
(268, 167, 0, 3, 46)
(299, 150, 0, 55, 85)
(287, 108, 3, 6, 165)
(0, 188, 128, 0, 102)
(141, 224, 23, 0, 203)
(299, 4, 2, 7, 179)
(167, 134, 92, 0, 25)
(86, 205, 7, 7, 198)
(183, 167, 5, 6, 247)
(99, 175, 7, 1, 211)
(159, 158, 4, 8, 89)
(0, 214, 295, 0, 119)
(259, 7, 3, 7, 141)
(122, 20, 9, 4, 178)
(12, 122, 18, 2, 150)
(87, 191, 134, 0, 232)
(227, 202, 55, 0, 173)
(74, 0, 2, 10, 204)
(299, 137, 0, 30, 79)
(139, 169, 1, 6, 150)
(53, 224, 227, 0, 184)
(57, 197, 12, 10, 234)
(215, 143, 3, 10, 228)
(271, 202, 14, 1, 163)
(177, 190, 14, 2, 138)
(0, 31, 13, 12, 129)
(279, 133, 22, 2, 218)
(293, 203, 0, 2, 75)
(22, 164, 19, 13, 66)
(64, 182, 41, 3, 82)
(24, 224, 0, 0, 203)
(265, 118, 20, 2, 214)
(272, 201, 6, 1, 169)
(261, 71, 0, 81, 69)
(253, 132, 13, 2, 183)
(299, 98, 0, 0, 41)
(248, 83, 5, 15, 186)
(127, 175, 39, 0, 123)
(17, 0, 33, 4, 192)
(15, 190, 17, 1, 145)
(299, 87, 1, 3, 223)
(299, 61, 0, 35, 214)
(279, 202, 3, 5, 172)
(242, 77, 3, 13, 192)
(171, 111, 4, 4, 142)
(299, 217, 0, 19, 29)
(94, 203, 2, 1, 225)
(271, 0, 0, 15, 9)
(264, 214, 2, 5, 166)
(295, 179, 0, 3, 161)
(255, 190, 19, 2, 189)
(65, 224, 201, 0, 193)
(298, 71, 2, 10, 167)
(282, 104, 4, 7, 182)
(122, 84, 1, 12, 230)
(109, 224, 78, 0, 173)
(274, 93, 1, 8, 203)
(224, 222, 2, 2, 168)
(282, 217, 1, 5, 155)
(276, 129, 3, 1, 239)
(299, 138, 0, 52, 123)
(120, 222, 122, 0, 28)
(189, 224, 0, 0, 22)
(214, 178, 17, 3, 243)
(249, 224, 0, 0, 250)
(299, 224, 11, 1, 88)
(98, 223, 3, 0, 204)
(163, 148, 2, 8, 80)
(269, 204, 5, 1, 188)
(22, 224, 31, 0, 216)
(156, 184, 1, 5, 201)
(282, 139, 0, 0, 123)
(169, 211, 4, 1, 245)
(0, 224, 100, 0, 159)
(229, 66, 6, 3, 188)
(191, 81, 12, 1, 159)
(219, 165, 20, 1, 167)
(103, 224, 0, 0, 105)
(235, 162, 5, 2, 118)
(299, 113, 0, 93, 157)
(37, 212, 55, 0, 249)
(224, 202, 30, 0, 121)
(113, 150, 2, 1, 172)
(221, 1, 0, 2, 130)
(299, 194, 0, 0, 72)
(127, 140, 7, 2, 196)
(285, 179, 0, 26, 27)
(59, 212, 10, 0, 158)
(62, 224, 64, 0, 137)
(252, 39, 17, 0, 89)
(299, 186, 0, 27, 82)
(274, 156, 2, 4, 125)
(294, 143, 0, 23, 221)
(148, 117, 6, 6, 79)
(266, 212, 3, 0, 221)
(80, 173, 0, 41, 51)
(268, 7, 0, 214, 148)
(226, 191, 26, 0, 135)
(21, 153, 202, 0, 249)
(51, 176, 14, 1, 99)
(165, 224, 7, 0, 142)
(31, 183, 184, 0, 74)
(45, 224, 226, 0, 239)
(285, 181, 0, 43, 105)
(86, 172, 11, 2, 231)
(269, 29, 0, 154, 36)
(196, 128, 1, 9, 140)
(217, 121, 5, 1, 187)
(286, 201, 2, 4, 208)
(242, 144, 3, 2, 181)
(202, 55, 7, 7, 189)
(299, 0, 0, 16, 87)
(68, 125, 10, 2, 193)
(78, 59, 8, 3, 150)
(203, 193, 2, 4, 171)
(121, 209, 3, 9, 208)
(25, 223, 185, 0, 240)
(138, 206, 137, 0, 231)
(104, 195, 1, 6, 221)
(247, 82, 3, 1, 146)
(103, 127, 0, 20, 84)
(292, 204, 0, 10, 147)
(289, 125, 10, 4, 220)
(286, 81, 6, 2, 154)
(153, 56, 51, 0, 234)
(50, 155, 0, 0, 213)
(264, 222, 1, 1, 175)
(294, 80, 5, 4, 190)
(299, 224, 0, 0, 206)
(166, 48, 8, 9, 194)
(225, 168, 0, 44, 255)
(83, 152, 7, 2, 164)
(123, 208, 5, 3, 149)
(206, 194, 36, 0, 0)
(175, 213, 26, 0, 118)
(11, 71, 2, 22, 139)
(181, 155, 8, 1, 100)
(275, 207, 0, 16, 174)
(236, 197, 3, 3, 193)
(199, 188, 73, 0, 0)
(271, 34, 0, 88, 95)
(284, 85, 2, 3, 111)
(168, 84, 0, 0, 70)
(58, 59, 17, 1, 132)
(282, 191, 22, 0, 0)
(0, 221, 18, 1, 189)
(144, 213, 4, 5, 251)
(275, 181, 9, 0, 236)
(208, 161, 9, 3, 95)
(205, 122, 10, 7, 97)
(20, 130, 9, 11, 210)
(256, 202, 0, 0, 23)
(56, 93, 0, 30, 143)
(241, 28, 0, 82, 135)
(297, 216, 11, 0, 230)
(218, 24, 3, 5, 190)
(84, 91, 2, 8, 57)
(186, 146, 27, 0, 31)
(141, 208, 10, 3, 189)
(162, 82, 0, 12, 3)
(299, 202, 0, 13, 239)
(280, 32, 2, 18, 197)
(238, 150, 2, 2, 102)
(274, 92, 0, 0, 149)
(143, 159, 2, 6, 125)
(68, 224, 4, 1, 176)
(109, 224, 97, 0, 94)
(134, 217, 16, 0, 250)
(137, 28, 2, 29, 152)
(42, 102, 0, 18, 214)
(183, 204, 0, 0, 159)
(215, 215, 22, 0, 152)
(0, 224, 38, 0, 158)
(102, 188, 6, 2, 190)
(194, 205, 0, 0, 197)
(2, 194, 11, 5, 206)
(259, 73, 3, 2, 150)
(228, 183, 0, 0, 49)
(222, 33, 3, 3, 231)
(227, 207, 0, 14, 141)
(216, 206, 2, 10, 210)
(195, 0, 12, 8, 222)
(171, 191, 3, 2, 129)
(141, 224, 0, 0, 190)
(243, 158, 0, 0, 88)
(118, 216, 20, 1, 207)
(48, 159, 0, 31, 81)
(284, 179, 0, 0, 28)
(271, 224, 3, 0, 125)
(278, 128, 2, 1, 243)
(10, 50, 169, 0, 42)
(99, 213, 0, 0, 122)
(277, 161, 15, 0, 255)
(299, 96, 24, 20, 222)
(256, 116, 0, 130, 205)
(299, 85, 0, 116, 75)
(176, 129, 6, 9, 113)
(63, 88, 3, 11, 80)
(186, 207, 73, 0, 49)
(299, 207, 0, 0, 255)
(189, 161, 32, 1, 100)
(193, 103, 6, 4, 215)
(144, 77, 5, 12, 156)
(179, 182, 87, 0, 115)
(49, 197, 139, 0, 205)
(247, 2, 16, 4, 169)
(126, 198, 2, 4, 163)
(236, 224, 44, 0, 173)
(63, 186, 23, 2, 93)
(299, 135, 0, 7, 56)
(98, 183, 6, 3, 74)
(233, 84, 0, 120, 75)
(205, 171, 6, 2, 198)
(299, 174, 0, 0, 208)
(57, 60, 1, 21, 192)
(253, 185, 4, 1, 219)
(271, 214, 0, 0, 28)
(120, 222, 7, 9, 195)
(232, 163, 7, 1, 106)
(288, 224, 0, 0, 0)
(288, 90, 4, 2, 138)
(296, 196, 0, 0, 87)
(199, 164, 4, 9, 251)
(111, 131, 21, 1, 162)
(221, 224, 19, 0, 29)
(160, 212, 68, 0, 190)
(253, 220, 0, 0, 125)
(79, 219, 0, 0, 220)
(298, 38, 0, 0, 139)
(240, 205, 23, 1, 174)
(253, 151, 4, 1, 127)
(214, 210, 7, 7, 206)
(6, 162, 0, 0, 197)
(131, 192, 3, 5, 128)
(25, 223, 31, 1, 188)
(291, 44, 7, 7, 196)
(47, 54, 17, 1, 91)
(49, 158, 3, 11, 104)
(42, 206, 173, 0, 85)
(37, 224, 46, 0, 233)
(272, 178, 15, 0, 194)
(281, 158, 0, 0, 116)
(299, 58, 0, 121, 157)
(278, 153, 0, 8, 209)
(203, 195, 8, 1, 210)
(299, 20, 0, 135, 186)
(248, 3, 2, 6, 142)
(201, 168, 6, 2, 244)
(144, 224, 155, 0, 97)
(299, 224, 20, 0, 244)
(20, 209, 5, 3, 201)
(181, 47, 21, 0, 30)
(224, 0, 0, 20, 143)
(250, 153, 8, 2, 228)
(278, 22, 0, 77, 114)
(209, 224, 22, 0, 55)
(264, 0, 0, 0, 235)
(262, 60, 3, 9, 224)
(69, 66, 3, 5, 101)
(228, 203, 0, 17, 203)
(104, 34, 37, 0, 113)
(259, 142, 5, 1, 248)
(120, 224, 31, 0, 46)
(299, 220, 0, 0, 52)
(28, 180, 93, 0, 107)
(197, 96, 6, 1, 207)
(269, 86, 0, 57, 105)
(173, 178, 3, 7, 222)
(69, 192, 118, 0, 148)
(102, 193, 2, 2, 120)
(229, 217, 15, 2, 167)
(59, 214, 130, 0, 109)
(250, 224, 4, 2, 204)
(195, 214, 10, 3, 205)
(220, 0, 0, 181, 70)
(279, 124, 5, 1, 115)
(269, 202, 0, 18, 92)
(275, 206, 0, 14, 10)
(99, 224, 34, 0, 4)
(274, 193, 0, 0, 89)
(240, 206, 30, 0, 81)
(283, 150, 6, 1, 208)
(41, 159, 159, 0, 54)
(25, 224, 0, 0, 106)
(299, 206, 0, 15, 218)
(299, 155, 3, 0, 96)
(70, 151, 1, 20, 131)
(275, 130, 0, 43, 237)
(274, 224, 2, 4, 138)
(81, 184, 0, 3, 243)
(288, 14, 0, 25, 101)
(256, 159, 19, 1, 189)
(140, 204, 6, 2, 241)
(177, 189, 2, 3, 93)
(296, 9, 0, 56, 126)
(119, 64, 1, 3, 233)
(223, 74, 73, 0, 3)
(126, 224, 16, 0, 108)
(299, 153, 0, 0, 179)
(176, 223, 16, 1, 181)
(281, 211, 9, 0, 197)
(98, 211, 115, 0, 193)
(142, 213, 42, 0, 241)
(251, 182, 4, 1, 204)
(282, 33, 3, 3, 158)
(265, 153, 0, 0, 34)
(194, 217, 56, 0, 137)
(219, 152, 6, 4, 107)
(280, 224, 10, 0, 64)
(160, 218, 0, 0, 108)
(270, 73, 29, 1, 160)
(244, 224, 4, 0, 33)
(120, 179, 77, 0, 220)
(292, 75, 3, 3, 203)
(163, 84, 2, 13, 143)
(59, 35, 0, 17, 35)
(211, 120, 17, 1, 115)
(139, 166, 158, 0, 110)
(77, 196, 12, 3, 121)
(119, 195, 156, 0, 25)
(93, 208, 27, 0, 19)
(0, 74, 3, 14, 74)
(294, 2, 7, 2, 155)
(54, 224, 62, 0, 46)
(268, 139, 6, 5, 159)
(97, 163, 4, 7, 132)
(82, 130, 7, 1, 245)
(130, 28, 1, 6, 123)
(136, 139, 6, 1, 155)
(282, 103, 0, 8, 253)
(29, 81, 2, 8, 149)
(227, 203, 0, 6, 39)
(262, 50, 2, 6, 218)
(122, 198, 2, 2, 212)
(208, 63, 0, 9, 222)
(74, 224, 230, 0, 188)
(261, 19, 1, 6, 226)
(210, 213, 20, 0, 178)
(209, 112, 13, 5, 110)
(251, 12, 0, 155, 101)
(255, 136, 9, 1, 190)
(275, 209, 19, 0, 255)
(125, 212, 145, 0, 45)
(222, 58, 2, 7, 118)
(154, 207, 3, 4, 237)
(261, 221, 2, 1, 170)
(220, 184, 0, 0, 220)
(28, 30, 6, 9, 205)
(229, 47, 10, 3, 212)
(288, 11, 0, 59, 126)
(269, 91, 0, 74, 167)
(178, 224, 120, 0, 82)
(280, 161, 0, 0, 8)
(249, 144, 0, 49, 165)
(51, 211, 236, 0, 251)
(291, 224, 0, 0, 146)
(136, 213, 40, 0, 10)
(5, 181, 4, 1, 115)
(47, 21, 4, 7, 195)
(293, 104, 4, 2, 149)
(290, 211, 1, 1, 143)
(198, 173, 9, 1, 188)
(10, 207, 155, 0, 0)
(4, 28, 2, 11, 112)
(276, 27, 0, 182, 178)
(268, 168, 0, 7, 0)
(296, 213, 0, 4, 113)
(158, 203, 0, 21, 141)
(254, 188, 23, 0, 181)
(229, 79, 4, 4, 117)
(289, 201, 0, 25, 69)
(242, 188, 7, 1, 187)
(73, 224, 149, 0, 110)
(71, 130, 0, 28, 222)
(202, 99, 8, 1, 206)
(265, 168, 0, 8, 73)
(195, 224, 0, 0, 68)
(3, 218, 27, 0, 97)
(8, 127, 14, 7, 132)
(263, 112, 0, 40, 24)
(267, 224, 0, 0, 203)
(296, 158, 3, 1, 92)
(200, 155, 4, 7, 126)
(145, 224, 0, 0, 131)
(176, 82, 2, 24, 126)
(292, 14, 1, 11, 168)
(299, 74, 0, 49, 108)
(298, 135, 2, 3, 173)
(189, 83, 20, 4, 104)
(276, 60, 7, 5, 201)
(293, 127, 0, 45, 37)
(45, 155, 17, 2, 213)
(299, 39, 9, 8, 220)
(68, 88, 1, 12, 154)
(17, 220, 5, 0, 53)
(253, 66, 0, 61, 67)
(62, 40, 4, 9, 224)
(211, 65, 6, 1, 206)
(275, 162, 10, 7, 213)
(167, 28, 19, 4, 210)
(129, 60, 1, 27, 180)
(299, 217, 0, 6, 83)
(296, 0, 0, 168, 172)
(298, 217, 0, 0, 229)
(223, 224, 48, 0, 207)
(220, 224, 21, 0, 250)
(299, 194, 0, 22, 42)
(282, 49, 0, 5, 24)
(283, 170, 0, 49, 49)
(299, 6, 0, 151, 3)
(28, 144, 8, 9, 158)
(292, 71, 0, 81, 227)
(292, 58, 0, 12, 4)
(213, 102, 61, 0, 146)
(244, 60, 4, 2, 168)
(299, 17, 0, 136, 121)
(287, 176, 0, 17, 166)
(169, 84, 4, 5, 112)
(232, 198, 3, 1, 219)
(272, 118, 15, 0, 97)
(220, 81, 0, 5, 13)
(196, 79, 0, 63, 138)
(49, 128, 6, 1, 116)
(173, 140, 5, 8, 139)
(171, 224, 56, 0, 105)
(0, 224, 208, 0, 226)
(283, 0, 5, 10, 156)
(299, 110, 0, 103, 59)
(262, 0, 0, 16, 94)
(3, 54, 3, 11, 89)
(239, 207, 8, 1, 178)
(104, 224, 172, 0, 71)
(169, 203, 54, 0, 148)
(159, 44, 0, 125, 129)
(299, 169, 0, 8, 133)
(299, 6, 0, 122, 19)
(96, 217, 15, 1, 224)
(266, 129, 0, 29, 116)
(186, 77, 32, 0, 67)
(244, 126, 0, 77, 242)
(177, 75, 4, 1, 188)
(295, 96, 0, 113, 8)
(299, 0, 0, 120, 213)
(224, 194, 0, 24, 158)
(17, 103, 5, 8, 76)
(265, 224, 0, 0, 116)
(142, 198, 153, 0, 130)
(211, 148, 3, 6, 102)
(297, 129, 0, 9, 190)
(228, 128, 0, 0, 194)
(50, 224, 249, 0, 153)
(299, 28, 0, 18, 123)
(38, 157, 4, 3, 141)
(64, 96, 78, 0, 71)
(156, 0, 16, 6, 218)
(299, 100, 0, 98, 131)
(234, 218, 0, 0, 62)
(271, 212, 5, 0, 212)
(66, 219, 86, 0, 154)
(150, 224, 5, 0, 175)
(182, 207, 117, 0, 101)
(299, 218, 0, 0, 122)
(280, 119, 3, 5, 195)
(13, 224, 48, 0, 187)
(277, 202, 0, 0, 50)
(274, 215, 0, 0, 123)
(272, 102, 0, 67, 228)
(235, 124, 1, 9, 183)
(133, 213, 8, 0, 57)
(224, 135, 10, 6, 227)
(230, 62, 36, 0, 247)
(120, 129, 0, 17, 13)
(299, 23, 0, 5, 243)
(152, 224, 0, 0, 169)
(123, 224, 71, 0, 34)
(283, 83, 0, 36, 0)
(90, 217, 2, 0, 252)
(226, 211, 0, 34, 151)
(96, 189, 138, 0, 88)
(87, 146, 99, 0, 123)
(131, 192, 1, 6, 189)
(246, 206, 12, 1, 200)
(98, 45, 0, 174, 197)
(43, 161, 121, 0, 170)
(226, 224, 15, 0, 70)
(185, 213, 33, 0, 247)
(276, 0, 10, 4, 165)
(81, 224, 158, 0, 176)
(0, 26, 266, 0, 152)
(105, 224, 113, 0, 255)
(163, 192, 3, 2, 230)
(139, 224, 156, 0, 112)
(161, 169, 0, 0, 233)
(281, 91, 18, 0, 22)
(164, 202, 21, 0, 61)
(30, 198, 223, 0, 137)
(111, 109, 12, 5, 226)
(164, 217, 11, 2, 230)
(157, 155, 0, 11, 255)
(240, 204, 59, 0, 184)
(85, 131, 0, 54, 118)
(283, 187, 6, 7, 172)
(220, 128, 0, 0, 120)
(160, 197, 2, 3, 70)
(299, 76, 0, 114, 0)
(191, 155, 2, 8, 141)
(250, 93, 3, 1, 226)
(164, 20, 136, 0, 173)
(277, 189, 1, 2, 162)
(60, 224, 20, 0, 217)
(281, 63, 0, 161, 0)
(91, 105, 6, 6, 172)
(236, 205, 11, 3, 184)
(179, 133, 0, 0, 90)
(213, 219, 0, 0, 157)
(251, 20, 1, 7, 155)
(8, 198, 14, 0, 83)
(204, 208, 67, 0, 108)
(210, 224, 58, 0, 187)
(259, 222, 1, 2, 107)
(260, 193, 3, 5, 180)
(272, 203, 4, 0, 130)
(213, 117, 0, 20, 219)
(299, 122, 0, 35, 188)
(299, 202, 0, 0, 10)
(8, 48, 6, 5, 61)
(138, 200, 10, 1, 129)
(159, 214, 8, 2, 206)
(151, 78, 7, 4, 121)
(78, 75, 2, 17, 177)
(41, 192, 22, 1, 222)
(16, 33, 0, 2, 115)
(292, 212, 7, 1, 171)
(193, 216, 3, 0, 255)
(215, 11, 0, 32, 69)
(265, 216, 2, 2, 176)
(13, 84, 8, 2, 51)
(197, 39, 1, 9, 195)
(293, 92, 2, 5, 147)
(93, 192, 10, 1, 195)
(261, 91, 0, 12, 200)
(255, 169, 13, 1, 181)
(277, 18, 0, 172, 51)
(222, 224, 3, 3, 123)
(212, 92, 2, 3, 197)
(20, 179, 15, 2, 87)
(272, 61, 0, 149, 145)
(270, 127, 1, 3, 113)
(31, 223, 172, 0, 232)
(77, 182, 95, 0, 188)
(182, 224, 33, 0, 0)
(197, 212, 14, 0, 14)
(182, 224, 37, 0, 36)
(299, 150, 0, 24, 101)
(298, 209, 0, 0, 104)
(11, 217, 4, 2, 227)
(184, 224, 30, 0, 205)
(125, 178, 4, 7, 237)
(131, 143, 30, 1, 211)
(190, 224, 47, 0, 208)
(299, 0, 0, 81, 23)
(288, 141, 11, 1, 211)
(118, 38, 146, 0, 180)
(284, 64, 9, 2, 219)
(205, 63, 0, 0, 248)
(265, 195, 0, 12, 0)
(0, 206, 36, 0, 113)
(28, 180, 7, 1, 162)
(64, 140, 1, 5, 84)
(282, 74, 2, 3, 201)
(293, 224, 0, 0, 252)
(217, 174, 7, 1, 218)
(105, 224, 126, 0, 17)
(249, 181, 0, 0, 23)
(139, 207, 26, 0, 100)
(277, 82, 4, 2, 225)
(196, 201, 7, 1, 186)
(276, 137, 0, 53, 111)
(287, 210, 3, 3, 213)
(186, 169, 0, 0, 201)
(276, 157, 0, 10, 182)
(138, 216, 163, 0, 190)
(63, 139, 21, 1, 231)
(286, 166, 6, 4, 239)
(281, 166, 0, 16, 201)
(153, 46, 8, 3, 204)
(239, 62, 3, 10, 211)
(240, 214, 15, 0, 155)
(263, 185, 6, 1, 184)
(64, 211, 4, 3, 201)
(113, 224, 118, 0, 123)
(85, 203, 171, 0, 18)
(126, 224, 32, 0, 62)
(98, 172, 61, 0, 69)
(272, 46, 0, 35, 76)
(246, 205, 5, 1, 165)
(270, 68, 0, 111, 239)
(215, 224, 39, 0, 112)
(250, 224, 1, 1, 169)
(299, 105, 0, 119, 153)
(159, 149, 2, 10, 173)
(299, 162, 0, 13, 139)
(86, 111, 6, 9, 177)
(239, 115, 0, 25, 69)
(148, 207, 116, 0, 196)
(0, 201, 252, 0, 118)
(98, 224, 62, 0, 91)
(299, 89, 0, 79, 0)
(155, 49, 6, 5, 163)
(109, 224, 5, 0, 121)
(271, 77, 0, 138, 191)
(266, 162, 3, 1, 172)
(184, 139, 4, 8, 209)
(161, 208, 22, 0, 164)
(122, 192, 5, 5, 65)
(132, 224, 26, 0, 218)
(287, 44, 2, 3, 152)
(252, 167, 4, 7, 212)
(299, 168, 0, 31, 2)
(273, 22, 0, 0, 15)
(128, 224, 17, 0, 246)
(274, 193, 31, 0, 172)
(299, 211, 1, 2, 144)
(213, 224, 0, 4, 253)
(0, 219, 161, 0, 220)
(294, 58, 0, 91, 11)
(211, 176, 0, 0, 218)
(244, 224, 24, 0, 209)
(190, 218, 18, 3, 192)
(159, 203, 56, 0, 23)
(73, 221, 20, 0, 8)
(272, 224, 0, 0, 196)
(79, 218, 82, 0, 181)
(288, 166, 5, 1, 249)
(288, 89, 0, 84, 244)
(163, 224, 90, 0, 204)
(12, 176, 2, 4, 63)
(18, 90, 9, 1, 196)
(256, 71, 0, 0, 235)
(278, 211, 1, 2, 158)
(259, 126, 0, 55, 48)
(299, 224, 0, 9, 167)
(277, 0, 4, 5, 163)
(299, 210, 0, 12, 99)
(299, 224, 5, 0, 32)
(299, 68, 0, 78, 151)
(299, 154, 0, 15, 62)
(207, 210, 0, 14, 32)
(170, 127, 1, 9, 118)
(174, 39, 3, 5, 118)
(221, 162, 9, 1, 192)
(299, 144, 0, 0, 223)
(299, 203, 0, 5, 209)
(80, 224, 75, 0, 234)
(296, 20, 0, 108, 174)
(268, 45, 21, 0, 142)
(230, 194, 7, 0, 255)
(135, 106, 8, 4, 91)
(82, 188, 7, 3, 132)
(259, 67, 3, 1, 249)
(79, 158, 34, 0, 255)
(299, 143, 0, 43, 212)
(192, 183, 4, 3, 253)
(165, 185, 10, 4, 128)
(270, 167, 1, 2, 253)
(282, 97, 3, 2, 228)
(287, 7, 0, 84, 236)
(130, 182, 0, 34, 226)
(263, 120, 0, 26, 13)
(279, 133, 2, 6, 226)
(299, 113, 0, 58, 240)
(139, 196, 5, 7, 133)
(18, 191, 75, 0, 233)
(259, 0, 0, 100, 13)
(274, 154, 0, 42, 13)
(115, 212, 34, 0, 87)
(241, 224, 12, 0, 81)
(288, 189, 0, 0, 94)
(217, 206, 53, 0, 37)
(280, 51, 0, 81, 110)
(83, 224, 45, 0, 208)
(162, 203, 31, 0, 223)
(25, 205, 162, 0, 191)
(192, 186, 3, 5, 240)
(102, 154, 9, 8, 241)
(165, 212, 7, 0, 138)
(39, 33, 15, 2, 140)
(191, 205, 45, 0, 138)
(299, 213, 0, 11, 194)
(160, 182, 5, 4, 93)
(206, 214, 0, 0, 19)
(185, 188, 0, 0, 27)
(272, 0, 0, 167, 119)
(195, 213, 29, 0, 134)
(297, 224, 13, 0, 54)
(9, 100, 14, 4, 143)
(163, 189, 43, 0, 239)
(15, 197, 3, 5, 175)
(287, 224, 0, 0, 62)
(180, 224, 56, 0, 135)
(269, 34, 8, 3, 224)
(219, 29, 0, 135, 162)
(299, 123, 0, 72, 86)
(299, 66, 0, 28, 49)
(196, 175, 71, 0, 255)
(234, 116, 64, 0, 49)
(107, 50, 3, 15, 134)
(155, 174, 18, 0, 251)
(297, 42, 0, 78, 193)
(288, 72, 3, 2, 214)
(195, 181, 3, 2, 152)
(38, 176, 5, 3, 103)
(273, 206, 0, 0, 5)
(286, 218, 11, 1, 112)
(251, 224, 10, 0, 45)
(96, 147, 203, 0, 10)
(188, 89, 5, 8, 141)
(263, 0, 3, 7, 154)
(290, 208, 9, 0, 195)
(296, 166, 3, 0, 0)
(297, 65, 0, 0, 18)
(139, 209, 123, 0, 199)
(275, 0, 0, 31, 20)
(60, 28, 127, 0, 214)
(7, 224, 0, 0, 205)
(279, 28, 0, 148, 33)
(299, 28, 1, 8, 179)
(41, 224, 132, 0, 126)
(236, 143, 5, 5, 223)
(262, 154, 3, 3, 164)
(162, 121, 0, 14, 146)
(283, 89, 2, 5, 167)
(271, 127, 0, 40, 2)
(229, 75, 4, 2, 202)
(275, 203, 5, 0, 255)
(299, 98, 0, 18, 48)
(32, 199, 8, 2, 203)
(287, 119, 16, 0, 224)
(202, 30, 4, 9, 178)
(207, 76, 5, 4, 96)
(264, 211, 22, 0, 93)
(149, 61, 4, 5, 180)
(290, 62, 0, 40, 231)
(164, 60, 19, 3, 183)
(232, 224, 0, 0, 0)
(0, 191, 13, 1, 168)
(286, 179, 13, 0, 55)
(299, 193, 0, 0, 111)
(244, 40, 1, 15, 183)
(261, 224, 38, 0, 164)
(283, 104, 0, 42, 160)
(18, 124, 8, 5, 130)
(181, 151, 6, 1, 64)
(168, 138, 4, 9, 115)
(116, 199, 7, 3, 225)
(218, 191, 0, 6, 80)
(13, 172, 87, 0, 153)
(295, 61, 1, 2, 169)
(62, 224, 108, 0, 29)
(181, 101, 17, 4, 157)
(176, 138, 4, 6, 142)
(79, 213, 20, 0, 244)
(270, 161, 16, 0, 54)
(255, 69, 8, 2, 161)
(278, 99, 0, 5, 117)
(284, 213, 0, 11, 255)
(253, 147, 0, 17, 92)
(272, 44, 1, 11, 155)
(150, 192, 1, 5, 228)
(299, 195, 0, 17, 228)
(268, 14, 9, 2, 155)
(299, 73, 9, 4, 196)
(226, 139, 0, 17, 22)
(119, 1, 2, 9, 198)
(299, 107, 0, 40, 99)
(277, 205, 4, 2, 182)
(63, 211, 0, 27, 121)
(272, 75, 3, 5, 216)
(126, 224, 112, 0, 13)
(272, 0, 0, 58, 56)
(299, 114, 0, 18, 202)
(103, 93, 4, 11, 204)
(290, 185, 0, 1, 104)
(104, 37, 5, 5, 110)
(299, 81, 0, 14, 167)
(275, 101, 0, 50, 114)
(254, 214, 6, 3, 210)
(299, 106, 0, 14, 3)
(156, 203, 7, 2, 230)
(299, 197, 4, 3, 153)
(159, 128, 4, 2, 157)
(266, 0, 3, 7, 194)
(272, 82, 0, 12, 67)
(186, 206, 31, 0, 78)
(119, 224, 171, 0, 223)
(206, 184, 111, 0, 140)
(24, 220, 17, 1, 176)
(299, 99, 0, 112, 173)
(233, 160, 0, 0, 19)
(293, 209, 6, 2, 150)
(256, 169, 8, 0, 94)
(268, 48, 13, 1, 169)
(231, 183, 0, 3, 202)
(26, 14, 0, 76, 153)
(273, 11, 0, 111, 5)
(278, 84, 0, 133, 111)
(282, 137, 3, 1, 136)
(299, 67, 0, 9, 49)
(235, 215, 8, 2, 174)
(241, 43, 0, 148, 56)
(245, 143, 5, 1, 130)
(279, 180, 20, 0, 247)
(149, 223, 49, 0, 178)
(21, 197, 171, 0, 229)
(126, 224, 16, 0, 102)
(7, 224, 156, 0, 78)
(173, 193, 1, 4, 94)
(172, 212, 111, 0, 41)
(299, 165, 0, 17, 117)
(24, 109, 27, 0, 241)
(83, 32, 0, 37, 45)
(11, 155, 0, 0, 46)
(63, 168, 10, 2, 108)
(41, 192, 19, 2, 223)
(99, 186, 2, 5, 62)
(147, 0, 8, 4, 167)
(299, 224, 17, 0, 138)
(198, 162, 3, 1, 183)
(87, 156, 1, 10, 50)
(174, 102, 1, 11, 205)
(246, 116, 0, 0, 82)
(262, 88, 0, 9, 159)
(299, 20, 0, 11, 213)
(245, 0, 0, 159, 142)
(123, 222, 127, 0, 17)
(241, 115, 13, 1, 180)
(299, 45, 0, 76, 0)
(254, 176, 0, 7, 231)
(15, 216, 70, 0, 110)
(15, 224, 0, 0, 56)
(274, 208, 9, 1, 159)
(210, 75, 0, 141, 92)
(265, 125, 2, 3, 227)
(81, 29, 25, 0, 7)
(289, 136, 0, 7, 148)
(57, 219, 13, 0, 82)
(292, 204, 7, 2, 163)
(23, 224, 89, 0, 72)
(276, 111, 0, 40, 190)
(274, 14, 0, 77, 61)
(27, 190, 5, 8, 217)
(285, 178, 10, 3, 186)
(24, 211, 12, 1, 193)
(226, 190, 23, 0, 195)
(191, 222, 26, 0, 167)
(265, 188, 3, 2, 174)
(198, 221, 29, 0, 95)
(250, 12, 1, 8, 138)
(130, 221, 3, 2, 210)
(88, 143, 11, 1, 178)
(299, 183, 0, 0, 146)
(31, 189, 117, 0, 220)
(188, 185, 2, 2, 149)
(299, 185, 0, 3, 98)
(141, 218, 8, 1, 229)
(280, 222, 0, 2, 96)
(207, 52, 0, 114, 255)
(192, 223, 12, 1, 170)
(124, 140, 4, 5, 141)
(299, 204, 0, 1, 48)
(75, 167, 3, 2, 157)
(178, 97, 17, 0, 109)
(297, 109, 9, 2, 194)
(256, 167, 17, 1, 228)
(100, 224, 199, 0, 10)
(245, 123, 2, 1, 193)
(55, 195, 21, 3, 233)
(296, 208, 1, 1, 185)
(280, 67, 0, 58, 135)
(296, 221, 1, 3, 98)
(298, 141, 0, 83, 0)
(255, 216, 31, 0, 246)
(0, 119, 65, 0, 103)
(196, 117, 16, 1, 94)
(218, 181, 0, 31, 227)
(249, 130, 5, 3, 235)
(70, 148, 5, 3, 191)
(106, 58, 3, 9, 182)
(176, 90, 5, 1, 158)
(299, 133, 0, 46, 213)
(230, 177, 0, 25, 119)
(299, 167, 0, 4, 87)
(105, 121, 3, 3, 146)
(200, 49, 1, 10, 136)
(268, 214, 2, 2, 155)
(202, 192, 42, 0, 198)
(258, 219, 67, 0, 103)
(240, 114, 3, 2, 207)
(259, 222, 35, 0, 142)
(263, 30, 1, 2, 125)
(284, 191, 5, 0, 189)
(297, 134, 0, 0, 115)
(299, 198, 23, 2, 148)
(235, 12, 2, 7, 180)
(290, 175, 2, 0, 121)
(194, 170, 0, 35, 116)
(183, 184, 0, 23, 187)
(0, 139, 5, 3, 154)
(268, 82, 0, 137, 72)
(227, 223, 4, 1, 139)
(115, 224, 137, 0, 141)
(295, 107, 4, 2, 180)
(299, 199, 0, 0, 154)
(299, 32, 5, 3, 133)
(129, 90, 0, 56, 194)
(196, 217, 21, 0, 204)
(78, 224, 136, 0, 110)
(131, 30, 4, 7, 200)
(144, 87, 1, 3, 95)
(262, 182, 14, 1, 195)
(121, 110, 82, 0, 0)
(57, 174, 11, 1, 171)
(281, 115, 0, 26, 113)
(222, 49, 9, 1, 203)
(158, 182, 48, 0, 191)
(14, 146, 0, 0, 221)
(292, 198, 7, 0, 147)
(299, 122, 0, 32, 132)
(107, 224, 85, 0, 250)
(283, 26, 10, 1, 215)
(223, 223, 2, 0, 58)
(206, 199, 7, 3, 233)
(287, 122, 2, 2, 210)
(233, 155, 5, 0, 240)
(109, 40, 4, 13, 88)
(146, 70, 0, 20, 50)
(155, 199, 144, 0, 45)
(234, 203, 0, 0, 91)
(104, 152, 4, 11, 245)
(221, 0, 23, 5, 231)
(299, 182, 0, 0, 103)
(181, 199, 3, 5, 163)
(119, 56, 8, 5, 177)
(164, 108, 16, 2, 164)
(261, 189, 15, 0, 110)
(299, 205, 0, 19, 95)
(160, 112, 0, 0, 59)
(281, 17, 18, 0, 205)
(101, 220, 69, 0, 36)
(299, 10, 0, 85, 255)
(249, 212, 5, 0, 171)
(264, 203, 5, 0, 81)
(127, 224, 70, 0, 35)
(141, 191, 148, 0, 184)
(3, 150, 13, 3, 70)
(287, 47, 5, 2, 223)
(266, 217, 22, 0, 173)
(1, 140, 189, 0, 19)
(51, 36, 3, 0, 10)
(288, 210, 0, 0, 118)
(299, 138, 12, 0, 193)
(230, 90, 4, 3, 224)
(263, 224, 0, 13, 130)
(287, 21, 0, 122, 135)
(276, 33, 23, 0, 233)
(266, 224, 3, 0, 64)
(275, 218, 0, 5, 151)
(146, 205, 10, 1, 119)
(232, 224, 2, 6, 130)
(93, 215, 38, 0, 193)
(273, 86, 5, 1, 198)
(217, 169, 0, 13, 8)
(54, 224, 205, 0, 64)
(34, 195, 30, 2, 210)
(299, 122, 0, 84, 112)
(249, 150, 0, 39, 78)
(221, 176, 24, 0, 191)
(266, 212, 0, 12, 175)
(292, 28, 0, 89, 101)
(232, 185, 7, 1, 232)
(299, 3, 0, 118, 7)
(299, 224, 0, 0, 46)
(298, 117, 0, 3, 25)
(93, 224, 70, 0, 190)
(44, 62, 228, 0, 255)
(53, 139, 3, 1, 119)
(59, 224, 58, 0, 102)
(122, 98, 6, 3, 90)
(222, 105, 1, 2, 179)
(95, 198, 0, 13, 59)
(26, 75, 3, 2, 199)
(241, 106, 12, 3, 201)
(279, 173, 0, 39, 184)
(251, 39, 2, 3, 222)
(299, 52, 0, 0, 142)
(254, 204, 12, 0, 77)
(280, 40, 0, 108, 210)
(143, 204, 58, 0, 197)
(264, 224, 0, 0, 234)
(222, 68, 0, 41, 215)
(158, 189, 4, 1, 225)
(18, 172, 0, 13, 255)
(222, 162, 0, 0, 213)
(275, 0, 0, 7, 233)
(275, 184, 0, 0, 156)
(32, 224, 117, 0, 128)
(299, 42, 0, 143, 85)
(241, 224, 14, 0, 28)
(97, 224, 202, 0, 98)
(189, 159, 94, 0, 236)
(44, 221, 79, 0, 58)
(286, 224, 0, 0, 235)
(143, 215, 97, 0, 19)
(275, 224, 21, 0, 12)
(0, 145, 257, 0, 117)
(285, 224, 22, 0, 100)
(249, 70, 0, 9, 27)
(299, 214, 0, 10, 62)
(155, 160, 1, 14, 105)
(47, 79, 11, 7, 208)
(244, 224, 1, 2, 173)
(52, 136, 31, 1, 175)
(121, 224, 15, 0, 214)
(206, 220, 3, 4, 181)
(278, 58, 0, 13, 230)
(40, 46, 2, 11, 102)
(250, 199, 19, 0, 226)
(58, 216, 74, 0, 78)
(199, 224, 85, 0, 85)
(256, 106, 0, 117, 199)
(296, 105, 3, 2, 220)
(274, 125, 1, 2, 235)
(299, 195, 0, 0, 22)
(294, 15, 2, 5, 143)
(299, 90, 0, 52, 255)
(64, 224, 103, 0, 194)
(299, 138, 0, 0, 79)
(265, 193, 0, 0, 231)
(299, 213, 13, 0, 171)
(89, 135, 3, 5, 90)
(12, 224, 113, 0, 163)
(156, 215, 63, 0, 29)
(299, 40, 0, 10, 255)
(264, 56, 9, 2, 197)
(222, 91, 1, 3, 148)
(92, 185, 22, 0, 255)
(267, 224, 0, 0, 106)
(286, 224, 0, 0, 204)
(258, 145, 0, 54, 95)
(145, 169, 4, 6, 106)
(244, 182, 24, 0, 212)
(176, 106, 2, 6, 207)
(218, 188, 3, 5, 214)
(122, 222, 89, 0, 74)
(299, 153, 0, 3, 255)
(262, 193, 11, 0, 110)
(134, 112, 7, 2, 170)
(238, 224, 9, 0, 106)
(150, 55, 3, 1, 139)
(114, 224, 12, 0, 174)
(71, 203, 51, 0, 23)
(92, 165, 10, 1, 149)
(75, 59, 2, 9, 239)
(28, 224, 110, 0, 233)
(299, 203, 0, 15, 89)
(290, 202, 3, 1, 181)
(137, 204, 0, 0, 187)
(60, 171, 0, 0, 21)
(256, 158, 0, 0, 0)
(283, 216, 2, 2, 153)
(106, 148, 4, 5, 74)
(291, 109, 3, 5, 225)
(299, 175, 0, 10, 7)
(13, 72, 23, 1, 152)
(272, 135, 0, 0, 0)
(147, 224, 176, 0, 175)
(190, 198, 1, 3, 213)
(262, 178, 32, 0, 213)
(21, 156, 16, 0, 78)
(299, 224, 0, 0, 156)
(189, 169, 7, 2, 205)
(299, 20, 0, 135, 202)
(299, 160, 0, 13, 84)
(299, 76, 0, 29, 111)
(131, 94, 2, 15, 94)
(125, 161, 59, 0, 191)
(0, 224, 136, 0, 177)
(73, 223, 16, 1, 179)
(298, 197, 0, 3, 63)
(239, 209, 0, 0, 110)
(265, 224, 0, 0, 61)
(221, 171, 4, 0, 125)
(49, 216, 73, 0, 23)
(173, 81, 17, 2, 111)
(207, 162, 15, 0, 76)
(299, 4, 0, 55, 96)
(55, 224, 162, 0, 155)
(299, 7, 0, 120, 55)
(232, 111, 12, 2, 110)
(257, 0, 0, 23, 2)
(288, 84, 5, 1, 221)
(221, 223, 1, 2, 129)
(245, 224, 3, 0, 67)
(27, 10, 0, 158, 87)
(263, 120, 0, 97, 28)
(196, 224, 92, 0, 209)
(0, 224, 248, 0, 0)
(81, 1, 0, 66, 117)
(134, 166, 2, 7, 204)
(282, 68, 5, 3, 225)
(213, 224, 0, 0, 32)
(232, 224, 17, 0, 16)
(230, 129, 2, 2, 238)
(273, 43, 0, 170, 214)
(299, 19, 0, 54, 109)
(181, 138, 67, 0, 68)
(134, 116, 11, 1, 202)
(48, 161, 85, 0, 71)
(151, 210, 57, 0, 8)
(120, 173, 3, 9, 81)
(93, 200, 2, 6, 182)
(169, 212, 8, 2, 247)
(70, 189, 2, 3, 201)
(275, 6, 5, 3, 186)
(273, 5, 26, 0, 222)
(282, 168, 17, 0, 0)
(221, 224, 13, 0, 176)
(299, 171, 0, 45, 76)
(252, 176, 0, 0, 97)
(226, 124, 0, 106, 6)
(239, 214, 53, 0, 170)
(282, 176, 30, 0, 142)
(244, 107, 2, 14, 154)
(114, 124, 2, 12, 173)
(0, 206, 151, 0, 204)
(224, 159, 2, 4, 222)
(158, 224, 53, 0, 80)
(299, 197, 0, 14, 85)
(80, 224, 219, 0, 170)
(276, 204, 4, 1, 160)
(277, 190, 0, 23, 92)
(208, 37, 3, 17, 171)
(267, 69, 5, 1, 229)
(142, 208, 0, 4, 210)
(41, 224, 0, 0, 196)
(190, 215, 15, 1, 207)
(231, 150, 3, 5, 221)
(53, 141, 35, 0, 31)
(102, 41, 2, 8, 148)
(235, 99, 0, 21, 0)
(299, 219, 0, 4, 89)
(184, 207, 4, 3, 202)
(287, 96, 0, 19, 174)
(85, 187, 133, 0, 80)
(138, 154, 5, 8, 230)
(299, 128, 0, 36, 241)
(213, 178, 9, 4, 241)
(294, 83, 0, 113, 68)
(294, 200, 11, 0, 78)
(187, 223, 3, 1, 195)
(94, 154, 102, 0, 190)
(250, 224, 0, 0, 255)
(266, 176, 0, 22, 72)
(282, 125, 1, 10, 183)
(289, 200, 0, 2, 94)
(299, 173, 0, 0, 32)
(221, 76, 5, 4, 222)
(127, 204, 3, 2, 231)
(218, 224, 0, 0, 110)
(243, 169, 11, 0, 4)
(148, 208, 0, 10, 125)
(136, 202, 4, 1, 239)
(233, 0, 0, 18, 121)
(217, 176, 82, 0, 187)
(199, 154, 4, 2, 100)
(247, 5, 0, 25, 215)
(0, 181, 3, 2, 210)
(251, 212, 3, 7, 180)
(164, 223, 3, 1, 201)
(257, 102, 0, 0, 171)
(261, 224, 3, 0, 29)
(153, 60, 4, 8, 141)
(299, 136, 0, 52, 68)
(169, 64, 18, 1, 123)
(299, 48, 0, 56, 121)
(294, 197, 0, 13, 142)
(201, 182, 57, 0, 105)
(172, 220, 22, 0, 87)
(102, 202, 179, 0, 108)
(176, 61, 3, 9, 128)
(0, 182, 36, 0, 189)
(206, 159, 2, 2, 93)
(220, 58, 2, 4, 226)
(199, 147, 1, 8, 105)
(299, 25, 0, 36, 147)
(204, 175, 31, 0, 111)
(139, 223, 160, 0, 203)
(11, 217, 42, 0, 228)
(296, 102, 2, 2, 160)
(215, 204, 83, 0, 139)
(134, 118, 74, 0, 45)
(287, 220, 1, 1, 167)
(219, 209, 0, 0, 59)
(299, 199, 0, 0, 214)
(151, 74, 3, 7, 164)
(228, 215, 23, 0, 16)
(170, 224, 28, 0, 155)
(237, 219, 2, 3, 129)
(68, 203, 0, 0, 19)
(153, 224, 13, 0, 211)
(145, 167, 68, 0, 123)
(195, 224, 104, 0, 167)
(211, 224, 29, 0, 146)
(0, 224, 169, 0, 89)
(299, 81, 0, 47, 210)
(269, 63, 0, 56, 204)
(299, 144, 0, 71, 195)
(27, 224, 36, 0, 245)
(200, 196, 2, 2, 126)
(299, 179, 0, 0, 60)
(238, 43, 0, 168, 62)
(237, 29, 0, 50, 233)
(299, 217, 0, 0, 121)
(244, 138, 9, 1, 143)
(256, 154, 10, 0, 187)
(0, 184, 100, 0, 181)
(281, 83, 0, 98, 226)
(282, 117, 5, 1, 222)
(299, 61, 0, 12, 255)
(188, 203, 0, 15, 169)
(270, 204, 12, 0, 82)
(78, 37, 27, 2, 143)
(296, 155, 0, 14, 63)
(299, 173, 0, 20, 3)
(0, 44, 5, 4, 62)
(240, 221, 0, 0, 44)
(47, 62, 14, 5, 204)
(280, 139, 0, 26, 50)
(285, 171, 0, 53, 12)
(247, 177, 0, 20, 212)
(231, 194, 0, 15, 247)
(63, 201, 260, 0, 108)
(260, 151, 1, 4, 229)
(117, 31, 0, 29, 109)
(251, 124, 5, 0, 255)
(0, 202, 123, 0, 148)
(235, 222, 2, 2, 163)
(108, 193, 4, 3, 136)
(272, 35, 3, 5, 209)
(80, 140, 10, 2, 232)
(281, 222, 5, 1, 214)
(106, 224, 139, 0, 171)
(247, 38, 4, 2, 124)
(274, 224, 25, 0, 126)
(299, 16, 0, 98, 87)
(108, 177, 4, 5, 228)
(255, 149, 0, 42, 18)
(240, 175, 0, 49, 235)
(273, 153, 1, 4, 157)
(263, 111, 3, 16, 207)
(299, 210, 0, 2, 81)
(238, 216, 0, 7, 18)
(91, 216, 0, 0, 140)
(82, 214, 42, 0, 11)
(236, 154, 5, 0, 20)
(206, 59, 0, 124, 100)
(299, 191, 0, 16, 26)
(74, 175, 96, 0, 20)
(151, 82, 4, 9, 95)
(25, 224, 89, 0, 33)
(36, 186, 11, 3, 170)
(140, 221, 7, 3, 208)
(269, 48, 0, 24, 224)
(258, 49, 0, 77, 97)
(272, 194, 19, 0, 53)
(261, 223, 2, 1, 171)
(200, 95, 0, 1, 81)
(226, 153, 3, 1, 176)
(107, 163, 9, 4, 88)
(123, 106, 3, 2, 134)
(6, 199, 2, 13, 191)
(72, 39, 0, 28, 25)
(281, 224, 0, 0, 226)
(266, 189, 7, 1, 165)
(139, 47, 2, 14, 204)
(138, 94, 1, 2, 208)
(100, 187, 188, 0, 51)
(25, 224, 105, 0, 218)
(240, 157, 1, 3, 121)
(288, 118, 16, 0, 255)
(299, 61, 0, 0, 255)
(172, 209, 51, 0, 15)
(202, 67, 1, 4, 153)
(173, 224, 29, 0, 185)
(249, 155, 6, 2, 175)
(144, 161, 3, 10, 106)
(292, 40, 0, 184, 0)
(159, 191, 1, 6, 75)
(208, 9, 2, 4, 218)
(163, 199, 2, 4, 120)
(237, 67, 1, 3, 121)
(287, 68, 0, 31, 36)
(125, 216, 1, 8, 198)
(44, 90, 2, 22, 187)
(70, 212, 18, 2, 202)
(184, 216, 8, 4, 190)
(221, 216, 42, 0, 184)
(282, 83, 2, 4, 139)
(287, 141, 1, 6, 128)
(230, 74, 0, 168, 162)
(266, 70, 0, 129, 66)
(0, 214, 3, 0, 124)
(227, 224, 0, 11, 195)
(208, 223, 5, 1, 196)
(116, 68, 6, 11, 180)
(235, 207, 0, 9, 91)
(227, 224, 31, 0, 103)
(243, 111, 16, 4, 185)
(98, 198, 1, 4, 220)
(235, 162, 3, 1, 182)
(257, 131, 0, 9, 146)
(16, 218, 66, 0, 76)
(272, 89, 0, 39, 152)
(11, 205, 208, 0, 0)
(215, 206, 35, 0, 13)
(57, 78, 201, 0, 153)
(299, 184, 0, 20, 162)
(126, 222, 112, 0, 105)
(159, 137, 0, 53, 95)
(85, 180, 67, 0, 71)
(289, 111, 10, 1, 215)
(250, 129, 0, 0, 4)
(117, 212, 9, 4, 204)
(212, 224, 0, 0, 170)
(182, 222, 97, 0, 75)
(140, 177, 0, 0, 115)
(295, 177, 4, 2, 191)
(225, 61, 1, 4, 191)
(178, 196, 11, 0, 24)
(167, 224, 69, 0, 58)
(277, 157, 0, 36, 190)
(29, 220, 156, 0, 115)
(60, 224, 239, 0, 151)
(13, 148, 0, 48, 212)
(49, 44, 10, 8, 164)
(53, 169, 156, 0, 145)
(274, 185, 2, 3, 177)
(289, 224, 10, 0, 36)
(241, 153, 5, 9, 211)
(290, 67, 0, 0, 63)
(299, 135, 0, 30, 19)
(5, 196, 148, 0, 238)
(284, 217, 0, 7, 54)
(0, 159, 0, 0, 132)
(299, 224, 0, 0, 227)
(41, 221, 84, 0, 95)
(295, 116, 0, 16, 160)
(184, 224, 36, 0, 226)
(272, 141, 0, 66, 212)
(233, 161, 2, 0, 74)
(299, 224, 0, 0, 92)
(95, 155, 2, 7, 66)
(135, 197, 3, 2, 117)
(299, 4, 0, 125, 78)
(290, 144, 0, 18, 164)
(0, 224, 25, 0, 207)
(202, 44, 0, 133, 47)
(136, 200, 47, 0, 253)
(245, 66, 2, 3, 206)
(49, 200, 0, 0, 64)
(213, 68, 0, 80, 248)
(130, 203, 3, 2, 141)
(126, 176, 101, 0, 63)
(299, 167, 0, 13, 185)
(201, 189, 2, 2, 175)
(236, 137, 47, 0, 17)
(162, 146, 1, 7, 177)
(188, 160, 6, 1, 128)
(275, 121, 0, 0, 181)
(191, 224, 0, 0, 78)
(232, 122, 0, 41, 57)
(147, 143, 2, 3, 98)
(84, 136, 0, 8, 233)
(299, 107, 0, 69, 19)
(241, 92, 1, 4, 235)
(278, 28, 0, 196, 45)
(296, 178, 3, 5, 197)
(285, 23, 3, 5, 216)
(106, 224, 51, 0, 51)
(167, 67, 90, 0, 11)
(299, 34, 0, 95, 105)
(225, 163, 0, 61, 39)
(192, 200, 3, 3, 122)
(148, 86, 3, 1, 58)
(212, 224, 11, 0, 127)
(285, 136, 0, 12, 186)
(260, 221, 0, 0, 36)
(167, 94, 3, 5, 107)
(253, 166, 18, 0, 165)
(237, 151, 1, 4, 112)
(183, 102, 5, 3, 138)
(109, 0, 8, 7, 220)
(269, 73, 0, 0, 178)
(271, 224, 36, 0, 89)
(297, 102, 0, 31, 75)
(184, 156, 4, 8, 58)
(247, 206, 6, 3, 198)
(288, 28, 3, 1, 150)
(36, 215, 263, 0, 102)
(249, 52, 0, 21, 75)
(103, 67, 3, 7, 104)
(285, 86, 0, 99, 178)
(232, 224, 48, 0, 183)
(202, 221, 94, 0, 0)
(19, 150, 0, 4, 65)
(296, 25, 0, 60, 122)
(270, 87, 4, 2, 199)
(221, 220, 34, 0, 123)
(218, 64, 0, 11, 1)
(231, 182, 4, 3, 208)
(271, 224, 2, 0, 115)
(184, 224, 52, 0, 192)
(158, 221, 117, 0, 79)
(254, 4, 2, 19, 172)
(271, 101, 0, 115, 206)
(270, 78, 0, 35, 105)
(283, 209, 6, 1, 156)
(265, 224, 36, 0, 88)
(142, 195, 3, 3, 96)
(261, 101, 3, 3, 183)
(252, 175, 35, 0, 81)
(16, 211, 78, 0, 43)
(299, 185, 0, 0, 105)
(137, 130, 2, 4, 114)
(9, 224, 40, 0, 73)
(197, 174, 0, 0, 137)
(257, 80, 7, 1, 206)
(105, 209, 5, 3, 246)
(271, 51, 0, 129, 248)
(267, 91, 0, 27, 255)
(299, 0, 0, 146, 0)
(281, 38, 0, 0, 3)
(242, 117, 2, 5, 153)
(168, 152, 0, 0, 136)
(269, 122, 0, 61, 181)
(276, 177, 0, 18, 209)
(299, 74, 0, 0, 202)
(275, 19, 0, 88, 209)
(125, 115, 1, 0, 0)
(218, 224, 15, 0, 81)
(88, 103, 94, 0, 232)
(181, 150, 3, 8, 119)
(24, 219, 6, 2, 154)
(99, 130, 4, 5, 114)
(282, 66, 2, 2, 178)
(214, 220, 0, 0, 2)
(61, 189, 18, 0, 142)
(181, 224, 118, 0, 176)
(273, 62, 0, 56, 206)
(240, 87, 0, 15, 216)
(142, 209, 3, 4, 186)
(21, 135, 0, 0, 176)
(11, 22, 6, 13, 206)
(291, 61, 0, 132, 11)
(170, 88, 1, 9, 106)
(192, 224, 75, 0, 108)
(275, 107, 0, 20, 17)
(37, 214, 6, 5, 212)
(285, 203, 0, 0, 104)
(255, 215, 9, 1, 232)
(189, 207, 104, 0, 201)
(296, 115, 0, 46, 50)
(114, 65, 76, 0, 78)
(223, 79, 0, 30, 0)
(209, 134, 6, 0, 16)
(170, 187, 2, 5, 95)
(82, 206, 7, 1, 209)
(299, 81, 0, 0, 129)
(181, 201, 19, 0, 55)
(113, 78, 4, 17, 167)
(279, 201, 13, 0, 154)
(117, 89, 2, 15, 111)
(61, 204, 208, 0, 11)
(197, 106, 7, 3, 119)
(0, 100, 8, 12, 94)
(207, 193, 2, 3, 218)
(140, 213, 1, 2, 111)
(297, 52, 0, 12, 236)
(298, 120, 0, 44, 191)
(298, 142, 0, 10, 63)
(299, 127, 0, 9, 92)
(297, 176, 0, 13, 238)
(201, 37, 2, 5, 116)
(247, 200, 0, 4, 214)
(224, 202, 15, 1, 196)
(79, 224, 56, 0, 227)
(243, 195, 26, 0, 183)
(85, 205, 55, 0, 255)
(72, 224, 113, 0, 198)
(109, 35, 4, 4, 183)
(299, 63, 0, 117, 61)
(280, 193, 4, 1, 170)
(48, 211, 7, 1, 228)
(11, 213, 142, 0, 135)
(64, 59, 2, 16, 173)
(131, 185, 129, 0, 26)
(277, 71, 5, 6, 151)
(202, 224, 0, 0, 128)
(152, 208, 4, 3, 248)
(257, 206, 0, 17, 60)
(90, 224, 0, 0, 15)
(0, 176, 69, 0, 7)
(299, 143, 0, 52, 150)
(177, 206, 77, 0, 178)
(8, 224, 190, 0, 105)
(299, 149, 0, 64, 130)
(299, 84, 0, 88, 188)
(299, 167, 0, 43, 164)
(71, 92, 3, 1, 93)
(43, 145, 19, 1, 198)
(117, 224, 54, 0, 0)
(195, 197, 62, 0, 86)
(159, 224, 0, 0, 73)
(275, 162, 24, 0, 167)
(258, 224, 41, 0, 45)
(269, 147, 0, 61, 34)
(58, 182, 12, 0, 218)
(161, 224, 22, 0, 202)
(36, 224, 46, 0, 227)
(299, 110, 0, 62, 214)
(113, 64, 3, 2, 81)
(99, 206, 3, 1, 169)
(230, 57, 2, 5, 212)
(203, 142, 0, 41, 182)
(275, 172, 0, 37, 113)
(129, 142, 22, 1, 204)
(267, 136, 0, 54, 179)
(24, 102, 2, 24, 172)
(267, 181, 8, 0, 62)
(299, 43, 0, 164, 255)
(270, 219, 0, 5, 24)
(283, 179, 8, 1, 181)
(127, 157, 139, 0, 91)
(61, 196, 196, 0, 184)
(161, 213, 8, 1, 171)
(108, 81, 1, 25, 236)
(93, 89, 1, 32, 194)
(221, 95, 3, 2, 161)
(253, 224, 26, 0, 214)
(110, 199, 3, 2, 156)
(240, 149, 4, 4, 243)
(277, 224, 1, 1, 182)
(293, 66, 0, 8, 216)
(217, 76, 0, 27, 101)
(296, 224, 0, 13, 53)
(214, 136, 0, 35, 93)
(256, 222, 43, 0, 192)
(9, 212, 208, 0, 5)
(294, 207, 5, 0, 84)
(278, 223, 3, 31, 211)
(62, 207, 4, 2, 208)
(293, 91, 3, 5, 151)
(59, 133, 9, 4, 167)
(279, 52, 0, 84, 137)
(298, 97, 0, 27, 119)
(249, 5, 0, 178, 68)
(299, 204, 24, 0, 88)
(299, 202, 0, 0, 102)
(236, 224, 14, 0, 241)
(260, 26, 2, 14, 159)
(138, 162, 3, 2, 126)
(281, 120, 6, 1, 161)
(122, 224, 27, 0, 112)
(186, 203, 10, 1, 185)
(117, 224, 182, 0, 79)
(299, 94, 0, 7, 153)
(273, 59, 0, 116, 45)
(208, 212, 0, 0, 39)
(182, 143, 54, 0, 209)
(256, 91, 0, 74, 0)
(101, 223, 0, 0, 47)
(274, 192, 0, 0, 203)
(274, 138, 0, 0, 0)
(58, 224, 188, 0, 69)
(299, 166, 0, 0, 254)
(279, 36, 1, 6, 220)
(231, 0, 0, 81, 90)
(226, 215, 0, 0, 103)
(202, 41, 0, 0, 66)
(91, 224, 112, 0, 24)
(77, 118, 7, 2, 229)
(299, 86, 0, 1, 178)
(124, 187, 5, 3, 180)
(65, 168, 0, 2, 105)
(215, 203, 33, 0, 1)
(285, 212, 15, 0, 96)
(295, 111, 1, 18, 205)
(280, 186, 0, 11, 0)
(251, 189, 71, 0, 154)
(166, 224, 54, 0, 169)
(0, 194, 180, 0, 217)
(292, 77, 7, 0, 225)
(240, 150, 3, 6, 239)
(68, 224, 160, 0, 88)
(154, 160, 2, 4, 104)
(183, 113, 1, 3, 111)
(39, 177, 160, 0, 190)
(194, 202, 7, 2, 225)
(285, 170, 0, 0, 254)
(96, 204, 0, 3, 6)
(299, 91, 0, 11, 64)
(11, 144, 167, 0, 190)
(29, 221, 224, 0, 230)
(265, 10, 0, 91, 170)
(175, 224, 115, 0, 239)
(54, 209, 10, 0, 130)
(178, 196, 4, 2, 122)
(132, 215, 109, 0, 247)
(50, 220, 0, 4, 131)
(299, 224, 0, 0, 182)
(278, 140, 8, 2, 177)
(274, 114, 0, 50, 216)
(277, 60, 0, 84, 194)
(257, 204, 27, 0, 119)
(269, 201, 0, 18, 116)
(100, 99, 26, 0, 50)
(281, 55, 0, 151, 192)
(282, 224, 0, 0, 180)
(299, 43, 0, 39, 242)
(187, 42, 2, 20, 144)
(279, 222, 6, 0, 74)
(271, 224, 7, 0, 182)
(92, 114, 187, 0, 190)
(299, 143, 0, 10, 153)
(299, 142, 0, 0, 206)
(246, 139, 12, 1, 214)
(181, 217, 5, 0, 91)
(252, 189, 0, 18, 110)
(0, 180, 0, 22, 108)
(98, 214, 67, 0, 228)
(115, 214, 2, 11, 207)
(90, 224, 99, 0, 93)
(10, 174, 7, 2, 50)
(273, 202, 0, 0, 206)
(202, 197, 6, 1, 178)
(299, 192, 0, 17, 200)
(115, 199, 0, 0, 32)
(297, 85, 0, 7, 22)
(44, 126, 7, 9, 169)
(25, 37, 5, 16, 196)
(288, 121, 7, 1, 213)
(265, 224, 0, 2, 236)
(237, 72, 0, 84, 58)
(25, 68, 244, 0, 67)
(257, 43, 3, 11, 186)
(245, 15, 1, 15, 167)
(106, 199, 80, 0, 174)
(232, 120, 0, 40, 147)
(248, 20, 0, 131, 5)
(228, 139, 0, 0, 18)
(299, 17, 0, 121, 145)
(253, 107, 1, 15, 213)
(299, 189, 0, 0, 155)
(258, 211, 0, 0, 253)
(299, 188, 0, 0, 96)
(91, 218, 3, 3, 177)
(245, 186, 11, 0, 230)
(207, 205, 6, 6, 210)
(168, 47, 62, 0, 197)
(299, 108, 0, 40, 123)
(299, 194, 0, 17, 212)
(249, 76, 38, 0, 32)
(201, 224, 58, 0, 255)
(252, 170, 4, 2, 189)
(113, 182, 2, 3, 239)
(210, 119, 1, 4, 206)
(299, 121, 0, 0, 92)
(90, 224, 84, 0, 237)
(275, 108, 0, 0, 173)
(255, 223, 2, 1, 114)
(299, 190, 0, 0, 0)
(276, 6, 0, 22, 113)
(229, 158, 0, 21, 225)
(69, 224, 7, 0, 124)
(218, 96, 0, 22, 61)
(136, 187, 94, 0, 47)
(46, 168, 0, 42, 77)
(135, 220, 173, 0, 49)
(66, 224, 61, 0, 18)
(250, 89, 0, 11, 157)
(276, 125, 5, 2, 123)
(139, 42, 1, 17, 199)
(87, 191, 8, 1, 116)
(299, 224, 0, 8, 200)
(154, 202, 93, 0, 199)
(43, 211, 211, 0, 115)
(234, 110, 0, 127, 13)
(254, 224, 2, 1, 161)
(244, 224, 0, 0, 90)
(299, 170, 0, 25, 112)
(183, 194, 48, 0, 145)
(231, 0, 0, 0, 33)
(236, 144, 0, 66, 118)
(0, 153, 125, 0, 31)
(162, 100, 0, 0, 37)
(290, 76, 0, 0, 138)
(287, 12, 0, 3, 135)
(74, 208, 8, 2, 229)
(5, 111, 19, 0, 0)
(265, 87, 3, 3, 156)
(133, 224, 31, 0, 113)
(297, 186, 2, 0, 35)
(119, 202, 2, 1, 202)
(260, 5, 0, 123, 164)
(154, 94, 7, 4, 186)
(159, 224, 0, 0, 224)
(34, 142, 45, 0, 194)
(120, 217, 137, 0, 197)
(236, 224, 20, 0, 63)
(210, 198, 4, 4, 232)
(198, 205, 75, 0, 167)
(243, 152, 4, 8, 201)
(143, 211, 3, 1, 139)
(293, 165, 7, 1, 194)
(284, 195, 1, 5, 188)
(215, 123, 2, 3, 101)
(90, 224, 0, 0, 100)
(185, 217, 100, 0, 125)
(256, 195, 43, 0, 243)
(217, 0, 0, 168, 192)
(261, 86, 0, 1, 75)
(277, 139, 0, 68, 85)
(299, 22, 0, 89, 6)
(287, 173, 0, 33, 103)
(284, 175, 0, 0, 251)
(299, 198, 0, 0, 13)
(200, 36, 0, 0, 46)
(273, 204, 0, 16, 140)
(256, 49, 2, 1, 142)
(264, 214, 6, 1, 159)
(137, 98, 5, 7, 115)
(231, 224, 0, 0, 233)
(56, 197, 221, 0, 94)
(232, 112, 59, 0, 123)
(164, 49, 12, 3, 210)
(174, 198, 4, 1, 180)
(299, 99, 0, 0, 88)
(192, 222, 64, 0, 189)
(121, 224, 31, 0, 172)
(16, 88, 0, 47, 255)
(192, 204, 4, 4, 207)
(126, 224, 151, 0, 192)
(199, 123, 2, 13, 153)
(27, 224, 22, 0, 64)
(272, 224, 0, 0, 48)
(171, 176, 0, 0, 189)
(299, 152, 0, 30, 200)
(88, 201, 54, 0, 226)
(60, 21, 11, 7, 219)
(105, 152, 3, 1, 254)
(97, 98, 3, 11, 87)
(0, 183, 0, 0, 188)
(221, 102, 1, 19, 148)
(280, 222, 2, 2, 196)
(158, 128, 2, 7, 88)
(186, 203, 38, 0, 205)
(285, 34, 0, 80, 255)
(45, 224, 49, 0, 189)
(270, 211, 44, 0, 178)
(299, 221, 0, 3, 114)
(119, 45, 18, 3, 160)
(299, 90, 0, 105, 62)
(253, 224, 35, 0, 229)
(299, 67, 0, 0, 54)
(297, 173, 10, 4, 220)
(181, 188, 1, 4, 221)
(210, 192, 2, 3, 133)
(15, 220, 93, 0, 145)
(299, 21, 0, 203, 180)
(146, 204, 14, 0, 11)
(69, 34, 19, 0, 210)
(161, 213, 5, 1, 123)
(113, 180, 0, 6, 12)
(29, 31, 4, 8, 223)
(159, 204, 0, 17, 213)
(201, 212, 26, 0, 233)
(236, 15, 27, 1, 196)
(200, 111, 9, 2, 162)
(275, 101, 0, 114, 10)
(227, 224, 3, 0, 188)
(249, 160, 0, 11, 46)
(296, 171, 3, 0, 57)
(76, 69, 14, 4, 170)
(292, 224, 2, 1, 126)
(127, 167, 20, 0, 33)
(192, 13, 1, 27, 223)
(15, 89, 12, 1, 186)
(175, 214, 42, 0, 64)
(26, 224, 245, 0, 226)
(18, 200, 271, 0, 103)
(39, 7, 0, 89, 32)
(214, 203, 0, 0, 248)
(0, 224, 225, 0, 202)
(299, 35, 0, 64, 178)
(63, 171, 49, 0, 154)
(273, 222, 5, 0, 159)
(279, 123, 0, 9, 56)
(295, 124, 3, 3, 208)
(293, 224, 0, 0, 197)
(299, 51, 0, 45, 132)
(293, 78, 6, 1, 151)
(299, 100, 0, 38, 86)
(82, 174, 13, 0, 18)
(168, 142, 53, 0, 0)
(248, 126, 2, 3, 148)
(257, 168, 6, 1, 174)
(286, 203, 1, 12, 176)
(299, 197, 0, 0, 147)
(188, 126, 19, 0, 151)
(194, 135, 0, 0, 59)
(209, 97, 0, 56, 13)
(145, 177, 29, 0, 53)
(299, 188, 0, 0, 118)
(0, 220, 44, 0, 237)
(296, 117, 9, 1, 184)
(80, 150, 17, 1, 170)
(190, 63, 5, 6, 97)
(267, 190, 0, 0, 114)
(299, 127, 0, 95, 8)
(248, 189, 5, 3, 187)
(238, 224, 21, 0, 255)
(245, 222, 54, 0, 73)
(0, 209, 112, 0, 200)
(250, 224, 5, 0, 0)
(5, 224, 31, 0, 218)
(219, 94, 0, 34, 118)
(274, 64, 0, 60, 237)
(292, 58, 18, 3, 207)
(283, 122, 0, 48, 232)
(261, 66, 0, 64, 3)
(190, 224, 76, 0, 187)
(134, 214, 1, 6, 205)
(193, 137, 106, 0, 185)
(279, 224, 0, 0, 34)
(66, 59, 1, 12, 144)
(297, 18, 0, 154, 168)
(157, 211, 43, 0, 90)
(299, 0, 0, 103, 247)
(278, 143, 0, 33, 9)
(40, 95, 7, 2, 179)
(172, 182, 91, 0, 79)
(256, 73, 1, 2, 224)
(169, 59, 26, 0, 131)
(134, 224, 96, 0, 204)
(115, 119, 0, 20, 199)
(289, 198, 1, 5, 216)
(131, 224, 50, 0, 255)
(75, 173, 52, 0, 5)
(128, 219, 4, 1, 210)
(0, 215, 211, 0, 0)
(150, 177, 1, 3, 211)
(206, 170, 13, 1, 229)
(299, 60, 0, 33, 58)
(13, 41, 1, 9, 127)
(250, 147, 0, 0, 190)
(50, 217, 2, 3, 223)
(248, 83, 1, 17, 161)
(150, 153, 45, 0, 179)
(268, 222, 28, 0, 65)
(110, 91, 27, 2, 164)
(223, 201, 8, 0, 162)
(185, 108, 4, 15, 118)
(53, 167, 0, 0, 147)
(207, 224, 92, 0, 234)
(280, 188, 0, 2, 58)
(49, 165, 5, 2, 73)
(299, 118, 0, 52, 146)
(63, 170, 185, 0, 75)
(293, 105, 0, 84, 171)
(299, 56, 0, 0, 135)
(45, 25, 37, 0, 148)
(259, 97, 2, 2, 171)
(291, 29, 0, 10, 71)
(254, 5, 1, 4, 207)
(255, 126, 0, 0, 15)
(104, 215, 21, 0, 104)
(78, 197, 190, 0, 148)
(65, 188, 26, 0, 229)
(299, 17, 0, 148, 115)
(142, 204, 44, 0, 105)
(138, 173, 0, 0, 163)
(246, 105, 3, 3, 140)
(287, 5, 7, 1, 170)
(276, 200, 0, 0, 119)
(115, 224, 97, 0, 55)
(17, 215, 3, 4, 164)
(275, 183, 22, 0, 71)
(145, 224, 58, 0, 49)
(214, 216, 29, 0, 181)
(174, 140, 1, 10, 131)
(163, 214, 0, 1, 0)
(101, 214, 88, 0, 101)
(299, 13, 0, 34, 44)
(291, 224, 0, 0, 70)
(246, 116, 4, 0, 109)
(285, 74, 2, 4, 140)
(105, 159, 7, 3, 254)
(86, 216, 155, 0, 44)
(16, 224, 104, 0, 110)
(292, 204, 4, 2, 169)
(230, 69, 1, 2, 220)
(66, 112, 5, 4, 62)
(299, 218, 0, 0, 254)
(23, 141, 7, 4, 147)
(299, 165, 0, 31, 227)
(243, 2, 0, 0, 164)
(213, 188, 16, 0, 241)
(299, 10, 0, 29, 14)
(299, 170, 0, 22, 170)
(266, 32, 0, 55, 209)
(299, 133, 0, 59, 84)
(10, 205, 129, 0, 78)
(188, 152, 2, 3, 79)
(39, 142, 15, 1, 227)
(223, 165, 76, 0, 132)
(299, 160, 0, 0, 172)
(119, 73, 0, 62, 230)
(0, 217, 120, 0, 119)
(299, 95, 0, 26, 240)
(0, 139, 0, 25, 241)
(220, 195, 7, 6, 219)
(299, 30, 0, 108, 241)
(174, 203, 7, 1, 187)
(201, 224, 45, 0, 230)
(265, 223, 2, 1, 153)
(262, 118, 1, 4, 155)
(240, 73, 59, 0, 138)
(295, 180, 4, 0, 145)
(252, 224, 27, 0, 158)
(281, 197, 4, 1, 233)
(215, 109, 0, 53, 20)
(221, 90, 2, 2, 182)
(8, 135, 2, 3, 190)
(226, 199, 19, 0, 250)
(72, 202, 10, 2, 192)
(299, 186, 0, 7, 91)
(265, 188, 0, 30, 255)
(126, 0, 2, 5, 99)
(232, 147, 0, 55, 235)
(74, 186, 24, 0, 171)
(0, 193, 7, 6, 201)
(143, 151, 0, 46, 150)
(231, 141, 41, 0, 0)
(271, 147, 4, 0, 38)
(258, 152, 0, 51, 132)
(175, 224, 100, 0, 33)
(281, 224, 0, 0, 94)
(299, 189, 0, 11, 56)
(118, 23, 10, 0, 72)
(143, 104, 6, 4, 76)
(106, 36, 0, 0, 77)
(226, 166, 0, 41, 133)
(169, 71, 101, 0, 39)
(280, 12, 0, 32, 44)
(203, 125, 1, 4, 104)
(249, 212, 0, 0, 164)
(212, 205, 4, 0, 49)
(299, 12, 0, 32, 48)
(160, 31, 0, 12, 255)
(165, 163, 119, 0, 78)
(210, 224, 30, 0, 213)
(298, 169, 0, 19, 193)
(258, 125, 0, 10, 168)
(267, 99, 0, 125, 175)
(197, 130, 0, 42, 136)
(242, 10, 6, 5, 229)
(225, 109, 74, 0, 31)
(263, 130, 11, 0, 231)
(230, 199, 28, 0, 22)
(285, 132, 0, 0, 213)
(195, 197, 5, 1, 180)
(33, 213, 0, 0, 170)
(206, 203, 55, 0, 54)
(280, 12, 0, 6, 240)
(163, 216, 55, 0, 160)
(211, 215, 0, 0, 24)
(107, 220, 5, 2, 209)
(209, 184, 67, 0, 18)
(185, 193, 67, 0, 2)
(295, 7, 4, 7, 183)
(123, 210, 1, 10, 205)
(171, 110, 4, 8, 135)
(19, 223, 184, 0, 0)
(96, 148, 143, 0, 235)
(39, 224, 87, 0, 161)
(214, 75, 0, 0, 127)
(299, 224, 0, 0, 78)
(299, 146, 0, 24, 148)
(227, 167, 0, 7, 253)
(77, 19, 3, 7, 141)
(275, 223, 0, 0, 153)
(14, 206, 73, 0, 87)
(177, 212, 108, 0, 80)
(159, 172, 1, 2, 151)
(274, 222, 0, 5, 59)
(93, 224, 221, 0, 0)
(248, 216, 21, 0, 95)
(115, 224, 1, 0, 221)
(0, 224, 22, 0, 187)
(107, 96, 0, 22, 141)
(233, 126, 1, 3, 143)
(69, 166, 0, 13, 176)
(288, 158, 0, 62, 47)
(157, 214, 64, 0, 206)
(299, 115, 0, 0, 173)
(218, 69, 1, 17, 211)
(118, 206, 181, 0, 174)
(290, 85, 3, 3, 178)
(86, 224, 106, 0, 191)
(281, 215, 18, 0, 97)
(38, 224, 40, 0, 81)
(268, 224, 0, 0, 166)
(299, 13, 0, 201, 223)
(208, 102, 0, 14, 151)
(32, 119, 9, 2, 114)
(4, 22, 0, 3, 117)
(245, 52, 2, 3, 164)
(272, 161, 4, 3, 229)
(275, 224, 0, 0, 27)
(299, 189, 0, 3, 152)
(125, 180, 2, 8, 234)
(112, 224, 131, 0, 165)
(299, 224, 0, 7, 20)
(299, 139, 0, 26, 173)
(137, 119, 6, 3, 172)
(251, 174, 32, 1, 232)
(290, 220, 4, 3, 120)
(265, 219, 0, 0, 113)
(101, 164, 32, 0, 185)
(290, 132, 9, 1, 197)
(284, 110, 0, 20, 75)
(201, 151, 5, 2, 228)
(130, 80, 5, 2, 74)
(253, 38, 0, 42, 182)
(291, 36, 0, 133, 135)
(116, 213, 18, 3, 208)
(152, 197, 54, 0, 82)
(256, 15, 0, 24, 246)
(107, 200, 3, 1, 135)
(297, 103, 0, 25, 170)
(287, 128, 0, 0, 231)
(296, 65, 3, 2, 183)
(159, 199, 0, 10, 24)
(236, 82, 0, 0, 48)
(296, 0, 0, 160, 55)
(298, 113, 0, 77, 155)
(299, 42, 0, 24, 0)
(271, 168, 0, 56, 92)
(292, 39, 2, 3, 170)
(229, 221, 2, 1, 171)
(184, 213, 22, 1, 217)
(191, 182, 1, 0, 97)
(294, 194, 4, 5, 168)
(299, 116, 0, 98, 127)
(271, 113, 0, 0, 194)
(73, 211, 30, 0, 223)
(199, 50, 1, 1, 225)
(148, 212, 27, 0, 155)
(184, 224, 53, 0, 16)
(120, 132, 5, 1, 134)
(113, 166, 15, 1, 132)
(198, 75, 18, 0, 110)
(276, 163, 4, 4, 227)
(294, 224, 15, 0, 250)
(271, 123, 0, 67, 23)
(156, 15, 0, 184, 50)
(42, 223, 3, 6, 176)
(297, 135, 2, 3, 181)
(299, 0, 6, 3, 145)
(123, 209, 93, 0, 74)
(198, 47, 0, 11, 79)
(279, 224, 0, 0, 133)
(146, 136, 5, 5, 250)
(3, 0, 4, 1, 179)
(251, 194, 17, 0, 126)
(276, 209, 8, 0, 75)
(182, 126, 1, 1, 129)
(299, 99, 4, 5, 223)
(199, 200, 0, 32, 223)
(33, 224, 58, 0, 120)
(299, 62, 0, 72, 181)
(299, 222, 0, 2, 255)
(286, 193, 0, 12, 223)
(299, 79, 0, 0, 0)
(299, 7, 0, 176, 156)
(36, 224, 153, 0, 99)
(191, 224, 91, 0, 36)
(287, 174, 18, 0, 226)
(242, 137, 1, 11, 142)
(92, 216, 118, 0, 105)
(211, 122, 2, 4, 167)
(229, 183, 0, 26, 167)
(299, 149, 15, 3, 155)
(5, 224, 123, 0, 182)
(298, 160, 0, 9, 67)
(272, 57, 0, 127, 163)
(299, 132, 0, 0, 181)
(297, 171, 0, 5, 156)
(99, 224, 68, 0, 214)
(291, 18, 0, 118, 234)
(212, 224, 87, 0, 82)
(119, 197, 4, 0, 105)
(170, 172, 104, 0, 115)
(279, 224, 0, 0, 58)
(24, 224, 24, 0, 38)
(38, 180, 1, 7, 162)
(97, 129, 2, 4, 183)
(126, 224, 73, 0, 117)
(28, 224, 143, 0, 105)
(218, 136, 9, 1, 211)
(269, 214, 0, 5, 207)
(295, 198, 1, 1, 133)
(240, 14, 0, 15, 247)
(298, 218, 0, 0, 104)
(203, 134, 0, 24, 47)
(87, 222, 44, 0, 62)
(232, 214, 97, 0, 40)
(299, 72, 0, 152, 134)
(278, 22, 1, 3, 191)
(120, 205, 69, 0, 17)
(236, 196, 0, 9, 138)
(299, 175, 0, 0, 239)
(271, 218, 0, 6, 151)
(295, 170, 0, 0, 117)
(161, 126, 4, 1, 114)
(299, 149, 0, 46, 46)
(65, 202, 56, 0, 116)
(135, 213, 97, 0, 246)
(125, 171, 1, 5, 88)
(284, 0, 3, 2, 175)
(239, 171, 6, 3, 230)
(93, 224, 10, 11, 192)
(75, 169, 191, 0, 26)
(299, 127, 0, 5, 7)
(150, 90, 1, 13, 178)
(82, 59, 0, 156, 33)
(271, 199, 0, 33, 60)
(45, 207, 19, 0, 249)
(253, 80, 0, 0, 112)
(192, 60, 1, 6, 149)
(299, 112, 0, 0, 234)
(265, 120, 0, 0, 77)
(53, 160, 12, 2, 201)
(101, 223, 83, 0, 117)
(73, 166, 3, 2, 206)
(159, 182, 42, 0, 29)
(275, 181, 0, 23, 115)
(183, 215, 79, 0, 246)
(95, 144, 23, 1, 184)
(205, 158, 2, 3, 93)
(268, 45, 0, 179, 32)
(261, 156, 2, 0, 96)
(152, 170, 107, 0, 19)
(62, 224, 227, 0, 40)
(28, 36, 81, 0, 203)
(173, 223, 3, 4, 187)
(159, 224, 29, 0, 130)
(284, 9, 0, 19, 99)
(290, 58, 0, 66, 121)
(299, 119, 0, 20, 93)
(275, 127, 0, 6, 126)
(23, 179, 137, 0, 44)
(257, 141, 3, 2, 171)
(281, 224, 14, 0, 54)
(294, 197, 0, 22, 107)
(58, 213, 1, 3, 223)
(205, 69, 1, 2, 93)
(108, 202, 19, 0, 239)
(171, 118, 3, 17, 178)
(90, 140, 161, 0, 160)
(116, 178, 2, 5, 150)
(243, 122, 2, 1, 205)
(299, 194, 0, 9, 43)
(283, 23, 0, 137, 26)
(289, 5, 0, 0, 43)
(224, 78, 0, 0, 83)
(0, 200, 164, 0, 227)
(117, 198, 1, 4, 180)
(250, 202, 23, 0, 70)
(157, 80, 137, 0, 104)
(130, 209, 111, 0, 40)
(148, 213, 0, 11, 28)
(133, 97, 0, 33, 175)
(291, 160, 0, 59, 15)
(299, 186, 0, 0, 241)
(273, 184, 26, 0, 115)
(234, 224, 22, 0, 43)
(113, 210, 155, 0, 104)
(140, 106, 2, 3, 29)
(299, 108, 0, 0, 164)
(286, 104, 0, 17, 139)
(251, 197, 2, 2, 202)
(119, 184, 0, 0, 238)
(233, 139, 4, 2, 233)
(193, 224, 69, 0, 247)
(296, 223, 1, 14, 106)
(286, 218, 1, 2, 121)
(273, 224, 14, 0, 13)
(283, 101, 2, 9, 158)
(165, 123, 2, 2, 76)
(155, 194, 91, 0, 247)
(299, 157, 0, 0, 16)
(86, 224, 152, 0, 101)
(193, 224, 8, 10, 163)
(250, 201, 0, 0, 157)
(180, 141, 0, 80, 140)
(229, 200, 0, 18, 14)
(181, 193, 118, 0, 120)
(12, 224, 205, 0, 199)
(135, 149, 1, 3, 169)
(182, 224, 0, 0, 194)
(297, 111, 2, 0, 67)
(299, 222, 0, 0, 94)
(239, 220, 13, 0, 98)
(17, 208, 9, 0, 103)
(113, 167, 0, 49, 173)
(240, 193, 13, 3, 172)
(294, 108, 0, 21, 139)
(156, 171, 0, 11, 114)
(52, 11, 26, 6, 204)
(73, 145, 158, 0, 144)
(69, 168, 0, 25, 199)
(226, 0, 0, 103, 0)
(131, 185, 0, 9, 156)
(169, 141, 8, 0, 82)
(256, 173, 4, 1, 159)
(98, 24, 2, 16, 202)
(90, 224, 183, 0, 60)
(168, 216, 49, 0, 249)
(299, 224, 0, 0, 185)
(58, 224, 134, 0, 100)
(252, 0, 2, 8, 183)
(44, 136, 0, 0, 177)
(197, 150, 2, 3, 195)
(111, 224, 43, 0, 228)
(261, 78, 0, 105, 85)
(113, 13, 3, 11, 175)
(299, 87, 0, 13, 137)
(299, 204, 0, 0, 221)
(7, 78, 0, 29, 0)
(290, 212, 0, 20, 201)
(159, 205, 7, 1, 205)
(299, 25, 0, 113, 161)
(299, 111, 0, 74, 113)
(299, 224, 0, 0, 39)
(8, 54, 3, 7, 180)
(74, 143, 3, 5, 149)
(126, 203, 72, 0, 157)
(46, 210, 118, 0, 58)
(233, 0, 0, 122, 90)
(232, 39, 0, 65, 156)
(98, 190, 167, 0, 25)
(299, 224, 0, 0, 135)
(84, 203, 79, 0, 113)
(214, 224, 85, 0, 79)
(262, 199, 1, 4, 224)
(224, 205, 49, 0, 97)
(241, 220, 3, 2, 163)
(14, 208, 112, 0, 175)
(262, 6, 3, 4, 188)
(261, 202, 3, 1, 203)
(87, 205, 173, 0, 142)
(217, 97, 12, 3, 123)
(204, 172, 0, 18, 165)
(263, 209, 1, 3, 170)
(155, 224, 59, 0, 242)
(179, 127, 3, 9, 102)
(260, 41, 0, 78, 162)
(148, 157, 68, 0, 26)
(114, 224, 102, 0, 189)
(273, 28, 9, 1, 155)
(121, 211, 43, 0, 221)
(286, 178, 0, 0, 188)
(292, 192, 29, 0, 86)
(23, 205, 116, 0, 48)
(236, 38, 0, 162, 190)
(299, 161, 0, 61, 112)
(272, 7, 0, 59, 33)
(126, 175, 5, 3, 236)
(299, 84, 0, 19, 111)
(122, 223, 59, 0, 0)
(191, 209, 0, 0, 77)
(279, 224, 0, 0, 185)
(28, 157, 6, 20, 67)
(191, 48, 5, 2, 155)
(299, 186, 0, 17, 127)
(31, 123, 4, 15, 189)
(231, 212, 10, 0, 80)
(244, 168, 0, 37, 125)
(299, 120, 0, 26, 214)
(255, 203, 0, 0, 103)
(67, 85, 0, 35, 78)
(47, 206, 69, 0, 42)
(91, 111, 4, 5, 212)
(225, 224, 41, 0, 116)
(299, 59, 0, 125, 136)
(298, 79, 0, 65, 247)
(123, 157, 6, 1, 127)
(299, 124, 0, 0, 138)
(256, 96, 3, 2, 241)
(115, 222, 6, 0, 254)
(267, 212, 46, 0, 176)
(97, 206, 185, 0, 77)
(228, 64, 31, 0, 54)
(292, 193, 0, 0, 44)
(231, 43, 0, 145, 173)
(272, 181, 3, 2, 184)
(264, 131, 0, 1, 18)
(299, 224, 0, 0, 4)
(297, 40, 0, 15, 42)
(221, 82, 0, 77, 11)
(26, 207, 170, 0, 126)
(299, 128, 0, 8, 73)
(121, 135, 65, 0, 0)
(257, 182, 19, 0, 24)
(248, 223, 1, 1, 89)
(289, 57, 1, 3, 216)
(299, 144, 0, 71, 176)
(281, 193, 18, 0, 50)
(286, 70, 0, 154, 223)
(210, 151, 0, 49, 230)
(213, 113, 0, 51, 23)
(299, 91, 0, 97, 70)
(271, 129, 2, 2, 244)
(278, 55, 0, 32, 20)
(125, 184, 170, 0, 129)
(209, 202, 5, 3, 216)
(63, 28, 0, 73, 178)
(299, 167, 0, 0, 112)
(276, 107, 0, 69, 58)
(292, 161, 0, 19, 113)
(166, 192, 19, 0, 242)
(258, 26, 0, 165, 127)
(272, 111, 5, 6, 224)
(299, 202, 0, 25, 206)
(299, 62, 0, 33, 231)
(124, 190, 0, 7, 152)
(84, 107, 0, 26, 91)
(269, 224, 12, 0, 150)
(26, 41, 4, 4, 139)
(274, 224, 25, 0, 0)
(149, 217, 4, 4, 218)
(246, 213, 46, 0, 27)
(0, 203, 0, 19, 176)
(248, 38, 0, 20, 23)
(0, 125, 4, 7, 186)
(249, 0, 0, 101, 219)
(25, 182, 0, 39, 198)
(109, 0, 14, 0, 120)
(206, 218, 7, 1, 201)
(299, 126, 0, 42, 171)
(230, 212, 69, 0, 197)
(289, 21, 0, 162, 39)
(44, 204, 175, 0, 52)
(265, 177, 0, 21, 24)
(299, 126, 0, 13, 24)
(298, 171, 1, 0, 0)
(255, 119, 0, 2, 116)
(173, 121, 2, 12, 183)
(161, 187, 3, 1, 179)
(272, 89, 0, 120, 0)
(215, 129, 10, 1, 173)
(262, 149, 24, 0, 193)
(299, 216, 0, 8, 106)
(125, 189, 0, 0, 189)
(163, 71, 110, 0, 187)
(277, 172, 0, 26, 121)
(299, 140, 7, 1, 150)
(299, 200, 0, 0, 205)
(290, 107, 3, 2, 166)
(268, 224, 17, 0, 84)
(56, 199, 8, 3, 244)
(196, 215, 2, 0, 201)
(37, 209, 24, 0, 157)
(234, 196, 0, 0, 255)
(289, 223, 2, 1, 143)
(293, 210, 0, 11, 6)
(130, 144, 1, 15, 100)
(218, 161, 51, 0, 231)
(170, 209, 79, 0, 182)
(19, 203, 101, 0, 10)
(292, 148, 0, 57, 39)
(100, 224, 55, 0, 101)
(299, 164, 0, 6, 164)
(225, 107, 0, 0, 198)
(119, 221, 5, 2, 187)
(290, 144, 5, 3, 202)
(240, 224, 0, 0, 176)
(229, 222, 8, 0, 82)
(121, 84, 3, 4, 228)
(88, 126, 2, 4, 236)
(234, 215, 65, 0, 108)
(269, 215, 0, 0, 211)
(209, 157, 2, 1, 123)
(283, 99, 9, 1, 204)
(228, 73, 0, 0, 213)
(122, 224, 111, 0, 178)
(138, 192, 10, 0, 231)
(246, 212, 15, 0, 223)
(193, 146, 2, 6, 116)
(282, 14, 6, 1, 183)
(270, 41, 0, 197, 24)
(260, 167, 0, 15, 71)
(61, 187, 45, 0, 97)
(299, 183, 0, 38, 0)
(66, 204, 26, 0, 116)
(299, 107, 0, 24, 116)
(115, 156, 1, 1, 158)
(190, 224, 61, 0, 212)
(267, 6, 25, 0, 97)
(283, 79, 0, 100, 6)
(154, 24, 163, 0, 184)
(284, 50, 0, 52, 215)
(299, 166, 0, 43, 201)
(299, 194, 0, 0, 236)
(165, 215, 4, 4, 221)
(229, 193, 57, 0, 174)
(270, 13, 0, 30, 0)
(237, 193, 0, 0, 102)
(277, 177, 12, 1, 216)
(122, 147, 7, 7, 202)
(297, 32, 26, 1, 179)
(135, 224, 12, 0, 90)
(94, 82, 7, 3, 159)
(237, 224, 62, 0, 0)
(256, 63, 0, 46, 195)
(255, 69, 1, 9, 151)
(0, 224, 242, 0, 139)
(0, 72, 11, 4, 60)
(277, 114, 0, 110, 200)
(123, 224, 56, 0, 149)
(63, 187, 0, 21, 35)
(195, 99, 13, 3, 207)
(121, 124, 175, 0, 83)
(116, 64, 1, 21, 186)
(196, 111, 16, 1, 166)
(267, 187, 0, 20, 247)
(217, 179, 60, 0, 249)
(198, 223, 5, 0, 174)
(91, 55, 0, 116, 82)
(280, 76, 0, 0, 214)
(60, 145, 5, 3, 237)
(152, 151, 1, 9, 163)
(252, 82, 16, 3, 189)
(193, 200, 9, 1, 145)
(200, 140, 6, 1, 200)
(218, 96, 3, 2, 183)
(286, 191, 7, 0, 128)
(263, 51, 0, 170, 205)
(29, 189, 33, 0, 55)
(19, 32, 133, 0, 2)
(56, 224, 164, 0, 74)
(164, 224, 23, 0, 59)
(264, 224, 12, 0, 165)
(7, 43, 275, 0, 145)
(299, 129, 0, 0, 60)
(280, 206, 0, 0, 160)
(288, 223, 1, 1, 133)
(79, 208, 0, 0, 154)
(106, 144, 6, 3, 183)
(257, 202, 57, 0, 9)
(117, 224, 182, 0, 221)
(265, 179, 20, 0, 129)
(126, 49, 1, 14, 139)
(299, 205, 0, 0, 157)
(124, 189, 0, 28, 76)
(276, 15, 23, 0, 147)
(299, 211, 0, 4, 181)
(49, 224, 164, 0, 255)
(236, 109, 1, 10, 165)
(296, 40, 0, 69, 0)
(188, 188, 6, 2, 244)
(262, 0, 0, 49, 206)
(80, 13, 69, 0, 150)
(293, 138, 0, 54, 87)
(281, 212, 5, 2, 142)
(235, 127, 2, 3, 230)
(18, 175, 0, 49, 61)
(257, 80, 0, 0, 179)
(19, 202, 54, 0, 62)
(197, 211, 7, 2, 238)
(276, 85, 23, 0, 91)
(299, 183, 23, 2, 169)
(268, 224, 36, 0, 204)
(217, 30, 0, 194, 215)
(72, 107, 13, 4, 36)
(187, 224, 5, 1, 190)
(182, 191, 1, 2, 216)
(293, 42, 0, 31, 94)
(233, 193, 52, 1, 174)
(115, 185, 4, 3, 71)
(161, 191, 111, 0, 180)
(248, 25, 2, 2, 168)
(265, 49, 1, 0, 30)
(131, 111, 87, 0, 0)
(28, 177, 110, 0, 242)
(299, 199, 20, 0, 29)
(243, 211, 13, 0, 69)
(7, 116, 6, 6, 128)
(299, 55, 0, 74, 150)
(295, 189, 0, 35, 174)
(191, 101, 0, 159, 229)
(84, 224, 60, 0, 46)
(286, 0, 13, 0, 32)
(271, 186, 0, 28, 119)
(52, 224, 99, 0, 134)
(79, 224, 9, 0, 72)
(157, 210, 42, 1, 222)
(239, 222, 86, 0, 62)
(162, 224, 11, 0, 238)
(299, 161, 0, 13, 75)
(209, 63, 35, 0, 15)
(208, 147, 1, 2, 240)
(273, 191, 0, 12, 160)
(299, 66, 0, 15, 59)
(276, 143, 2, 1, 154)
(266, 224, 33, 0, 255)
(200, 156, 0, 9, 160)
(262, 222, 1, 1, 127)
(299, 47, 0, 82, 164)
(286, 107, 1, 2, 224)
(178, 132, 0, 22, 34)
(201, 79, 4, 3, 148)
(157, 75, 14, 1, 132)
(264, 223, 10, 0, 0)
(68, 194, 31, 1, 216)
(67, 175, 8, 2, 171)
(275, 194, 18, 0, 0)
(172, 224, 107, 0, 0)
(94, 159, 59, 0, 65)
(186, 224, 113, 0, 148)
(241, 5, 2, 14, 231)
(198, 186, 5, 1, 178)
(232, 209, 28, 0, 26)
(279, 111, 0, 15, 81)
(235, 136, 3, 2, 107)
(160, 16, 0, 28, 48)
(296, 129, 3, 2, 196)
(299, 202, 0, 0, 91)
(90, 204, 127, 0, 113)
(180, 193, 11, 2, 110)
(176, 70, 0, 8, 0)
(270, 224, 5, 0, 124)
(297, 114, 2, 3, 219)
(273, 52, 5, 3, 178)
(196, 207, 27, 0, 202)
(299, 215, 0, 0, 28)
(162, 224, 16, 0, 52)
(299, 119, 0, 96, 72)
(135, 72, 0, 32, 134)
(278, 224, 21, 0, 49)
(122, 203, 6, 3, 225)
(177, 95, 0, 21, 172)
(18, 217, 6, 1, 160)
(276, 75, 0, 47, 150)
(203, 224, 51, 0, 100)
(299, 134, 0, 0, 57)
(120, 0, 6, 5, 133)
(279, 164, 0, 0, 228)
(299, 91, 0, 52, 83)
(243, 153, 0, 50, 157)
(18, 86, 25, 1, 134)
(260, 204, 39, 0, 112)
(267, 133, 2, 3, 105)
(194, 98, 0, 23, 72)
(274, 167, 2, 1, 173)
(217, 191, 5, 3, 215)
(279, 128, 0, 0, 173)
(138, 164, 1, 6, 198)
(138, 224, 66, 0, 78)
(216, 174, 3, 0, 134)
(200, 216, 15, 0, 148)
(18, 212, 146, 0, 1)
(31, 224, 57, 0, 63)
(237, 180, 8, 5, 227)
(61, 179, 9, 1, 182)
(26, 224, 147, 0, 16)
(282, 57, 3, 1, 239)
(299, 125, 0, 36, 171)
(0, 224, 219, 0, 3)
(299, 67, 0, 96, 164)
(267, 205, 32, 0, 120)
(299, 44, 0, 0, 61)
(150, 153, 156, 0, 182)
(299, 98, 0, 65, 65)
(214, 146, 3, 0, 183)
(177, 188, 30, 0, 77)
(115, 224, 84, 0, 77)
(224, 200, 0, 0, 4)
(248, 175, 4, 8, 233)
(285, 196, 0, 22, 174)
(0, 224, 1, 8, 120)
(270, 159, 0, 0, 64)
(187, 158, 1, 2, 77)
(239, 91, 8, 6, 226)
(93, 224, 37, 0, 94)
(299, 23, 0, 175, 235)
(70, 224, 163, 0, 253)
(193, 224, 0, 0, 25)
(71, 96, 5, 7, 113)
(291, 54, 0, 0, 43)
(159, 218, 3, 2, 228)
(275, 106, 24, 0, 162)
(206, 140, 1, 2, 106)
(160, 224, 103, 0, 60)
(299, 188, 0, 2, 58)
(299, 176, 0, 33, 42)
(297, 187, 0, 12, 82)
(170, 224, 129, 0, 49)
(299, 224, 0, 0, 1)
(232, 104, 4, 0, 243)
(52, 224, 202, 0, 167)
(0, 206, 8, 6, 179)
(106, 175, 13, 2, 178)
(191, 224, 40, 0, 152)
(221, 19, 0, 0, 103)
(299, 185, 0, 0, 89)
(273, 18, 0, 9, 65)
(265, 134, 2, 2, 87)
(116, 132, 64, 0, 71)
(109, 183, 3, 2, 115)
(82, 203, 3, 2, 173)
(253, 224, 24, 0, 210)
(297, 206, 2, 0, 41)
(144, 140, 1, 2, 94)
(288, 102, 0, 88, 34)
(294, 145, 1, 1, 149)
(299, 124, 0, 13, 126)
(70, 203, 173, 0, 113)
(250, 18, 18, 0, 244)
(238, 224, 0, 0, 174)
(47, 202, 41, 0, 86)
(272, 128, 0, 0, 77)
(84, 126, 215, 0, 178)
(254, 179, 0, 8, 29)
(14, 57, 17, 3, 116)
(75, 124, 65, 0, 82)
(195, 204, 28, 0, 146)
(33, 215, 5, 1, 205)
(299, 37, 0, 121, 130)
(160, 209, 19, 0, 120)
(250, 79, 0, 128, 206)
(71, 193, 0, 0, 190)
(224, 53, 1, 9, 114)
(267, 200, 0, 14, 71)
(228, 68, 2, 1, 137)
(299, 107, 0, 10, 248)
(235, 175, 0, 3, 99)
(198, 212, 0, 0, 164)
(183, 135, 2, 4, 165)
(299, 223, 0, 0, 51)
(66, 211, 71, 0, 24)
(299, 154, 0, 33, 78)
(125, 129, 2, 12, 186)
(138, 83, 2, 4, 81)
(299, 139, 0, 48, 13)
(159, 224, 73, 0, 151)
(274, 224, 0, 0, 224)
(214, 152, 1, 3, 245)
(229, 99, 40, 1, 198)
(138, 224, 0, 0, 186)
(170, 205, 26, 0, 51)
(140, 174, 27, 0, 97)
(246, 10, 1, 22, 218)
(87, 163, 20, 0, 94)
(286, 217, 0, 9, 188)
(175, 224, 98, 0, 232)
(195, 206, 85, 0, 40)
(267, 224, 16, 0, 134)
(285, 224, 3, 0, 186)
(216, 172, 0, 52, 237)
(291, 201, 1, 1, 182)
(262, 57, 0, 2, 19)
(124, 24, 1, 18, 182)
(223, 110, 4, 6, 151)
(0, 149, 3, 1, 39)
(73, 153, 3, 4, 86)
(299, 149, 0, 43, 45)
(292, 192, 7, 0, 161)
(299, 136, 0, 0, 155)
(299, 65, 0, 1, 255)
(220, 79, 0, 0, 130)
(30, 219, 9, 3, 187)
(291, 216, 0, 0, 88)
(37, 215, 13, 1, 215)
(275, 146, 0, 0, 196)
(299, 187, 0, 32, 133)
(151, 211, 148, 0, 97)
(120, 91, 2, 4, 70)
(32, 224, 107, 0, 255)
(128, 202, 1, 2, 173)
(255, 79, 0, 0, 104)
(270, 187, 0, 0, 224)
(278, 154, 0, 0, 23)
(32, 209, 9, 1, 212)
(145, 175, 86, 0, 31)
(258, 173, 2, 0, 148)
(186, 27, 13, 9, 232)
(299, 215, 0, 9, 120)
(241, 101, 4, 2, 217)
(259, 61, 4, 2, 210)
(275, 97, 0, 6, 231)
(299, 218, 0, 6, 52)
(98, 216, 0, 1, 160)
(234, 11, 6, 1, 200)
(215, 196, 2, 2, 154)
(273, 78, 0, 0, 219)
(25, 224, 122, 0, 219)
(213, 223, 0, 0, 138)
(100, 21, 5, 14, 183)
(75, 212, 0, 1, 209)
(160, 51, 1, 3, 101)
(0, 0, 0, 0, 0)
